-1.9602344999736623,10.400715299237236,-10.987933983764437,-8.788302566795512,3.861371416362509,-1.5279723512023713,-7.595172284999924,4.797297845723817,-1.2940679082353963,-7.59741878035943,2.5989330259952457,-8.609053206622836,-5.675419685524378,10.81954541389313,-2.8415229104576225,-3.68213501746469,-1.3512388172290644,6.274560096296397,-4.031926495719219,-7.9322296869338285,4.87582408888396,8.647745514767148,-11.01040214653632,10.040157845907904,-11.750905593808278,-8.03450163895167,-2.6353093368355696,-3.1659264936529965,4.050160640135365,9.428091249786698,-9.899265564023944,-4.155045489406661,-5.278038387017373,7.248447375018944,4.623471710854515,-3.86773693508672,16.36314987662068,-2.3293565573991577,-0.6959964175606919,-0.8521990149321841,11.78566298247733,-0.548370733111752,1.49000543826544,-8.678986699667629,-15.490035206716035,15.890116450271828,-6.424149561145001,-11.487091155013104,-2.363104847798475,3.7811983011877794,5.038425969173575,-8.20742031933538,6.2469499050893145,0.07283477117902404,2.795223837031598,-11.179073729089414,-6.1455306900137145,-3.7468535129763065,2.117453606442404,-2.975755746236379,2.889134957398465,-6.285743188209505,-4.405395688861574,17.325870634040292,16.209596567938462,-11.00728089557002,-10.401950873277764,4.627139231590414,2.773972486603143,2.728362686156389,-1.7700401335718277,0.6894383208336112,9.549389120329487,3.86268716214839,-7.430029992271567,-0.1327868628125497,-5.812352260947577,-9.23526653938472,5.195698232581261,-4.422699672973104,-1.3234734735227596,-9.473345556892086,-10.34558565498846,-11.236970758546121,5.396149929427315,6.313007597832842,15.301801369761362,10.305448467369319,-13.436950072395854,-2.3229542730295076,-3.559549954799081,9.754405634319843,-13.561515846446255,-0.043213173883819955,-7.397751209161249,17.844253087271746,3.6521597195552324,-1.590741426870311,-7.534405062940454,6.471315382972341,-7.5821362756322515,-14.070007975724929,5.388481813776979,4.929603275637195,-4.723237909321597,-4.339772480519575,11.201260091048406,6.583548204325551,1.9021138498058363,-7.1645820103618245,7.725407656252759,-4.113739122263318,11.358890168824253,-13.5757169670084,5.413887015301462,-1.340538581502999,1.2937351595164408,-4.928263034181452,6.379941781741888,-13.044701244870406,1.4609490198273996,-10.928398552096498,-1.5989511965243777,-4.285131683115728,1.0935542335714779,10.382077769828863,0.4264669213796921,3.3603737534399176,-5.306985044185721
neuralNetworkClass 	class coursework.ExampleEvolutionaryAlgorithm
INITIALISATION 	AUGMENTED
SELECTION 	TOURNAMENT
CROSSOVER 	TWO_POINT
MUTATION 	STANDARD
REPLACEMENT 	TOURNAMENT
ACTIVATION 	RELU
COOLING_RATE 	0.0011
TEMPERATURE 	100000.0
TOURNAMENT_SIZE 	30
maxGene 	3.0
minGene 	-3.0
populationSize 	110
maxEvaluations 	20000
mutateRate 	0.95
mutateChange 	1.6500000000000004
seed 	1646684373006
random 	java.util.Random@3ada9e37
numHidden 	14
numGenes 	129
Training Set Training
Fitness 0.011976800862116084