-13.981985965043412,1.4940828275260625,-0.6521614913383162,-6.8137401219694205,10.635833166732976,15.448147707185345,1.5998019611385683,-11.395950782866134,-0.636809864384289,-4.8664903778904005,-10.853957806896835,-4.019816161108243,-3.329436887972957,11.565264578851954,4.7589296026388155,-5.764970293116575,15.446160243213408,-0.47270073784396516,-12.075231249574975,-10.421412376882886,7.329425456260905,-2.560553138199797,-1.2109889357038743,-2.1718723722890383,-7.568402951241772,2.7216845420028886,7.9676046204012545,9.729731563943652,-5.078494139773882,-0.47884357692452806,-4.961982287708732,-10.188558496087602,5.791126996354275,8.732258601000733,9.39105256665026,-7.408585108730005,-1.7857729113204854,-13.28302353585306,2.904642303261241,3.072690587316268,8.372778063614419,-5.477882857774268,7.8934044150418465,-3.7231271803609403,6.19963526725237,2.4920334270284563,-10.657200981067435,-0.8977567475927009,-5.87769265569333,-15.560111701696709,-12.795678089596105,4.987514756093416,1.5414719278537792,-4.682537178915442,9.558237811137715,-0.679357001830188,-1.0607791080938398,0.2629626262984148,3.1429379657995007,-5.447184178850907,-1.864154905272395,13.208231769127071,8.455085856751234,1.6609433446508781,2.0002988266177244,2.4912359594975833,-4.257709264892631,-5.052326116416019,3.6183109720405904,1.4966299761720716,2.5901279460562083,-2.6738344577016244,4.63343740458242,11.936677195706423,0.5479037219494467,-2.2924547291380613,-2.4498202019145943,-11.513257260973436,2.192638618978794,-0.8078096626294977,-17.875378963068243,-0.7459658477807283,-0.7016765532723244,-0.13832877822164336,-0.38314246871558844,15.835217536161897,-4.492421277932424,2.2263969217102333,-2.709162984614551,-6.742010805444059,-3.9545724281105175,-11.445292516810914,-1.0289637374744292,9.50363708588624,-1.6800313208850657,5.792361576780046,5.351744844271645,-5.677922007360838,-16.0276835176011,0.927069877367698,1.1535456001616282,-5.82218847013953,8.868250984384343,0.7609282908841948,6.882912950566652,-5.345316962997806,5.066600044341124,-2.5256918028505604,-12.025322122499492,-5.600698100187299,-2.4455456545487646,3.1979639339796826,7.733435342385393,-4.25258492501493,2.456892285317701,-3.344179146924416,2.5887996526354353,2.354487420187673,2.458972386952766,-7.200889447874783,8.290740644792809,-4.358805021322625,7.670326837147263,4.123222853213926,-4.604938737342022,-1.4835102864427938,-1.132231119681979,7.591847202056604,-7.074593901731307
neuralNetworkClass 	class coursework.ExampleEvolutionaryAlgorithm
INITIALISATION 	RANDOM
SELECTION 	TOURNAMENT
CROSSOVER 	UNIFORM
MUTATION 	STANDARD
REPLACEMENT 	WORST
ACTIVATION 	TANH
COOLING_RATE 	0.0012000000000000001
TEMPERATURE 	100000.0
TOURNAMENT_SIZE 	90
maxGene 	0.9999999999999999
minGene 	-0.9999999999999999
populationSize 	110
maxEvaluations 	20000
mutateRate 	0.95
mutateChange 	1.6500000000000004
seed 	1646684373006
random 	java.util.Random@3ada9e37
numHidden 	14
numGenes 	129
Training Set Training
Fitness 0.026408205746046656