-0.9679230279914123,-0.9474063544484242,-0.1081694787058114,-0.6667792377182766,-0.40421222744253904,0.2548011816847201,-0.5354598890392144,0.6918196391920318,0.7257946998939951,0.07064993689385723,0.11574422414222207,-0.9552897991969692,0.31070847640767785,-0.9894020272973242,0.8449115385650893,0.3330783366932656,0.8538415701982754,0.1661889411080545,0.5106285785237669,-0.4502331556722263,-0.8000409961381819,0.014177127401262868,0.709151899016404,-0.5431860515725411,0.5414270494230099,0.5727439750891087,-0.6410015401086457,-0.4476412037422237,0.9330075540534307,0.1555059501947541,-0.42696243844895476,0.24786708097425436,-0.724936608696152,-0.23894156966298863,-0.7844959181679255,-0.5430056749089256,-0.341348205705565,-0.3549514535808054,-0.8251917937332579,-0.8861713030936856,-0.6882613547129177,-0.35444094267495907,0.5687885215871457,-0.28551911011846975,-0.23961972611667637,0.4688587514539647,0.304741427235628,0.3865942775174268,-0.3931326292832349,0.9500544231027656,0.3387009011084646,-0.5242758646499592,0.8790413787297079,-0.23602071496221733,0.4428120508512451,-0.08871352019606871,-0.9900975178592227,-0.6578334084513255,0.08759537809956652,0.03693386101978746,-0.8275168457013701,-0.1843810865227158,-0.5950552640916602,0.4245174695637174,0.9292410214893955,-0.4998376719135884,-0.7223310717637554,-0.8610113976058115,-0.8572943751870207,0.2625927083802432,0.3636625356413298,-0.46317215905890885,-0.703625137925771,0.8766361461937487,0.630120182532702,0.7260904519746146,-0.3662748686834363,0.33981420752632896,0.11132102335903882,-0.0654921012869778,0.8942399279374303,0.647678585041643,0.8544003734046562,0.22616657628335546,0.8188433187988352,0.2732825510300473,0.10379175472619695,-0.30137502104442926,0.6044054927609815,0.08768512175585175,0.03260962777276799,-0.7848901013637574,-0.5740288232990629,0.4998621463243448,0.7497674748283604,0.6249136871723092,-0.3061084680349082,0.15683895099232348,0.8230693811361612,-0.5224901631575283,0.3057086356775939,-0.27049797017683397,-0.9453794534216907,-0.7121707484994733,0.4225336598377346,-0.27368998222553387,0.9572537746518736,-0.7310553478979456,0.7417273212410503,-0.5442933286524587,0.23853711976790415,-0.9834536232851191,0.5892439545467271,0.2621825477971397,0.3222588956284941,-0.8043986006479257,0.41944078096238646,-0.3787316720226006,0.8572076499219757,-0.11727507908604196,0.6382238170495572,0.5982411498017813,-0.45694576318552094,0.916865403771126,0.2646395514445826,-0.444315985553146,-0.7046751743197868,-0.381321220944828,-0.4680123269387664
neuralNetworkClass 	class coursework.ExampleEvolutionaryAlgorithm
INITIALISATION 	RANDOM
SELECTION 	TOURNAMENT
CROSSOVER 	UNIFORM
MUTATION 	STANDARD
REPLACEMENT 	WORST
ACTIVATION 	SWISH
COOLING_RATE 	0.0012000000000000001
TEMPERATURE 	100000.0
TOURNAMENT_SIZE 	90
maxGene 	0.9999999999999999
minGene 	-0.9999999999999999
populationSize 	110
maxEvaluations 	20000
mutateRate 	0.95
mutateChange 	1.6500000000000004
seed 	1646684373006
random 	java.util.Random@3ada9e37
numHidden 	14
numGenes 	129
Training Set Training
Fitness 0.13475054183161964