-2.5570591402008365,4.327675903054136,-1.475172724014996,0.24091107463693007,-7.468347431673499,-3.2786521089539855,5.528422469246944,0.4286943300777928,-3.5957162853540208,-6.311549491557309,4.61445507507562,5.714507958656465,-2.636166024038425,-2.890442580791867,-2.8877695507707983,2.9127194575499598,2.993718581229764,4.536110129041891,-3.492246687641848,2.266137300757837,-2.1694903309652105,-0.2288751960734059,-2.2968277021206855,8.843048155993493,2.790173181322973,-10.434840543957655,2.5939488416667587,8.515252237859045,-4.788295254223685,1.4311904234266493,-8.709262710338345,10.444776008542396,2.417615563406166,2.2644714866579374,0.967264688014307,2.458102410999005,-7.136234344803935,4.823367261156964,5.407292868546273,0.47543767749184607,-5.5384106536921385,-0.9654223585566131,9.553043683658103,-4.311295250744811,-3.896196729571674,2.9310909673911008,-13.175735500365418,-0.1043780752543686,7.660236629356203,-9.136376459747265,-2.668592618024821,2.248401180399938,-3.316532801448165,-6.803770620064042,5.798194661925016,10.114270178581775,-3.475504106628371,2.9541799656085335,8.238136103849452,6.171193964943832,-2.643261158795551,6.137141580334613,-0.20363404597306012,-0.5741544005320796,0.892161792146847,-3.906904296419679,6.272457781764022,2.392044812810842,5.896430206221405,-5.781628601301282,6.581678134959464,4.456558547126207,2.120494739888567,-1.3434200419005506,-2.5085659956004775,-3.7646751416885893,3.064076476354547,-6.035834869366408,7.8864648318026,2.6368381284916627,-2.977931598738694,-7.157298390045957,0.42063043519346266,-9.149396514498989,4.987909558819025,2.0079997651990453,1.754938797564228,-3.332763690090842,-3.251458396300177,-6.826506938905331,0.8607581748185904,4.56296437599141,1.7036001299864845,9.270309118084494,-3.716047789010368,3.4449508310447197,-4.672957981328825,-2.941154198615912,-0.9800250155288266,0.20503484905231417,-0.287544198697415,2.656595822970333,-0.008239947689223648,-3.831841723464086,3.8538505902446225,-1.585614159247069,3.4015326270027835,5.397915927297564,-2.138236855734668,-2.2318828436006424,0.49447380662137963,-1.2146602569389326,-1.7499269705297813,6.025516546226109,3.9264590192690365,-0.4517977176661576,2.4519599041409883,-3.6826694519335117,0.5698934841714278,-7.143209676258493,-2.516014837546373,-1.7001858789446773,7.620961497432438,7.028278554892916,-7.824673205717032,6.440288495286438,2.338404449308002,4.445499004980604,-6.885257570761963
neuralNetworkClass 	class coursework.ExampleEvolutionaryAlgorithm
INITIALISATION 	AUGMENTED
SELECTION 	TOURNAMENT
CROSSOVER 	TWO_POINT
MUTATION 	STANDARD
REPLACEMENT 	TOURNAMENT
ACTIVATION 	RELU
COOLING_RATE 	0.0011
TEMPERATURE 	100000.0
TOURNAMENT_SIZE 	50
maxGene 	3.0
minGene 	-3.0
populationSize 	110
maxEvaluations 	20000
mutateRate 	0.95
mutateChange 	1.6500000000000004
seed 	1646684373006
random 	java.util.Random@3ada9e37
numHidden 	14
numGenes 	129
Training Set Training
Fitness 0.043167430501688114