0.8625076779180563,2.060249424064782,0.5388362615689886,-2.5256753894876285,-1.5038728633612555,-0.862655303254833,0.767201797471758,0.36515854083651433,-1.8842650272887034,-0.7149048947886385,2.0035963348141372,-2.2824682797660096,-1.2609285752822008,-1.267277729036471,-1.6388357798252207,-2.74206747129222,-0.4045937969725495,2.9579625504169673,-1.5038728633612555,-0.40155388500823896,-0.7000161382560797,2.667985916112608,-0.0636700452235015,-1.9927686349300977,1.5786730983303974,-0.6964065550626186,-1.8597395351861512,0.36997108666526657,2.9316266115589515,-2.512758488751474,-0.5563511328552986,2.8619950048709395,-2.319106312841879,1.1038170685089002,-1.2339616528622268,2.4758246407664197,-1.8613385129132267,2.514328246592549,-0.2378108391570124,-1.7706091117385618,-1.583991491436543,-0.9192537589834187,-1.780923189584591,-0.036128129485010874,0.5388362615689886,2.8223313607809795,-2.265616027639603,-0.7809982634021191,2.5029729486301076,2.1377864734905208,1.7951792858269995,-0.2724589864229734,-2.888115039698091,0.4015814929346426,0.0655030128802041,-0.815910190411266,2.2363475932532157,2.987997945654646,1.5835178464643889,-2.15946047711714,-2.447354257102413,-1.3670408542118502,0.4015814929346426,1.7487251184903485,1.08082005354035,1.668979737111668,2.1627047309258502,-0.40155388500823896,-0.6844042243918409,-1.8591109396874863,-0.4555437495411061,-2.568017968408112,2.1627047309258502,1.8847386211802926,-0.6964065550626186,0.9887268093699175,-2.9323894734219786,-1.0928865434417199,1.0288297620985238,1.052603388776773,2.6017917328063227,-2.654480003133921,1.1563202241865982,-0.772817306186619,1.0038306963677819,-2.319106312841879,-2.363212558985797,2.775893542240355,1.6691883479836438,-2.4690712749063155,1.08082005354035,-0.5112514475878571,0.14430384932470908,-0.313338696137512,2.4895545492285853,2.359809265624836,-0.8980131299214831,1.2765142675728853,2.330619045412859,-1.6662318185023985,0.29056285054280107,1.231277361324814,1.1020653034766106,-1.967610178906586,-0.7809982634021191,-2.0667667819461455,2.0323980401778714,2.297656395261285,-2.996469778027823,0.6302397465419958,-2.245374548420932,0.7411050787817688,0.9983922168262174,-1.4583244183830182,2.769903203930232,1.3945775734810688,-2.1357286172074605,-2.879243321567673,-1.5104750025074263,-1.2609285752822008,-0.7149048947886385,-0.47307975444530204,0.7168703375996426,-2.2345031031406846,1.1179091908579384,1.0761383057056424,-1.3214203205196147,1.7689477316324176,-0.9003586954092464
neuralNetworkClass 	class coursework.ExampleEvolutionaryAlgorithm
INITIALISATION 	RANDOM
SELECTION 	TOURNAMENT
CROSSOVER 	UNIFORM
MUTATION 	ANNEALING
REPLACEMENT 	WORST
ACTIVATION 	TANH
COOLING_RATE 	0.0011
TEMPERATURE 	100000.0
TOURNAMENT_SIZE 	90
maxGene 	3.0
minGene 	-3.0
populationSize 	110
maxEvaluations 	20000
mutateRate 	0.95
mutateChange 	1.6500000000000004
seed 	1646684373006
random 	java.util.Random@3ada9e37
numHidden 	14
numGenes 	129
Training Set Training
Fitness 0.1001187800839033