-1.268769644303176,3.9990837019677015,-7.167118852191623,-7.52379870274738,0.9740486425854025,9.557875087414658,2.563472996939452,-5.720160393769381,5.014778647383654,-7.5525782241134705,-3.6355806363983865,0.5310824047431879,4.893922070617133,-3.3186674812647396,-5.45243398277136,-8.082305911387461,6.842701321921208,-2.1144154486609503,-3.6172167682109997,-4.114330563472902,1.6806260803259585,-10.63803319711861,-0.05966860738405888,0.08114934375799798,1.0585625815777033,11.40194672344127,0.9358053437227651,3.2574003384806165,2.7262037448716665,0.3223298664539147,4.846980002431443,-4.905402614684464,-1.2819360666236337,5.306200163392724,4.405867169446041,6.429764095527877,6.379864401546731,3.257231949361077,0.040773702866990114,1.781328452689177,10.391155617813492,8.262577366526166,-0.04785906623699088,-11.653885519210853,2.2677579193457227,-5.478359249919008,-1.247577078876998,-9.710049889457638,11.867835293060814,-0.9148389316402179,4.209252535099772,5.983928034304832,-4.821844452947467,-0.2263652869232784,2.1901236702243896,1.4942189683289433,1.0473188081592717,-2.4625342186256685,-7.246696904484921,1.7016938401366,9.310473304115416,-1.0666525707437406,-4.198827030151345,-6.029027802502905,2.91527471599247,-3.7715211842712657,10.171185679688383,-4.555627396407959,0.7615738989316059,1.2688402321285857,-2.7014024318594423,3.129599443828755,0.26380633136670895,3.6848497105838858,-2.8933634853197985,2.368363446740277,3.060289618816662,-4.130157938388208,-4.923764468998339,2.128987439880717,-9.51612911607775,-4.458586014780687,3.268956488333039,1.1844132864594004,-0.40140251758549716,-1.6672079758844784,2.148206979637166,-4.844619805132386,-2.077677344256969,-10.201510891567658,-8.947159574734947,-2.7330901493111934,0.5828887858988709,-9.794376770884552,10.161212782889116,2.0970876480982765,-0.4167325370812538,2.1381318587586646,-0.1822461030653333,2.840492615981904,-2.5462314194468245,0.55322668360327,0.3280970828070253,-0.37301536487450715,11.472166399106715,-6.570959094013024,2.0002918013741104,-2.2825783061478093,-3.90217721256544,0.3045294883920793,-2.906387584718453,3.9287331868311934,0.3561256192021096,-6.112703575987839,2.1079585137735393,-1.2533596651838366,18.24979049836589,-0.14537231771753767,-2.656675578220704,-7.309830123503419,9.238811288158036,-5.827379300389945,-3.357193340166858,1.6354696024110966,-6.272670428707131,4.457910615574752,-4.133406650617476,1.9372921738523985,5.473424550814241
neuralNetworkClass 	class coursework.ExampleEvolutionaryAlgorithm
INITIALISATION 	AUGMENTED
SELECTION 	TOURNAMENT
CROSSOVER 	ARITHMETIC
MUTATION 	STANDARD
REPLACEMENT 	TOURNAMENT
ACTIVATION 	RELU
COOLING_RATE 	0.0011
TEMPERATURE 	100000.0
TOURNAMENT_SIZE 	90
maxGene 	3.0
minGene 	-3.0
populationSize 	110
maxEvaluations 	20000
mutateRate 	0.95
mutateChange 	1.6500000000000004
seed 	1646684373006
random 	java.util.Random@3ada9e37
numHidden 	14
numGenes 	129
Training Set Training
Fitness 0.02189529498065697