14.695358281930087,3.444099537485506,0.02269122806547008,-14.895423776238372,-3.396492205111268,14.822661912354505,8.26883085890369,1.3733422615448552,-5.578896565432168,-5.994637102618817,-1.150210127304141,9.750152461789847,-7.142714118014349,0.5250958735655527,-1.279970033140525,-4.476712261242872,2.5015896017228254,-10.455783385822196,0.2499888975990885,4.961045104276539,4.672120335478052,2.608600236550431,2.4739980143161526,4.536486793717931,-4.141673160472352,-1.490246146428563,-0.15437008819454778,8.504867443145784,-1.159027140942774,5.547258419502464,-7.217113312208385,1.2180067601991484,0.2683980565353865,4.639672084880702,-3.4616267908118834,-3.0405206572756334,-12.010357722450951,-3.562113075375076,7.769832043879251,0.6966088346245969,0.9664907813995094,3.2257901091687016,-8.298345631016756,-11.93014340388173,11.88298326620949,2.3989393610819687,-18.491785613314498,17.039809109056613,-6.132587075778954,-11.73217670679664,-11.697393305920862,-3.6134234607780824,0.47582775331429206,1.7506357566623425,-9.007895110544307,-3.6689775777822016,-4.729971154127101,-4.161147947689174,-9.38560974503108,-0.8156433973200952,-1.6054542761399953,7.237255833368638,-5.541164149744646,-7.030269586090572,0.09105421773021849,-7.964076792716383,14.179864038078527,-9.447165081539168,1.8476834262427548,5.9775318152525605,1.587132835030681,0.3931092896795856,7.977147103703909,-3.485780339270449,-0.5249633533500155,0.2892794378454988,2.326615843842458,-2.108419975145791,0.5567452849909329,-2.86994628098413,1.031231556535422,8.465737615691744,-4.329263342649333,-6.027087602388657,15.26965174630325,0.45905795415305084,-6.181985487811341,3.536037693630477,0.5639926354648774,-6.7465922793011766,-8.54656285798483,-0.0994597878022967,8.119277958920367,8.113233875917786,1.8010647214674824,4.144746310420667,2.7564802548177734,-2.9259014852903773,4.216172909592045,12.888172454686337,-14.147768700965226,4.563157961240497,-4.580693704422422,5.134918098678481,2.169757596674954,4.773938869035669,-7.394510775467025,-2.5566781627753636,-6.4629154950786765,4.011120940962161,-4.840562258412066,-6.764165416954791,-7.7249651500675816,15.401896950339655,3.3728564886795995,-3.1623315486053554,1.0115350978100643,2.4325880697808357,0.7626345966223198,-6.0926041475817305,3.515221997258851,9.781304324043095,-15.12100798782982,-2.765221474873628,0.959082921381261,6.323296889441228,-5.160888532469425,-12.981783811199524,4.058841009926062
neuralNetworkClass 	class coursework.ExampleEvolutionaryAlgorithm
INITIALISATION 	AUGMENTED
SELECTION 	TOURNAMENT
CROSSOVER 	ARITHMETIC
MUTATION 	STANDARD
REPLACEMENT 	TOURNAMENT
ACTIVATION 	RELU
COOLING_RATE 	0.0011
TEMPERATURE 	100000.0
TOURNAMENT_SIZE 	90
maxGene 	3.0
minGene 	-3.0
populationSize 	110
maxEvaluations 	20000
mutateRate 	0.95
mutateChange 	1.6500000000000004
seed 	1646684373006
random 	java.util.Random@3ada9e37
numHidden 	14
numGenes 	129
Training Set Training
Fitness 0.02545278808700364