1.6042742088783406,8.699111021560938,-7.668668211903407,6.649765895414147,-6.795556444165598,4.490467477256722,2.335344179917584,6.045917204919741,-11.11183223553459,4.759838219528255,-6.184605314143788,-1.3580117403689749,3.283156950644406,12.092030831653204,8.36699541928783,13.412153205217086,16.630447755913917,-10.49563091884253,6.904946393933953,12.50381620673884,-12.098826604693421,12.65113821521626,-1.4744016144430194,-15.06079009255883,-3.5903965642530933,-5.358559810848268,-9.359310548351083,-3.736415212646426,-6.442487196464127,0.9510523597648586,-1.3043301911284022,10.86186616773656,-4.7965099893527565,-0.2820345642026414,2.9885454069769137,3.700713899931671,-6.9085144520973625,7.135654466395044,4.422576634254536,5.599001740871607,-3.323507478568969,19.527647912747433,8.46220622340261,2.926435151372231,10.985868573349073,-14.293772967394721,8.056141530005041,23.607600307441473,-1.25343865496047,14.924042575296253,3.9151079300638276,-2.9806284835017065,6.312299528190955,-5.515140890340813,6.027426058364071,7.057885267466226,-10.097109072694922,9.60857044802935,-4.960201077740445,-2.2647160330915987,1.7585741869667153,-3.7002839496938993,3.246661175604989,1.2821859812809802,5.386529214205012,0.4204323773586678,4.391316580406533,-2.1811060915171554,-5.3823457488620825,0.0913929580945414,-6.02869551333588,-2.110535411474231,-12.610411406705602,-1.2940061429268406,-1.5759522999166142,0.3868912635165245,-5.594637993395114,2.253512371501006,-2.8664981641418956,-8.169814423051175,-5.339768391950415,1.035917944610861,-6.980797427001111,3.175000769146111,-8.774765882718995,-0.40083130264103684,8.479302742770168,13.494557443316738,-8.409805882075457,11.081846503232226,0.16240881024702247,11.539340214223882,12.123123797566324,1.5460541322305499,-7.599611698453751,10.95461584075003,-2.0079902156840106,8.680049379591193,0.23125821939544888,3.4292708379434043,-1.154546229591074,12.584338524552855,17.052042797833792,-0.6616256251941657,7.195020064556958,6.083684832089884,13.042250494429805,14.896183636245004,-8.332907581481788,21.102022516626285,1.2185242695211658,0.17432388036347302,0.4037509664410823,-10.867877550659674,9.2129285352489,6.108742738448612,3.2335600309530825,5.326828628782323,-8.72059165325005,-3.8351148404304265,-3.240349774038849,-10.486878720096193,-14.449280759266072,4.75868981856113,0.1954486489255487,7.208557397130177,-11.310213490250504,13.765682209457788,-1.5495199355540654
neuralNetworkClass 	class coursework.ExampleEvolutionaryAlgorithm
INITIALISATION 	RANDOM
SELECTION 	TOURNAMENT
CROSSOVER 	UNIFORM
MUTATION 	STANDARD
REPLACEMENT 	WORST
ACTIVATION 	TANH
COOLING_RATE 	0.0011
TEMPERATURE 	100000.0
TOURNAMENT_SIZE 	90
maxGene 	0.7
minGene 	-0.7
populationSize 	110
maxEvaluations 	20000
mutateRate 	0.95
mutateChange 	1.6500000000000004
seed 	1646684373006
random 	java.util.Random@3ada9e37
numHidden 	14
numGenes 	129
Training Set Training
Fitness 0.015486732158258795