-2.8076696918159376,10.138806460416044,0.6174453373530193,-8.816632656644785,1.277405424707153,-4.4455436030993845,3.7724497531038477,-10.365884491744117,-10.518518337950384,-4.1864909902175285,-8.968601340935166,-13.047517901068494,-8.553082810721978,17.15915279757985,-3.2331121129575893,2.3849090234118826,10.954512461136206,-4.086292096813713,-9.311692433137296,8.069845184511392,11.535882399311745,4.986252695127974,8.949396841877446,5.363108812956257,-2.3931627395799087,-10.207063143849448,2.306051002939938,-6.946653293294423,22.890620922080366,-16.739184484881918,-6.091331299463056,0.14582906791439232,-8.143130655783457,-2.3911273776246587,9.800921672085103,7.955146721029299,1.374440374205491,8.238769061333599,-4.390513598791683,-6.656488952503514,-14.35511987834578,-5.034956093108205,-28.403256579806317,-7.461702097537627,16.903881136787703,2.9166423218846553,3.48755614476537,12.592666958843505,-3.3152000361862495,4.089646017672646,7.716927506579053,3.9247384548757482,-6.967607570883505,-5.0864401739499225,5.69972496358358,4.927265964283309,3.9770021935059687,6.958595457372441,-5.325803210105374,-11.432952134009819,-1.3280731923547684,-13.798841982357498,0.06457348240569338,4.217048703188316,2.3980847156170277,-5.896730795284776,12.271122983479636,3.5772773963841704,-10.720688311620876,0.6024727636967526,-0.7082480596736414,-9.281140197416121,-4.388989981278826,3.3363776326210868,21.205464916494854,1.6776125444478414,4.558045590161688,11.064669479944397,4.408538212800596,-9.119155562233171,1.2570875034901245,0.07759294296191932,0.5923105267107971,-3.163962712102479,-0.47462211974831625,-3.256425000260405,18.237043282847274,-3.5075232111304615,14.282219888692802,-13.800162310613981,-3.6306536823566713,2.0568276503896126,1.931267526964664,-2.9714834754344395,-9.758785191914965,-14.39581015384578,-8.421034130416862,19.19104565220986,13.791525997351922,-9.409834684452992,-16.475742206216175,-5.186480181722924
neuralNetworkClass 	class coursework.ExampleEvolutionaryAlgorithm
INITIALISATION 	AUGMENTED
SELECTION 	TOURNAMENT
CROSSOVER 	TWO_POINT
MUTATION 	STANDARD
REPLACEMENT 	TOURNAMENT
ACTIVATION 	RELU
COOLING_RATE 	0.0011
TEMPERATURE 	100000.0
TOURNAMENT_SIZE 	10
maxGene 	3.0
minGene 	-3.0
populationSize 	110
maxEvaluations 	20000
mutateRate 	0.95
mutateChange 	1.6500000000000004
seed 	1646684373006
random 	java.util.Random@3ada9e37
numHidden 	11
numGenes 	102
Training Set Training
Fitness 0.01101544617347709