8.03923313416388,-2.1503911646343603,-10.730724776107731,-7.853689044299662,0.45775241143970113,-7.706587148558629,-6.379557277449449,-5.039506722382729,2.447124995867221,0.7201379413545226,10.847612689771825,-4.254258990412813,2.233960712730953,-7.312678739880264,9.374858443318406,19.741085863539446,9.199268650358135,-7.9309146741081715,-16.016055652303503,0.5287696780170652,-10.338415352585121,-13.632320605578066,-12.650258088605648,2.910571901298945,8.664809043104857,-23.47840799115017,-0.4648636231830334,5.302567958515386,15.84798867874103,-3.700985715645471,-10.62968181067962,-18.86107049344337,-9.519176512105924,-3.5876606149458556,-21.700663798873798,-4.610745912193594,6.953783479083244,-2.506906014636497,17.38131360678954,1.1265411462526629,-7.091142448514184,-1.0881854947036897,-2.966559001946539,12.125892862160036,-9.59832962887571,-3.8546596486273224,-5.957511768048095,-1.329022004503173,2.2527689539943028,7.029305042560299,4.980568456951764,-19.41134312558622,-0.20138786482879034,-2.829282169269602,12.007366052240142,6.363025178111343,11.043032768026029,2.820131898987869,-2.9749700975256417,7.898492885778767,25.787676248666315,2.1150099296573552,11.473411555642901,-9.242625159290627,8.285153016244932,0.5555065211291819,-7.9876802132856675,2.8908270560988623,-11.188623496592783,4.560991476736769,3.083939767806763,0.8628264812659943,-8.556206072542555,10.130254929639925,2.0325558415846174,-10.964755265005879,-2.4900488803111447,-22.759562306171297,4.380196863939206,2.137932346852148,3.9360650924033456,5.519344517895866,9.86580974849942,-10.358915348608368,14.828015856560425,-4.637095425566612,-2.5979498044305647,4.378023234158944,6.157400504835866,21.19415327262626,20.837764896712088,7.934882622729566,1.2489573437357357,-0.12777990032964048,8.035722750076019,1.2295550555814296,-9.386533063928841,0.5094159958220548,-15.715861818356052,10.795603414343638,-10.69100240191588,1.99162155285752,11.257012179439057,0.6177111021577861,15.98154086863129,11.121788924456148,4.872304605029907,-17.11640077691706,4.728890229194615,-2.4315205983699,4.21843035489904,-13.82680039382613,-7.575209892287006,7.6009660308706675,14.228561672918614,-7.650769847689949,5.533313528528899,-4.810474654209726,-0.37546230058387664,-4.502623388019362,-9.286730827771343,1.7205405049336555,-3.9595360075877384,-11.890456769596282,-0.31347715639867246,-7.457878708980208,11.754645667390541,-2.3469015079049527,-2.7097982748259586
neuralNetworkClass 	class coursework.ExampleEvolutionaryAlgorithm
INITIALISATION 	AUGMENTED
SELECTION 	TOURNAMENT
CROSSOVER 	TWO_POINT
MUTATION 	STANDARD
REPLACEMENT 	TOURNAMENT
ACTIVATION 	RELU
COOLING_RATE 	0.0011
TEMPERATURE 	100000.0
TOURNAMENT_SIZE 	5
maxGene 	3.0
minGene 	-3.0
populationSize 	110
maxEvaluations 	20000
mutateRate 	0.95
mutateChange 	1.6500000000000004
seed 	1646684373006
random 	java.util.Random@3ada9e37
numHidden 	14
numGenes 	129
Training Set Training
Fitness 0.023312557175963207