6.102505143137289,8.03043168455813,16.24984230987861,-0.17451232570156616,10.343168790480975,10.37075704899968,-6.789261797989431,4.321616015814374,-5.325532345422723,14.437412431057913,-3.1111754211217697,-3.858528690980984,6.644586280328165,1.2638650049059024,-11.655708893952703,-5.6147175151664275,-10.570924365813587,-3.809280762352822,2.0877688171791,5.907513001313827,11.301822587947289,12.068013746734495,-0.7541723120877126,15.572916536232345,7.598936465079381,11.85865332715626,-16.280941706825804,-1.4268988933867774,-7.2586998217718275,8.563798024361814,-3.579291005422733,10.58771912842276,18.49540869565704,2.2891153667123936,11.149536466533922,-0.5460479297912366,5.677608691333317,18.78571385164038,-14.94792120397185,-2.848875367425986,-4.123377165883422,0.8027764499271566,2.915584335698929,-17.170369182046983,-3.7847331127534236,7.090455665730628,5.459355271513905,-11.232150513419947,12.1564279215286,5.4537027662577025,20.463753396378692,1.8965892512519869,-3.326400223818723,13.357310727787535,-0.9649034074738587,-8.076039814987183,2.909014967385028,-0.9804380934169359,-1.9488383022715743,-6.775570045224882,2.832637733791361,-19.093520970172726,-5.884008949040848,-7.575819641387801,5.443025331714156,-1.2492104979148717,16.474186900346158,7.8207413053525165,7.366293562646874,4.019320726737653,4.543860979994733,11.668236773696503,7.3121582169241535,-1.9103466650353695,2.17389083990874,6.440438198099404,8.136260212469754,-2.6785290299489093,4.315119229537562,-3.0978202248895528,3.435714941553436,-4.879848275753458,6.966616917546972,-10.774452454456874,-2.17993928189315,17.689757303881457,2.867115281646168,2.330617920807078,-3.047483471832771,-7.390314573731025,6.948194865482082,-6.838624686108691,6.896692933625721,-7.7561406344669575,11.399808560791048,6.92580246579101,5.7816341104214715,-12.296561085663264,-0.9798086072956789,-6.815006686556815,1.1133043318992453,-7.366353635892537,-2.3187940203184487,-2.4305001211025505,13.563366679876674,-0.37696708477774266,10.318769497544954,7.545994694352853,11.094401514947116,1.960550922872934,10.756880958937689,21.14333179301847,-12.439878620548328,14.876988525598883,-10.198366837182817,16.261641749306555,3.0886539347401705,0.37368774477681477,13.237154593248048,1.2334305113921609,-4.953910851955111,-2.7299063938066244,-12.546981008985437,-3.882551210591993,-12.457414273821204,9.40703248569272,1.54295569926974,-3.0751248723728537,8.593572629308891
neuralNetworkClass 	class coursework.ExampleEvolutionaryAlgorithm
INITIALISATION 	AUGMENTED
SELECTION 	TOURNAMENT
CROSSOVER 	TWO_POINT
MUTATION 	STANDARD
REPLACEMENT 	TOURNAMENT
ACTIVATION 	RELU
COOLING_RATE 	0.0011
TEMPERATURE 	100000.0
TOURNAMENT_SIZE 	10
maxGene 	3.0
minGene 	-3.0
populationSize 	110
maxEvaluations 	20000
mutateRate 	0.95
mutateChange 	1.6500000000000004
seed 	1646684373006
random 	java.util.Random@3ada9e37
numHidden 	14
numGenes 	129
Training Set Training
Fitness 0.014912534071897755