-11.0711530359994,10.168779924769115,1.3968637093566576,2.9032247374405267,-1.5477787546403938,-12.897749878664497,10.565263810698292,-5.644097748224626,-8.539398508235703,9.711360133088263,6.994281798351574,4.456737022693224,8.886045948954383,3.614357443477612,3.615241801979927,-7.70624867279855,-9.224308163163357,4.122275149317561,-10.479561157165575,0.16108317637121328,7.225488284354734,16.1616727751041,3.0948621122015796,3.3277155479258074,5.268635750056003,-9.608585848827609,21.80108166308328,8.484975165835277,0.18625026714923898,5.196522506813642,0.23071315685498028,-2.024816877269954,6.133939341343814,-16.65979245754697,-7.869201922099487,-2.3293685745754216,2.9416536733415564,7.640701544955653,5.595859737379005,5.2763629316679905,-0.9046568291899675,12.812588316179156,-0.3636855909730965,4.372022818717685,-12.302373806921704,-4.477141097037977,0.49134199941038315,4.987351731937981,5.080844912713699,4.959972280277598,-2.600758618888701,4.322683630163294,3.4095573905226697,-6.950255062703027,-0.6792846925811613,-7.369888832711215,-5.589314354406893,-1.4750550492848244,9.380455923173095,15.862776156519669,0.558211981399003,-3.1839919559074428,-9.350180195462778,6.429041285027488,-3.084512529919513,-5.721658580598524,0.7883057739975898,-3.994905191315695,-10.098111233252277,-8.04276937815752,1.793968269935073,-0.1861623553225673,2.451730357081783,-7.535592685322175,-6.4671744850114194,-7.680301303315864,8.67201242149152,3.200887064728171,7.224736259273417,-3.031678818953691,2.481755078470271,14.558728458118441,-5.941850184668807,-15.983140095191182,-0.8206559823393853,-11.330083591730824,-6.41145395368434,-2.1950737482765366,1.0854798100502414,0.14361630727976804,-3.904686280016703,-1.7919862972550584,-5.7019989875468,3.193593241238065,-4.920770799401358,1.5945357188421525,-10.47898144465953,6.105637726897239,0.4776250947963465,3.124400537199243,7.844471284577807,2.0303868680263166,-3.2432433182669342,3.381350596189618,12.701388130567564,0.4599747029504009,5.860798388731665,10.523084574653671,-3.88119086726579,-0.09250511650000082,0.904322581638457,2.112481010436886,-9.045508095877697,4.556303570275867,10.890036123874047,-9.089961047335208,6.075203497022203,2.331738954061006,-3.4840292023867443,-10.938054126539233,4.133566539130899,-15.129120408333597,-13.393753129122612,-2.7900171767252258,-6.060898376731135,-16.62348928961154,-3.6430494559722977,0.1787703838145882,-11.954718860611829
neuralNetworkClass 	class coursework.ExampleEvolutionaryAlgorithm
INITIALISATION 	RANDOM
SELECTION 	TOURNAMENT
CROSSOVER 	UNIFORM
MUTATION 	STANDARD
REPLACEMENT 	WORST
ACTIVATION 	RELU
COOLING_RATE 	0.0011
TEMPERATURE 	100000.0
TOURNAMENT_SIZE 	90
maxGene 	3.0
minGene 	-3.0
populationSize 	110
maxEvaluations 	20000
mutateRate 	0.95
mutateChange 	1.6500000000000004
seed 	1646684373006
random 	java.util.Random@3ada9e37
numHidden 	14
numGenes 	129
Training Set Training
Fitness 0.020238107000693208