0.9887692115741791,-3.1680229059914904,-4.16222296592011,-7.570004162321149,4.660098039202561,4.568368521151552,8.243713609166726,4.265522432172108,-11.1805649445696,4.803178083388712,7.437939439076578,-2.065399789987322,7.522522450220185,4.545128517396988,-10.884389069679974,-17.60741897178837,3.7925413742712424,-5.3247327887114455,13.07194674584881,3.0714585873340825,5.020399432188237,-4.262298399037247,-6.314392936324985,2.4595716185432543,4.547042002023177,-5.673667256295291,-3.1112216108325743,-3.3467737561717286,12.563617900337684,5.298239105880776,2.261159686780733,-4.645553811984797,1.9899321899921674,13.128348301358214,9.153403302315969,1.6167905564091978,-9.246263267992653,7.491514844253944,0.3014255318081407,6.006414523240568,0.2430110312153344,8.467111954164947,-4.61364227231322,-12.151716682114529,-9.259499997596752,-0.44227620470674545,6.4757720339319755,20.917682470556308,-8.625616213327419,3.697513862813693,7.7001734243562385,-2.8850962652976984,-2.668938568115518,-9.102673046206231,-11.375392864293802,-12.023780623422684,-2.624356032374793,1.6825672730191177,0.31859463492727524,1.0269908319694698,5.862857507887331,11.726379345263373,-10.341533708550461,0.3729949204464411,-5.554329330241093,-3.7353571240270877,2.4645197822912257,-6.64621759848808,-7.898935077548771,-5.999221673323092,8.281294486311648,1.447119847187249,2.0919807898808225,11.867341295856994,-8.79739289203664,0.5162981874728985,4.121580045022373,-4.142128361238642,-4.426140859910968,13.082329783080423,3.6605712185166626,-8.823555343284912,-0.8775200902802576,-1.1192162253461753,2.290459692480783,-9.426140040500066,-5.576766993137632,0.1282501740457178,-2.544809763173813,-11.801618859819502,-5.601529007478845,-2.3738456506640633,-0.899242257880692,4.785433827092099,11.234283253448643,-6.930122361252698,0.30697584868866556,0.34464263699009745,-1.4881583224726782,12.858875021285257,-9.572302032892546,-1.125918574506679,-3.8908940381497725,-10.581282568566674,-1.2946031657917088,0.190591326032175,-2.0785851509232938,-2.351285850226633,1.5131185789416444,-8.038496341396728,0.030341210514262418,-9.150986039743595,-16.24856525277046,3.8070943450850985,5.918557339731655,-8.741190553143987,10.290126934165036,1.864576269580608,-10.715691975712161,-2.847489386082339,-0.5060536464984144,-3.786577836523133,0.7524524296652038,6.993482183154855,-4.541097830263848,-6.091704523943513,2.759896806574023,16.135178211665597,-2.739859872377104
neuralNetworkClass 	class coursework.ExampleEvolutionaryAlgorithm
INITIALISATION 	RANDOM
SELECTION 	TOURNAMENT
CROSSOVER 	UNIFORM
MUTATION 	STANDARD
REPLACEMENT 	WORST
ACTIVATION 	TANH
COOLING_RATE 	0.0011
TEMPERATURE 	100000.0
TOURNAMENT_SIZE 	90
maxGene 	3.0
minGene 	-3.0
populationSize 	110
maxEvaluations 	20000
mutateRate 	0.95
mutateChange 	1.6500000000000004
seed 	1646684373006
random 	java.util.Random@3ada9e37
numHidden 	14
numGenes 	129
Training Set Training
Fitness 0.018776458298532663