3.2246394159454628,3.3502160121830045,14.849145771831463,-4.949428229599635,-1.652480609535572,1.6740952704359522,1.5776118996861603,14.75097103224205,9.983135989185868,14.815053431288218,-0.01239737026501242,8.29585976851751,0.004482831702008028,-4.913528422488879,-11.529211424825917,-3.3449897594695006,4.959184214286912,6.535111051191917,-1.700609278748714,1.609614921268724,4.917402440764102,3.2595566298669567,-8.281262742477928,1.6922569728143557,8.251650026564825,-11.457842292039208,-13.208602334023157,1.687794510369856,3.3995700147020687,1.58541003982615,-0.04367168067004812,9.972747442356264,-6.500990868540777,-6.547576282883089,-3.2427823485345266,9.821342817324144,-1.5941814444359608,6.57957490212562,-1.5555718933929192,3.339875209142498,3.385246524907534,1.6893811841010677,-6.55051581242609,8.161157736294694,-4.883025738279196,0.05074992117815569,-9.997766218952096,-6.5396164865265085,-3.219275227763248,1.6836383200790705,-9.874229970568196,11.512482257415366,4.890062229765675,11.643493107510764,-16.537388399282996,-1.623534458648419,-9.843868820750549,9.807422583078099,-6.507987157273076,-3.289305954262744,-18.21262879917142,3.2787989163731357,8.311477675422513,1.685941513672642,13.154356024628553,3.3101863135935767,-3.2592767397676976,-6.507375416019304,-9.992649389566182,-9.879917056890093,-8.34734036951423,6.6527887226596985,3.37997327910393,-14.774246469996909,-6.685095537004374,8.337491141723154,0.010079081864656558,-11.499314013288954,1.6581621758493457,-0.0586383929829406,1.6566721126070978,-1.5712384660978778,1.6148778902809102,6.634938018820618,13.20700245015195,3.208281831092253,-1.5701516636230073,4.982578866768389,-9.892103813848074,-1.686636319156138,-1.679483558749526,-11.488556974597467,8.170518023101458,0.08406035582743776,-11.646923213580044,-9.891850479135668,4.889227450169816,-3.2665023514099483,-0.017587944403888223,-1.5833543007568807,-1.5543322961393056,-1.6060619564649787,0.09182523950294286,-11.574709728708278,0.05154433195023156,0.012461042439435133,-3.314352723412007,-0.005086637718883402,-1.7165938501504137,9.941454991839132,-1.6719762910142233,8.302346007583123,-18.13618069239152,3.245878409608215,1.5654989069060665,4.900960291880512,3.3703470017467634,3.3760653649852514,-1.5671387183617327,-6.641655537302247,9.836124106817415,-11.633381872931134,-14.887235370899893,1.6834985256253159,-0.03091086363250195,-1.6736213049767912,13.241131912661675,-3.3040654768870805,-14.897343676185033
neuralNetworkClass 	class coursework.ExampleEvolutionaryAlgorithm
INITIALISATION 	RANDOM
SELECTION 	TOURNAMENT
CROSSOVER 	UNIFORM
MUTATION 	STANDARD
REPLACEMENT 	WORST
ACTIVATION 	TANH
COOLING_RATE 	0.0011
TEMPERATURE 	100000.0
TOURNAMENT_SIZE 	90
maxGene 	0.1
minGene 	-0.1
populationSize 	110
maxEvaluations 	20000
mutateRate 	0.95
mutateChange 	1.6500000000000004
seed 	1646684373006
random 	java.util.Random@3ada9e37
numHidden 	14
numGenes 	129
Training Set Training
Fitness 0.023023320385485595