0.8317319569398333,-0.9498382964616233,0.2250084710438912,-0.9439619567130403,0.03216303160561462,0.5714355014186877,0.7249433578592271,-0.20370979579283954,-0.7130232951561388,-0.6968418384849573,-0.7505467993740821,-0.03939841482639039,0.36065045481633284,0.6742971028889161,0.9639970554944662,0.3513947222925474,0.4114403294410597,-0.7742792443092933,0.6729846678691606,-0.07261941691334206,0.19026498527205182,0.6053949012788148,-0.6274818532324289,0.23969952727122534,-0.6531937329905819,0.7287211716684995,0.9056419090980551,-0.8210344498422327,0.5648206517161655,-0.11727964519763812,-0.1234105313143794,-0.9501654673875749,-0.7709861163850128,0.7584855562752192,-0.06222914792961265,-0.14626574172723883,-0.6389597868106971,-0.7234248347264038,0.35460720269425805,0.1774678095043597,0.5088605383163368,-0.7393018420570738,0.9874741063180817,0.2568433080524858,-0.3054484673939002,-0.3463090300769618,-0.1358925858151523,-0.1559401266948226,0.8053732386013025,-0.7239126832595857,-0.3542728121746084,-0.4600822529931101,-0.4219762972093486,-0.5635557127956761,-0.7307259505703396,0.20643324715002043,0.11561043152093753,-0.5828567921376226,0.1449230380540002,0.738649313782468,-0.2169443516781453,-0.7759853405732565,-0.01366182755186296,-0.3773914005759207,0.05411802028308388,-0.9073095384192843,0.6161038610651194,0.28962838910961575,-0.6260545635910866,0.6506361721847344,0.45827922852020986,0.7251940406102796,-0.6097177548207597,0.9418067721119753,0.8093670008967034,-0.6377796957020199,-0.32003652752612277,0.08769020862620669,0.9558076728673196,-0.18472908186769654,0.7521640618870357,0.04829784433214701,0.9000837295832279,0.8858473774305099,0.8070998705220221,-0.4559512140640507,0.8610809069384112,-0.5541039636444245,-0.4817525691374054,0.652176336254446,0.5380822410815592,0.983955755062511,-0.6853449732687795,-0.11420330502626341,0.9852751780307284,-0.41252072976958587,0.1188167080052106,-0.3577461552406609,0.8006168716843648,-0.7859871807394031,0.045952760105424484,0.09790200336559385,-0.5747907670167258,-0.8662864063189594,-0.05331626991374949,0.7049631877976906,-0.5178768349453815,-0.7250178521806474,-0.639840893517335,0.42640002529589693,0.12459758859184611,0.0049354221217446925,-0.5715172481149344,-0.014183635899901459,0.8060880212600982,0.3289428757454308,-0.5223900874612761,0.0581702282175548,-0.9182369456803815,0.8478773871212172,-0.4583173274816814,-0.44574374150514906,-0.9995141238582624,-0.9705348265511872,-0.8845318442910036,0.03472166810646471,0.25808440283357437,0.360313485137321,-0.5096011884501463
neuralNetworkClass 	class coursework.ExampleEvolutionaryAlgorithm
INITIALISATION 	RANDOM
SELECTION 	TOURNAMENT
CROSSOVER 	UNIFORM
MUTATION 	STANDARD
REPLACEMENT 	WORST
ACTIVATION 	RELU
COOLING_RATE 	0.0012000000000000001
TEMPERATURE 	100000.0
TOURNAMENT_SIZE 	90
maxGene 	0.9999999999999999
minGene 	-0.9999999999999999
populationSize 	110
maxEvaluations 	20000
mutateRate 	0.95
mutateChange 	1.6500000000000004
seed 	1646684373006
random 	java.util.Random@3ada9e37
numHidden 	14
numGenes 	129
Training Set Training
Fitness 0.11310560535441247