3.947852140990454,13.889793785218561,7.838846752473216,-0.34108273631193153,-16.83311040060012,1.1708918498436791,3.4247763001275597,-10.894337619119952,4.249382652009784,2.8478437213956918,3.1925679540987195,-7.776482207374402,-13.346359707453088,-6.150681549041593,7.449781760558096,-4.293749575349246,17.8611203621849,-7.344779807028892,9.352856498172917,16.718026817702174,-15.388362141167116,-0.8073167411349651,0.1328798559186275,-11.899665325132423,12.876751098996959,-11.31361368259591,8.708630179267757,5.453174736101815,10.9092943518878,-1.3632330100035848,-6.246044567808326,-20.32379825269586,8.20932661187717,-3.8516584570252252,11.538887984382143,-13.555249387254536,11.08356915450476,7.750946915859457,16.439266434579224,10.648926617618617,11.032163153365806,5.814868846304476,6.7866063550394795,13.493825041618015,-2.6889867836719343,-16.69367348450902,3.437972006261596,3.1596972617898764,7.189499127822249,-1.8702081100056596,-11.868718596518791,8.729686185541542,5.4779878616659765,3.6906197020478277,-2.088189181613682,-6.3863367179597255,7.99609315577084,-2.6635218841287784,-11.778593887043545,9.793548081191654,-17.382935109996026,2.681568040088485,-1.3801486797226277,11.944195483771342,1.105450990210965,-5.449226815697848,4.467349096074325,-0.7306535808214338,-8.448025099351149,9.451488901143719,1.8776532559132324,-4.129215295980733,6.513647045877823,-3.008369950861179,0.45516981218661634,-16.293021798215115,7.833581248665938,7.826036521594071,10.106595798428502,2.4331193218391913,-15.343966707483167,5.207104329250663,-13.087991550466349,0.2014870011958827
neuralNetworkClass 	class coursework.ExampleEvolutionaryAlgorithm
INITIALISATION 	AUGMENTED
SELECTION 	TOURNAMENT
CROSSOVER 	TWO_POINT
MUTATION 	STANDARD
REPLACEMENT 	TOURNAMENT
ACTIVATION 	RELU
COOLING_RATE 	0.0011
TEMPERATURE 	100000.0
TOURNAMENT_SIZE 	10
maxGene 	3.0
minGene 	-3.0
populationSize 	110
maxEvaluations 	20000
mutateRate 	0.95
mutateChange 	1.6500000000000004
seed 	1646684373006
random 	java.util.Random@3ada9e37
numHidden 	9
numGenes 	84
Training Set Training
Fitness 0.014694301219261657