-0.7030846517691756,-0.5016094412996772,0.749790239652215,-0.03138781517439271,-0.6720927078730339,0.32637273869910677,0.2505364031323617,0.11612961737144312,0.06930507409134912,-0.47390925392117955,-0.8206822740708827,0.981699464396203,0.33257922780666427,-0.8989730986995114,0.8547587190428488,0.5044270088711037,-0.6706222002282449,0.6209545819217753,-0.32970587350248937,0.7262743787253726,-0.9188387313752172,0.9718290439038425,0.49397770673069885,0.2956436045755325,0.45963991511677105,-0.5324070207364175,-0.6417051289443314,-0.8665002068665976,-0.6264945063303573,0.6007808185804334,0.7253918150909496,0.8627237358667211,-0.6990458208399324,0.9089489862760122,0.8724587643157836,0.5291312578525252,0.6352821279007853,0.2160641195357199,-0.015203247874524761,0.7190802571472644,-0.8262692291191255,0.8327278396178647,0.764990293180149,0.48372318444233076,-0.8905318045078167,0.050278030199746415,0.1602282801824101,0.20291768826410894,0.897160010992056,-0.861451608955376,0.14482929609446915,0.623495344422842,0.5437329423551253,0.4865013054656121,0.31574289701377245,-0.2303917152975805,-0.7892142526972904,0.7829311002633522,0.8501891320588583,0.2269400286055726,0.28668589342805906,0.3617379736443084,0.7603956896830487,0.6049056847134492,0.7473670699960487,0.5468977018034477,-0.6268598894926329,-0.5950400022477529,-0.17381498079451307,-0.04395082730173816,-0.07728558288263354,0.17373299939712938,-0.3859486830358341,-0.5822635093229458,0.19547472479324812,0.6008810580100624,-0.8160551169077016,-0.9545504268572683,-0.8152882622112511,-0.8898924764507764,0.8600134417665518,0.6287494143103428,0.45795374520642673,-0.3679358204825858,-0.15138962627202557,0.08620299840085466,0.4272556340131607,0.5103735113425937,-0.7999919785959902,0.46105359581560024,-0.19858418149554602,-0.21972507418315335,-0.6817204487924182,0.22078087897251197,0.7998941581514031,0.58879567436263,-0.9754764078933681,0.6641739993238368,-0.9203952332112945,0.2237964161795859,-0.826601846388772,0.866340629280628,-0.9834272686733684,-0.7150307221837333,-0.8290751985984252,-0.5928723176579187,-0.49439605311614865,0.4230034759840292,0.38659313651076543,-0.053710224567652176,0.34495983949576836,0.32599334505718847,0.9306840309318668,-0.1757579619749332,-0.7337156299791905,-0.5499495284343499,-0.35281183781180725,0.940804154115323,-0.3559219792530368,-0.10742260238294343,-0.47023341716381273,0.6545746798760473,-0.7035085912767653,-0.35958310677231164,0.19852896498800654,0.11256654159726931,0.21738962327287437,0.9370284656964304,0.5519072753624031
neuralNetworkClass 	class coursework.ExampleEvolutionaryAlgorithm
INITIALISATION 	RANDOM
SELECTION 	TOURNAMENT
CROSSOVER 	UNIFORM
MUTATION 	STANDARD
REPLACEMENT 	WORST
ACTIVATION 	RELU
COOLING_RATE 	0.0012000000000000001
TEMPERATURE 	100000.0
TOURNAMENT_SIZE 	90
maxGene 	0.9999999999999999
minGene 	-0.9999999999999999
populationSize 	110
maxEvaluations 	20000
mutateRate 	0.95
mutateChange 	1.6500000000000004
seed 	1646684373006
random 	java.util.Random@3ada9e37
numHidden 	14
numGenes 	129
Training Set Training
Fitness 0.1317715353076135