5.937725388043635,-2.094801482331486,-1.313020476293561,3.089102271888838,3.863520486420671,-0.829605410364382,-9.545018512788253,2.486980159460858,-2.5940368574631893,-9.528881274807041,-7.57426209546883,-3.11495683448213,-2.730384480390737,-0.1721036425766389,-1.5010333203105128,8.87531456724733,-5.844965630703214,6.079777909486729,-1.9087267994794352,5.458262167026138,-3.9742387135062236,2.285862408521502,-1.929276390011788,0.75578106772875,-7.464376933389701,6.706989482468179,10.692592133072209,-6.395658340904504,2.0909412624460484,4.0190543306657815,-0.6924387332532707,3.7311193333876984,-5.887518002182359,0.734006091059153,0.5976327912953696,2.184287194696907,-2.7102880475053057,-9.63329836043882,3.916498773482397,1.644508935096904,3.535159985613131,1.6853953098427112,4.670099435541687,-1.31196876789443,1.7494214769823682,6.170755321364374,-8.930415828682944,2.7026311374985967,-3.6524287370169493,-7.867094799343767,3.122873790286155,-1.7739625221602795,-1.0245093938104164,-2.701899135307462,6.202507616308968,3.532299821281253,1.2098460840535825,-0.22374049602005375,2.6364412976115164,-0.9150569624792588,4.3381911221356955,3.0576697088283646,2.5649496642902934,-6.343400407106456,2.4058985124152903,4.511818851867939,-3.8592310526455442,-4.51682341951928,-4.255637154579087,-1.3766154297290316,-2.7789003835843413,-6.3735319082966075,-6.139849901541595,-0.19995460200283754,10.709074183346795,-4.337511041844056,-2.632497180488099,-0.6261225598078957,-2.901218307405138,0.0436596163687315,6.186845407988933,3.4927089086103473,7.561918864304566,-6.598664847355337,0.40966723037567654,-0.2900813793261525,-0.7643712107120315,7.2610291814916526,-2.404601662822791,1.0807714864108786,-0.6199303883589833,4.536043503729322,-5.181378434478911,1.8604917030840245,-2.6292623003671363,9.59607247229362,2.8752065619170093,3.22388865826124,7.324559729750459,-1.4742882387061602,9.833677936323701,0.7884542422735876,-2.3197535982503403,1.1436604954590468,1.9833705979551541,2.072463954039547,-5.787609768757124,4.7967642574072595,-3.566344261754395,8.656721309829857,-2.594730426930333,-10.176094041493151,4.758756026863791,0.7431948416162344,4.496309310100258,-0.4968881539319687,-1.7395952036565387,4.015907880273727,-1.0793699691930958,2.851098968843205,-4.164164233453295,0.2090471900089037,-3.0528951998989102,-7.912151676264991,-2.458673678689987,1.224370228568171,-9.357176983620889,9.359649934221329,-4.318249639793523
neuralNetworkClass 	class coursework.ExampleEvolutionaryAlgorithm
INITIALISATION 	RANDOM
SELECTION 	TOURNAMENT
CROSSOVER 	UNIFORM
MUTATION 	CONSTRAINED
REPLACEMENT 	WORST
ACTIVATION 	TANH
COOLING_RATE 	0.0011
TEMPERATURE 	100000.0
TOURNAMENT_SIZE 	90
maxGene 	3.0
minGene 	-3.0
populationSize 	110
maxEvaluations 	20000
mutateRate 	0.95
mutateChange 	1.6500000000000004
seed 	1646684373006
random 	java.util.Random@3ada9e37
numHidden 	14
numGenes 	129
Training Set Training
Fitness 0.020598550134638634