-5.011536993271061,10.513616142193206,-3.3917510668393813,-10.844312231819842,12.422457030128538,-1.7204262170566755,5.938284396991035,10.740550277203642,9.116641591531433,6.117758782550656,-17.748868553754775,8.814412954250464,7.396586268228861,3.545533321980929,3.1254875630742767,-9.255275511939576,-2.9093358243008476,32.51262744094653,9.018020734989449,-15.536443424246952,9.074561985025994,-9.306312139638496,-20.42076352993591,-11.672015235888235,-3.884492382065602,3.881579148666713,9.427163357374205,13.91603431328017,7.588568798713233,-3.0529478898409597,-12.263050764202124,-10.473272717464946,11.130731375094177,5.683124096124154,10.991572289612737,4.3492630501132865,-3.870671495770284,29.042755722733745,15.41347771305561,-4.29966034882394,0.759748097095275,0.4061372126869087,-16.19093766717447,1.4001134126830692,-12.056790264021625,27.079136807530496,17.807537180873553,-2.2776357228398716,-1.7465497664326524,-0.041712862544234675,1.0369437430787602,14.123693324926895,8.34984118875397,-2.129202081737679,19.76418836140074,1.2618306573000302,-6.004741773335814,-2.179084112676083,-2.8333294391382324,3.287216985405882,7.454140749467585,-7.171836302055626,-6.063620310293468,0.022722256414068553,-3.325785707888781,4.454631350769192,-13.496926974159027,-16.91357636042791,7.582464039075925,1.047936276247099,5.760278341176733,1.6018725426957872,13.161425542143329,5.117178410930883,2.503828159777573,0.9671706129163411,-0.8620774989222255,-6.765668778846311,-14.134325695511118,2.835263144024111,-19.099340621904837,-5.905357233557083,4.119085772696037,0.3925989548280011,-8.74638780767852,-16.023977931778475,-4.977951080251492,2.9948480738291607,11.329878440582917,-10.822888858791755,1.0011028298188176,6.162986705717813,-6.017908176999573,-8.456598954073435,0.9274529389538309,12.852040715484808,3.608856434436854,-9.406508010178296,7.9243166657730715,-10.048735537660027,0.8575258946894735,-4.952172502416957,8.369061710139082,12.858517761275746,-5.361264345389934,-7.010030593788391,-4.38419026013393,-2.456915677039052,-1.309283415188366,0.4068597988143896,-10.869658610295312,10.667296806801199,4.247794960156012,-2.717607943968522,-13.859096590831728,-10.176796843199241,7.923059317477188,4.4322361910346135,0.9207853148915426,-3.1970053468441986,6.474647419345901,4.365860768430345,-1.0949212827983095,16.44142984532182,-9.151660425925055,1.777639087969039,-10.379583477731119,-6.713328332081813,-3.2025229373576902
neuralNetworkClass 	class coursework.ExampleEvolutionaryAlgorithm
INITIALISATION 	AUGMENTED
SELECTION 	TOURNAMENT
CROSSOVER 	TWO_POINT
MUTATION 	STANDARD
REPLACEMENT 	TOURNAMENT
ACTIVATION 	RELU
COOLING_RATE 	0.0011
TEMPERATURE 	100000.0
TOURNAMENT_SIZE 	10
maxGene 	3.0
minGene 	-3.0
populationSize 	110
maxEvaluations 	20000
mutateRate 	0.95
mutateChange 	1.6500000000000004
seed 	1646684373006
random 	java.util.Random@3ada9e37
numHidden 	14
numGenes 	129
Training Set Training
Fitness 0.019312493232106848