2.9784248906547237,5.112825742005911,-10.094284418585959,-9.825896926293499,5.026130938325672,-7.092893218564697,-2.016789333675339,6.368323981246513,2.9424009725580085,0.3075619083906238,7.075048239687171,8.293644790080283,-3.455329824673008,-0.271929041739841,-4.873649334838918,-5.147573132426395,-0.2931216908162293,-0.09400390549488158,-1.8268025162331574,-0.2945987043563778,-4.862437668106757,-4.943716752097433,0.3602970788686175,1.8540860917665443,-2.1407844614599445,5.351239521048509,13.335611638997792,-5.0462101557799155,-14.84950816064643,0.08234076048007655,-1.3452947814117557,-5.361346837510117,-1.3807213403282868,3.1371803876511644,-3.562845076588926,-9.65493763463419,-3.762642293733369,9.457679305904968,1.4831856907452083,0.3309019833235034,1.1863176488498262,3.584933657448911,-9.419240518822388,-2.94450337946202,2.1395784050993196,-9.658414046470396,4.711669606665163,-11.991275935236231,0.38683207442046896,5.104361678819156,-6.650238151576088,-3.192334146823942,-2.8050992409264506,1.2774229140516646,4.8852237778698235,1.4152930323507693,3.1429565263747143,6.791446660109562,-6.144045495509499,-1.2219315066498648,10.270244854099575,-5.02615568728468,8.67034671590799,-11.272020304584789,-3.769102634119566,13.412296806676641,-8.08461586598576,-10.350601323306789,-2.886884455874061,-9.583213452598514,-10.190223189353974,-1.57770136826025,1.4989521100267433,-1.7754333780251725,-11.616072292599625,3.120739518251355,-3.7338876859455894,-2.911985878981824,-3.1531559055304275,-1.9808319630839826,-6.435357571969615,3.3370733235744545,-10.215322449419876,0.43895961039591036,-7.010931640877503,1.5160017684438447,-1.623603354054456,5.0537635478229594,-1.83950776448172,-15.341609937886357,-4.540833108400765,1.3645946332776648,4.583350488439733,-3.1650657019516846,13.279332824329414,3.504247811359567,-6.702017950599956,-16.264802381608852,-3.1755331164300067,3.0354950461560257,-10.037149251166706,-1.4723947115809253,8.547771021766165,-3.6313434548895875,5.169210918581334,-6.36882444282228,-11.181813550028924,-7.058478959722073,6.616201324535012,4.827996112471556,-4.642112464025968,1.3282228089230896,-1.8942030783315111,-10.102785747817272,8.313406331807329,1.8235661612238543,5.004743795129844,6.459316168800955,-0.25254568268532473,6.6354202862299765,-2.0854520135004186,-0.16627115728992692,3.1355783175353906,-1.439809136647992,10.190783957120646,-7.9667140361825,-1.2948922332664736,8.315007286642887,-6.540566238117993
neuralNetworkClass 	class coursework.ExampleEvolutionaryAlgorithm
INITIALISATION 	RANDOM
SELECTION 	TOURNAMENT
CROSSOVER 	UNIFORM
MUTATION 	STANDARD
REPLACEMENT 	WORST
ACTIVATION 	TANH
COOLING_RATE 	0.0011
TEMPERATURE 	100000.0
TOURNAMENT_SIZE 	90
maxGene 	0.5
minGene 	-0.5
populationSize 	110
maxEvaluations 	20000
mutateRate 	0.95
mutateChange 	1.6500000000000004
seed 	1646684373006
random 	java.util.Random@3ada9e37
numHidden 	14
numGenes 	129
Training Set Training
Fitness 0.08849481726569454