-8.572582830905123,-2.896219292950601,9.079470930668272,-0.17479150318923908,3.0844803090253574,1.090965704613252,-3.469625141021643,0.07128711911758501,-0.6646160367986624,-7.433363141056713,2.299769707022863,6.658233181344873,7.316761340902609,4.141155602935104,0.6794723946350469,-2.632941969524177,1.1496672515245283,-4.673689091668011,-10.68379120455989,-2.1073036819573376,-5.726705715587011,-10.533112080326218,-2.2326579027873983,1.4858896015860603,5.9415459350238375,-0.16879304463999478,-0.73765398764602,-7.195696182359386,-2.0252143448897417,0.04816955649202548,-6.144881708521079,4.7516267996242325,-7.820993076932536,-12.779855307788479,-1.3091002237971017,1.3439391363627156,3.202089337999471,3.8203253540028506,-6.362259281355945,3.840703553049253,11.191728020586986,0.5999843955380797,1.2961224863796206,-6.3367439504272305,-4.797954069153043,-3.714648911069954,3.851520162675067,7.44673772260156,6.465820372127697,-3.76436868572282,6.923356875735875,4.2319470728501685,-2.5433238790076658,0.9129891097290805,-10.710018515137607,5.401643155097469,15.710520270961403,-2.4678963799923412,2.1829621999664237,6.651373357251703,-8.942083604913428,16.31121311357122,-4.704829148268708,2.1579500223758803,-7.310984664196368,9.33835544071053,2.2357981330255496,-4.780754962882379,-8.26991575875871,-1.5541908736128303,9.041612980266876,0.337017249327217,-8.494404376738775,0.752538474528837,9.817453991859733,3.5500385277367332,-12.30773952753894,-4.261259246505016,-4.3698914616924025,12.197826132297397,-2.258686439034845,-0.14160741319170622,2.018410399650329,-6.044160919323531,-2.847224660894443,6.024986701281582,-11.041442699441642,-10.768956801372324,-4.169655881119285,-8.67754838607545,5.987320787332677,0.8422945129475075,-1.4220123761247336,18.947536804619872,-0.41300463476483973,6.933038502896784,-5.0807711197674195,1.0817518714525356,-3.62539868219973,-3.4756294811274984,5.87754226948052,-6.929765215991681,1.1640336858214262,5.1645475447365055,-9.548805151608528,3.7017312442126347,-5.566485289689291,0.8665912009509285,1.2982960454119068,0.8881555317367287,2.881885284174757,2.998664479002226,-4.382267141845909,1.5340064004525438,-0.4040620646899171,1.2524567038045387,-1.8309032407316037,5.56520403347805,10.977169248830426,5.512853864396395,1.8696249525480537,-7.8962850204804695,-0.5100007875110752,3.737720916943128,-2.1113951514910614,-7.971376588314341,1.4946782141881139,-8.670332049225916,0.37960751584327035
neuralNetworkClass 	class coursework.ExampleEvolutionaryAlgorithm
INITIALISATION 	RANDOM
SELECTION 	TOURNAMENT
CROSSOVER 	UNIFORM
MUTATION 	STANDARD
REPLACEMENT 	WORST
ACTIVATION 	STEP
COOLING_RATE 	0.0011
TEMPERATURE 	100000.0
TOURNAMENT_SIZE 	90
maxGene 	3.0
minGene 	-3.0
populationSize 	110
maxEvaluations 	20000
mutateRate 	0.95
mutateChange 	1.6500000000000004
seed 	1646684373006
random 	java.util.Random@3ada9e37
numHidden 	14
numGenes 	129
Training Set Training
Fitness 0.06809926868132259