-0.7216788656060737,-8.66176128610497,-0.3993293619918652,-4.731619150024852,-0.34208963657155067,-5.837773965128365,-2.084033862444782,-4.630642338028213,-0.6085714733814136,5.852271737007618,-2.6629732883153467,-3.1918248322490914,0.8272919998588986,4.360561003462928,-4.690480036518398,1.882397357209121,-7.33053796286722,-7.312048603102053,1.0200896238865669,-6.425630735723939,-1.1951235723729159,5.6661442804463205,-3.142298003233032,-4.131751562048048,11.266800931857823,-3.1865208496889315,9.53102498557584,-4.813302307672865,2.4476612577149064,4.057112596114841,-2.9994858932257236,-1.7726925777823386,-3.9629727652156257,1.6858277542600482,2.2897476057351365,-5.95595532549833,2.5600299238840307,3.856703366228534,3.183905763206406,-1.0282341661502112,-2.1713982851868545,-4.424642793970023,-1.2958450162809578,-4.267938470747388,-1.257460623503186,1.0534631226157565,2.3150495423689574,4.486436565768056,3.389498563047167,1.3687245222306021,-3.122069350653657,-2.1319367386431076,-3.5573627650933637,-2.1385294029586195,3.456655698639885,6.426080571116846,1.0917382236472886,-4.301470718505296,2.7628537125408155,-0.6933560105225958,-8.031755748277048,0.3690115214352079,-5.403738496423038,2.772669855758032,-1.0132447290878783,-0.3518717947046506,-5.958447205181015,-4.220553564519121,7.775141451479771,0.7241439286580129,6.076434564317557,-4.3739759803966685,-0.09746157359061947,-4.469940952549796,1.876642447868118,0.6925254610952059,5.139098109937223,-0.09441019009553142,-1.6281738633739113,-2.7487413998902794,8.7934803687791,-2.863489938080601,-2.9878219589577766,1.4047405636443449,0.22367774607427915,-0.5226084000040472,-4.600987383936394,-1.6435172216425364,0.8538757264367178,0.5602735760293216,2.9133684300134126,2.3606175399617912,-7.745338175422547,-0.8242288204946622,4.645062340221861,-10.92581731062245,-9.143996837639367,0.9346189105486884,-0.8695182821459042,0.7511140067033164,0.5620255245640604,3.726628389751808,1.4507664666416091,-0.48027000178817403,-1.2762692094416064,-5.809474456966104,4.272884359560548,-1.6242711479505054,-3.9495937888819332,-2.7078839209444716,-1.2655306840782679,3.050450597564568,3.0525806098787163,-4.870289182903156,-1.0208521068867977,-1.4206084859872,1.808999188894524,-3.955269222646012,2.3424375257841126,-5.151305972697976,3.8371911500600397,5.611891529390327,3.719164486857341,-4.662431298351818,2.7718209720392117,4.667354810575714,-0.6882961920677655,8.552337622292441,-7.732884866730129
neuralNetworkClass 	class coursework.ExampleEvolutionaryAlgorithm
INITIALISATION 	RANDOM
SELECTION 	TOURNAMENT
CROSSOVER 	UNIFORM
MUTATION 	STANDARD
REPLACEMENT 	WORST
ACTIVATION 	RELU
COOLING_RATE 	0.0011
TEMPERATURE 	100000.0
TOURNAMENT_SIZE 	90
maxGene 	3.0
minGene 	-3.0
populationSize 	110
maxEvaluations 	20000
mutateRate 	0.95
mutateChange 	1.6500000000000004
seed 	1646684373006
random 	java.util.Random@3ada9e37
numHidden 	14
numGenes 	129
Training Set Training
Fitness 0.048351375972886114