-2.9555446077957086,-1.740905284730517,3.6684793729523086,-5.90936477860204,-5.456864844023956,-0.6139845977069425,-3.7932899326621214,2.6758051757626387,6.817697444339405,1.0530006057892956,-3.3005630540306394,-3.0309605151521573,-7.17006697413648,8.211784708727283,-3.94262506535296,5.308927143605343,1.6389702153177712,4.592658956028464,4.897662864844561,5.359033502107923,6.199193221541313,2.2688966252514833,2.24869612577547,-0.10073246372971312,-2.1335667484482865,-7.930944969571108,-1.8520049374309426,-2.692615861805205,1.063940581193319,-4.845175175435853,-8.927200084768597,-1.6424317888870394,5.9719494983227115,1.9740880561484584,-3.4977361025815608,-4.5730846284399895,12.160703147291072,-0.31541099677935236,13.62267696609219,4.402198433381255,-5.463390170266628,9.973114411208753,1.30677159561046,2.0790093121859368,-3.085242793952693,-4.831678895360994,2.10830830953824,2.8213203412993977,5.5183154060067,-2.2876581767661004,5.407884190332018,2.6267005533121073,0.2364145043214494,-5.2829578074176755,-3.7518703143416623,3.002134457007063,-4.353112871875102,7.0352933956843176,10.97870547355567,1.6687437141825683,3.2788208644228485,-1.4741316747571442,-6.38334327476306,1.7253763996608749,-13.147829411172722,-1.9674398623267262,3.7595089451131294,4.575744158336192,0.187734817486084,0.6338647031796842,-5.196613819921527,-2.828810907974175,-12.099123732714908,10.89906113762543,-5.943059740764239,2.2119572119203097,6.2237547978614165,-13.80815732941344,-2.651346059699154,5.303956655015011,-2.1996613850216447,-0.4269706837225433,-0.22260254729626894,-2.998669582932183,-6.6125360948653285,-4.637217244852307,4.841848080185187,10.351254233086658,5.0880745301050645,-1.6190575270253835,-0.5222035894413111,0.6526516974505832,-2.8220390255948358,4.727711414100981,6.1903128910844565,-0.4893457374005612,5.989958022805149,-3.087382428805758,8.176405441379034,9.333635586266723,3.3152464920493196,-3.276432256620752,-3.6730877530475237,-6.760256916361839,13.150580690994245,-1.3493124504133753,4.47296256412958,-4.403704534166649,10.206932379230565,5.23496158935159,-1.025778220201902,-3.078250476996994,3.426957161247451,10.928679032127635,1.1688856793732834,-0.3833410019618908,2.1397440865058472,-1.8845675547724516,4.583318012440562,-8.8815781039062,-14.643886433109966,17.141910129796216,0.9709054349818169,4.3720198142106925,-6.6996101361893885,8.361963851875274,5.465133414760997,-6.667507239532686,-7.255967813991941
neuralNetworkClass 	class coursework.ExampleEvolutionaryAlgorithm
INITIALISATION 	RANDOM
SELECTION 	TOURNAMENT
CROSSOVER 	UNIFORM
MUTATION 	STANDARD
REPLACEMENT 	WORST
ACTIVATION 	TANH
COOLING_RATE 	0.0011
TEMPERATURE 	100000.0
TOURNAMENT_SIZE 	90
maxGene 	0.7
minGene 	-0.7
populationSize 	110
maxEvaluations 	20000
mutateRate 	0.95
mutateChange 	1.6500000000000004
seed 	1646684373006
random 	java.util.Random@3ada9e37
numHidden 	14
numGenes 	129
Training Set Training
Fitness 0.049225636968163435