17.453552687020192,3.004581271853473,15.82236327474338,16.081674862029452,-1.7476761286719977,19.572914516908348,-3.66040341910474,-13.389105590108445,-7.684858721575798,11.823873890553298,-2.5256687479668782,4.167453565950703,-9.095301056337764,0.9303245061279757,8.27925957805855,0.5240549240550951,-15.926739030087592,3.310335091555893,23.2211217375308,-15.604262297587958,-0.08948902058360542,-16.029031885224974,9.658456974963956,1.3196536658612867,-0.4797084805933416,0.09554602946810853,6.630122253171439,-0.8650486545599652,15.839114319534358,17.545375818178513,5.126640159793126,2.1976223016840324,-11.1254502390875,-7.253473793456517,2.175415360592078,3.4585171227705924,-6.055651687416792,-3.130641544351004,-3.232651801102442,0.4636033572634508,9.33736957646191,-9.666874347764777,6.036356454642181,1.003892626704305,7.645140123340179,-2.4699417773985033,18.024800112641792,-1.1016737140987836,6.328086763811221,-1.9370298810672217,1.326790499794698,-8.46373118924192,-20.16676847811295,-7.422477665019425,1.8978461092907288,-4.162886282674199,10.870367086745551,2.594897158844038,-1.4466534840131011,-2.197129678624929,2.1314663866173067,12.062737018608196,5.349714582989371,-5.054541660596291,2.703313671425313,-0.7081781365933981,-3.7487532347744317,8.013792461295541,8.676078895563439,14.433057978508087,-0.468007580509318,2.1266060592484166,-8.55920648915902,-15.626031881466606,-0.4039324767640631,-13.36468540025984,-3.803583587462695,-17.304022451074317,9.521275818011233,-7.102916205160605,-16.89758205558924,-1.1165963346622227,2.739889594482997,-2.7183735305557377,7.41553807067111,-22.037837779594106,-1.8830690836938029,-0.9838917857448237,15.939616919490796,-12.179183615734729,-0.9797229805335377,-0.009094756555334982,0.6451230151482044,15.878701594013725,-13.001602014824881,-0.34518484055919707,5.930242930012595,2.365469600538848,19.14051869044983,2.221680323396024,-15.051870111143192,-3.88649543987602,9.590481653437365,1.841244864619604,-11.234857215011418,1.2392731582925673,-5.08042621678364,2.2554236876148313,-7.207359237203466,-9.198219958524078,-1.0649401879984568,0.5670221251243435,0.2501349349431887,3.5259088212597174,10.310155408088095,-1.1086957047501667,5.2703304244184785,10.915540109575614,-11.482347906554043,-3.558332087434356,3.446829302016228,1.8559453615823482,2.583392985469324,-5.330958689763255,12.45299650560657,-8.382936068270823,-4.452715803283498,22.58048002749085,-0.9242725240933511
neuralNetworkClass 	class coursework.ExampleEvolutionaryAlgorithm
INITIALISATION 	RANDOM
SELECTION 	TOURNAMENT
CROSSOVER 	UNIFORM
MUTATION 	STANDARD
REPLACEMENT 	WORST
ACTIVATION 	RELU
COOLING_RATE 	0.0011
TEMPERATURE 	100000.0
TOURNAMENT_SIZE 	90
maxGene 	3.0
minGene 	-3.0
populationSize 	110
maxEvaluations 	20000
mutateRate 	0.95
mutateChange 	1.6500000000000004
seed 	1646684373006
random 	java.util.Random@3ada9e37
numHidden 	14
numGenes 	129
Training Set Training
Fitness 0.026514055153421173