-2.509795719945613,5.755179770872269,9.158646129586906,6.156576170690909,-6.108530227244841,-0.8403970107927154,-2.8883247180418046,1.301220350021591,1.4645157611312687,1.0577938359406733,-1.7978979839905325,1.5041466928521583,-2.3261607379039266,-2.973185626765389,0.5590521478288508,1.2360163838343823,-4.38451862971456,-2.54242097018889,-3.9400036014903677,0.2966682706733055,1.1126858186443038,-9.111607734899689,6.8829853016727345,-6.731478141417785,9.2109961789488,-3.338057698612249,-1.9033324503449442,5.366893412030336,-2.4041275960219943,-9.10173015610047,7.846138858524293,9.350640744302417,-11.81479273628776,0.9523997347031745,-5.459290008355526,4.501473526723403,-6.334078729099307,-0.11100417690767639,-3.6397643896821954,-7.487312304732303,0.048109227877526806,0.9575733734403,-2.5303147370698955,3.0480075442870707,2.8020092621348955,-2.1095288858693504,-5.007808113403421,-1.3863645158725006,-0.12763742339489692,-3.003036901608945,0.4888531567187151,-0.3184628607832245,0.48152912186221375,-4.059445687245523,-0.49588477786920393,7.184406213456653,-3.6129803395787103,0.18768356159611344,3.1086077493714086,0.772679109385626,-2.1990963081836776,5.854725307621491,2.656851842848904,-2.943609486233278,-1.3921516219749552,-1.193648445900548,-2.924692702356908,3.799579485510504,7.8353404224289065,1.0719943663332963,-1.0182294431956276,-2.382615407974108,0.333940007186563,4.548312604068025,0.46018567554294165,2.795879515110209,-5.407786169305694,1.144243718644966,-4.649526943283917,2.2621316196203614,-1.9097118192694058,-0.598605984946861,-4.938968207748692,2.976879484622632,1.6627636481773216,1.5861878743337003,-5.27788514848046,1.254654775704621,3.4460272986465643,-3.823627887036306,7.571325153612696,-0.18891130971915882,-1.5732046479433168,2.7031440317513606,-7.401972764201476,-3.8054293746557644,-7.511982204350334,-2.963660206059224,-9.578484694958721,-1.445652791509298,5.040071493180965,-1.9862044488176167,-3.236674010250633,7.529567868520845,-10.670534472945043,4.267163885139647,-6.677868335670284,-7.686289049742757,2.634081273988662,2.9351389996655906,0.045194938669767204,3.906242508687619,8.933262736992088,-5.018781365873991,-2.986586774366467,1.0582822976411252,3.9578747786124193,1.1468008259418045,-2.7074682813467734,-6.298526104200345,2.8797379165261257,2.74658336367768,-7.573857547348815,0.5441783879376842,5.0916506938271535,3.9019124287499363,-0.44335598840849944,-4.123469676777145,-0.14149695610765978
neuralNetworkClass 	class coursework.ExampleEvolutionaryAlgorithm
INITIALISATION 	AUGMENTED
SELECTION 	TOURNAMENT
CROSSOVER 	ARITHMETIC
MUTATION 	STANDARD
REPLACEMENT 	TOURNAMENT
ACTIVATION 	RELU
COOLING_RATE 	0.0011
TEMPERATURE 	100000.0
TOURNAMENT_SIZE 	90
maxGene 	3.0
minGene 	-3.0
populationSize 	110
maxEvaluations 	20000
mutateRate 	0.95
mutateChange 	1.6500000000000004
seed 	1646684373006
random 	java.util.Random@3ada9e37
numHidden 	14
numGenes 	129
Training Set Training
Fitness 0.01988107798099276