-3.425136213006869,-2.3086455583610572,-10.648505494114445,-6.437854020610116,-0.9442790183836358,-5.276065870162965,3.715528502609347,8.735171878198248,4.428890993018626,-2.6660146066154837,-0.9121627146373363,3.5126775550888123,15.54847701125005,-5.16360870451661,4.902727593092304,13.260847544193485,-17.357534496646572,6.919696607415439,4.059644832897291,15.079057942899086,-7.436603453788033,2.658923564601576,-18.447218577015867,8.430702395625959,5.616010547576304,2.51844652995975,5.406634087861255,2.478158542937944,-5.083796625659247,-7.056307919708852,-5.268195542376256,-3.383441641837172,0.764922338946719,0.3666035889384114,-0.5332330295170751,0.4634054691098335,7.974920870784876,-2.758563069356798,0.09708757921624844,4.311382449066038,-12.795467799428378,4.493609467201264,-0.5280686403238333,6.282586468507562,-13.153538434260383,-3.782725327066398,-11.126152409006115,4.914655832534617,-16.50558593894845,-13.678779126693177,9.21806968493433,-7.513750813783018,2.4317558048809715,0.3613447351357051,-9.153264411384923,11.540396397850248,2.7355036442133613,-15.300948888892654,-3.612909952795979,0.7178721048464691,3.3002769242558365,3.250349837969888,10.460384419559695,7.877289141663866,-3.4793587628474594,2.038431558818397,3.1281109490211563,0.44853065020224214,0.9959939388376373,1.6279376790399471,-10.671302034196183,-13.626439056017224,-4.4164032040900665,1.191779151289703,2.0939550764405706,-4.466421696040749,4.076957200034985,3.441950940508736,9.684957132990066,0.4438933556249314,-0.7767825754878324,-7.29657675302586,-12.15177578453869,-6.832161015466932,-1.8310718458889221,1.7756303211996771,6.559535505632368,-5.3531261768795915,22.163048919130752,-3.44573957072115,-4.803873175528092,2.607304228240462,10.881408778717812,0.4734227861703024,-7.102661087971859,-12.593858818977925,23.087093665374475,-4.600174180742713,0.29849008463997606,9.891270492983503,-1.2351650972628834,0.7726830337655901,6.946197949059292,-4.8769735785249555,-1.6507816843995116,-5.405669721420917,5.33291068992202,-0.2958727726855037,5.793272591821914,-2.93443429785379,-3.4540295977385105,10.258735674654988,-6.6449244450297,8.13760348484847,6.536384898037725,0.31936746372549596,-11.226441601543108,-18.813199901360136,5.86848382831302,-2.202295975246619
neuralNetworkClass 	class coursework.ExampleEvolutionaryAlgorithm
INITIALISATION 	AUGMENTED
SELECTION 	TOURNAMENT
CROSSOVER 	TWO_POINT
MUTATION 	STANDARD
REPLACEMENT 	TOURNAMENT
ACTIVATION 	RELU
COOLING_RATE 	0.0011
TEMPERATURE 	100000.0
TOURNAMENT_SIZE 	10
maxGene 	3.0
minGene 	-3.0
populationSize 	110
maxEvaluations 	20000
mutateRate 	0.95
mutateChange 	1.6500000000000004
seed 	1646684373006
random 	java.util.Random@3ada9e37
numHidden 	13
numGenes 	120
Training Set Training
Fitness 0.010104831825604073