-2.141767914669755,5.6147109821660965,-3.3520095709286393,-0.6981678096174218,-8.984768297251023,-3.803427364169721,13.079760481235576,-1.4871875842413047,-0.8635313459429304,-11.322307961924299,-7.4003189827317595,-5.033048165536681,-1.7764229606793336,-1.2494738193793218,3.5583900714720507,-3.454382953408807,-6.243591103704522,11.352912517651028,1.8204207999752748,8.268207514040542,-7.689924480268784,11.408232582828536,4.4273567750560225,-1.9234476233337858,-8.301618235951583,-6.39775474064982,3.831247275093995,4.558777497998952,-0.6464475388770543,-4.920173494879808,7.282202219033912,-6.781658038012889,-9.915426258146432,-6.4008459422816,27.3552669033908,-6.783006978365913,10.026392267754174,-3.9273302526802834,-6.50966129547473,14.230932582921145,2.2996377896425644,-2.996549578832629,0.8950693177203597,-5.692461773479441,13.59545753467485,-6.757586111336929,-18.42564036520391,-15.004475259678571,-5.417529789851052,2.946084900690357,-4.39876788929652,8.094483178080537,8.152770859893586,6.306441453725347,4.3825342803431635,-4.369721446796726,2.98134201920474,-4.796340172308046,-1.5008994503867426,-1.0391657434793231,-7.931857889947715,-13.100627369810315,2.5136704362563096,2.6523811529582284,4.7145717772451015,-5.907648337432352,-13.858967777786344,5.339290709505959,-8.544066347664337,4.250324588978463,-4.836463403895888,-3.1088352687219203,4.028928382610845,-2.839070610119318,7.801291901077474,3.508895462034652,3.848147951660769,4.51161110546748,6.510028136383115,-0.2930388867451974,-10.002049080921296,-5.837442525304191,8.180786853645294,-3.5877341126574223,13.366025977856856,-8.981428992481195,5.604266855898377,-9.429618568316716,15.602372046552315,14.985070665283635,-7.861172963813791,-4.901905711670196,3.9323437276070674,-3.1066926092285767,6.434819749923461,3.6067085174687668,-1.3151649775228034,9.919407502726154,-6.330900182223351,-11.80639643017959,4.01659472471702,-2.209648853694979,14.782226318804208,-3.9399116083049206,-5.478911436964825,1.6958908508174613,2.687046131149545,7.111646733561513,-4.44475397300082,-12.141036725898818,4.381020335557793,12.632209234214914,-3.300149787173334,9.1180427985284,4.245825416652691,-0.4028622226642158,-7.9607460506907675,12.89338348055929,7.106434880393232,2.8001556895330655,8.10352238739278,4.123620236772402,5.648056658499819,-1.4824996497839082,4.56102931090097,13.459093473341778,2.3029763431873054,4.818125141408101,-7.968047482754992
neuralNetworkClass 	class coursework.ExampleEvolutionaryAlgorithm
INITIALISATION 	AUGMENTED
SELECTION 	TOURNAMENT
CROSSOVER 	TWO_POINT
MUTATION 	STANDARD
REPLACEMENT 	TOURNAMENT
ACTIVATION 	RELU
COOLING_RATE 	0.0011
TEMPERATURE 	100000.0
TOURNAMENT_SIZE 	50
maxGene 	3.0
minGene 	-3.0
populationSize 	110
maxEvaluations 	20000
mutateRate 	0.95
mutateChange 	1.6500000000000004
seed 	1646684373006
random 	java.util.Random@3ada9e37
numHidden 	14
numGenes 	129
Training Set Training
Fitness 0.01627210849433762