-6.710635831833587,-9.029033116555436,-10.483341018481939,0.966227227555672,-6.287540843253609,1.866427794126226,-10.502245395357273,-5.442160462770401,0.7218664982925791,-1.263498282306693,-5.973345047563544,0.9794996578718544,4.4885366923283385,7.790917665254872,1.4355774414399356,0.38612283598001795,4.375139057385697,-0.9354299772267378,-10.402749890687039,26.65071132879482,-0.5150342616957602,-5.878381374040416,10.02914604970443,5.674150797514166,7.793746852581821,-0.5317928619734005,-8.689957611236853,-9.561153858896178,0.9141210141583169,-6.109370857403117,-8.629830432557926,15.882991242696631,-2.4500742619229445,-2.8849237337791465,-2.8576082453427993,-14.079685483708188,-4.457604060505883,-5.4981082974753175,-3.224472425456801,-3.384312742248995,-0.10721964773836845,-0.8584433422064155,-3.5379046918624173,6.400032041714653,2.1658046693554347,10.861429296082841,-7.928564369964537,20.368509549325346,1.0358377256210751,15.081553075689143,-9.544659987358159,7.104017506353463,-12.06746719270642,3.724650629950693,-12.54301861058837,-12.296428401915682,-1.874858002194408,-6.860285168170302,4.3551188355474135,0.30819652275651155,-0.8953765025445506,1.9904046851004278,3.8642173830457835,-10.052506897685385,-8.669921076728748,-5.4612483642692355,-9.212702439081484,-11.441901437595977,1.2509874968649193,4.071478844775781,-3.318000222285818,-16.029196694944517,8.149117526143865,10.970532802867433,5.351521785361154,1.6341351646842348,1.0139233480268004,10.771222502115974,-4.439240842468981,2.7527659858517834,-3.677344159726755,-1.0193404780067858,1.3041490715886237,1.017146654985762,-3.9586645963403715,-11.104011728209368,15.515392154576833,-11.613680724736643,1.9451593021229296,13.166194449140072,-17.939604004779007,4.058905534425978,-6.573161449400961,18.433073654038793,-9.306540436801564,3.3778143531058173,-7.98122229571722,10.916240249751217,-15.167114806468593,11.612262043877626,-1.8500639117230033,16.023855856622916,1.6758806176245216,-2.503759131158062,2.040630037208821,-2.224950118539578,3.2237831798427052,10.17562252350492,0.3584570607200357,-5.93819742161233,-2.4726900837582813,8.276628375406377,9.26594352930914,2.9073607307076754,15.837712557072395,3.706444684663458,-1.7145562556972465,-1.904951445792081,7.0633828723793215,0.1823089773773594,-6.910765798676666,8.945636334478046,1.3326298858677426,4.458440013043764,-4.057326600270995,-8.886774283490782,-0.8479786841519017,-6.119269470518456,-13.014282475007867
neuralNetworkClass 	class coursework.ExampleEvolutionaryAlgorithm
INITIALISATION 	AUGMENTED
SELECTION 	TOURNAMENT
CROSSOVER 	TWO_POINT
MUTATION 	STANDARD
REPLACEMENT 	TOURNAMENT
ACTIVATION 	RELU
COOLING_RATE 	0.0011
TEMPERATURE 	100000.0
TOURNAMENT_SIZE 	30
maxGene 	3.0
minGene 	-3.0
populationSize 	110
maxEvaluations 	20000
mutateRate 	0.95
mutateChange 	1.6500000000000004
seed 	1646684373006
random 	java.util.Random@3ada9e37
numHidden 	14
numGenes 	129
Training Set Training
Fitness 0.04603811087609495