1.7107127404340794,-1.6102847179271542,9.989805826065203,13.232342245412969,-1.6710103350655654,-4.8812828557633114,-4.972761062303516,-8.310020521576313,0.08243515791810196,-8.233543806531939,-1.5776095575856912,4.886498064331852,13.161208903101587,-1.561029504525667,-9.936506471709109,6.672561538385194,-4.954907730989361,-9.999065164670773,-4.880642490580543,-6.680234719606736,9.879650397506076,14.885045622411276,-0.06243631255426241,-0.09993686620378117,-16.51430325108732,6.5525625596540955,16.475551674906875,-3.2315953056231113,1.6751131302807547,-4.908805118716407,6.604934432210234,8.249712342376847,16.482210999444156,-5.019534801917459,-4.906362172908949,-1.621602420177294,-1.5877973727636752,-13.295120686038754,-6.659031385914169,-5.008063647658723,-0.09301642393016474,6.501675696856438,-5.0325277239148285,11.489593517758564,-0.06668935016361566,-8.257376378409523,-6.5055497835542955,4.983206810726635,1.6095924347768156,8.268284250972405,3.237263447357458,8.339011059084108,3.3048922412025394,-9.931655692372576,-6.617942203852918,4.93780362831879,1.7173761068348732,1.63307724756294,0.06730342706442904,11.46532248087437,-0.0806786238853654,0.08868220083309275,-8.300450621652603,1.6355284735383577,0.09193412777339027,-6.626803798863682,6.647051488340384,6.646553861887966,-3.234393492560491,1.7098706231889684,-9.974559990027945,0.022399259920522496,0.029877985068466728,3.3413479653786746,-8.233649018312663,-3.3969682609271583,-3.267752828963525,-8.349329525601734,11.492953243591892,-8.338643198562742,0.09611376633252533,5.014097468223715,-5.034439247182505,-1.6023923804716187,9.855513011608375,-1.7440965870045098,1.6060278003714847,-1.709985055233986,-6.572062205148169,13.156774214660366,6.611382344432577,-13.284808448397774,-5.023573624844832,14.90511448768561,8.175160664474948,-3.2575145891320822,3.298226546022918,6.52452380547386,4.89916427195195,9.903626013189438,6.669729805166934,8.310895373603625,-8.251132176682415,-0.007691406115160504,6.576001995932787,-6.630964273178591,-18.167535398638286,0.05793143267094347,-3.341880392415331,-13.298600476097546,11.616543976085577,1.623521548228215,3.322653765669319,-8.329521333711451,1.730653043200748,9.929954503701465,-4.874973173863779,6.531580449474424,6.608502390639375,1.5868944461416623,3.3620991872748247,-3.3858254179849236,-3.234666094405269,1.695450569050661,-3.210773205434192,3.2176844118822387,-4.931023814970611,-1.651633235077485,3.213162680261078
neuralNetworkClass 	class coursework.ExampleEvolutionaryAlgorithm
INITIALISATION 	RANDOM
SELECTION 	TOURNAMENT
CROSSOVER 	UNIFORM
MUTATION 	STANDARD
REPLACEMENT 	WORST
ACTIVATION 	TANH
COOLING_RATE 	0.0011
TEMPERATURE 	100000.0
TOURNAMENT_SIZE 	90
maxGene 	0.1
minGene 	-0.1
populationSize 	110
maxEvaluations 	20000
mutateRate 	0.95
mutateChange 	1.6500000000000004
seed 	1646684373006
random 	java.util.Random@3ada9e37
numHidden 	14
numGenes 	129
Training Set Training
Fitness 0.03492385136319508