-3.4656000901654727,-3.7803768099736583,-5.27361756739535,-0.6917772936204805,-7.8009499521268015,17.634913494523083,-10.436335560977001,-1.376325676943034,-6.1577378746327245,6.663923930881769,3.1346443496974743,16.17570181600615,2.5447648278811767,5.370339561936435,-5.0275316128962615,-5.177162256907143,-1.3860775251894655,-2.1540807926438283,-6.51955224457286,4.581938202826866,-2.9628215038182164,10.464617248333589,2.2238283868661215,-11.576680340267966,6.572133987511142,0.08379815684484981,-2.953373090352665,-5.647179234138678,9.178611622047722,8.805204789289697,-2.3686462936669708,-5.436378175005923,-4.286562920891956,-7.293511404657095,-3.948698507518415,7.65885360984851,-0.6984760731796698,5.722053240798971,0.3382782548884009,6.829723461582109,2.3645370160836343,-2.2144329574293558,-2.4643738957373627,5.553089396793246,1.0923443839466724,2.032532334539656,-1.726865415262239,4.360009679217217,6.953105549158783,-0.27305890139452593,-6.8061513256715696,-3.8188532434430487,-0.6703370803961155,4.463984805391022,5.369840402502414,5.018117603196615,12.142393683144654,-5.055943974334323,-9.659960908684502,4.185461898639296,-5.228783343375667,1.996975707024621,8.452948432803378,-2.0735103659204737,-0.43727076623185734,3.6274813504369803,-8.8835646230506,0.3261866155017916,-6.699753853935087,2.9416789250844344,1.4673236086290222,4.301784073417349,10.24380571168871,3.590335493223572,-4.178431265713035,12.69651287811808,13.36401034149859,1.2785614177368916,3.6513433721272968,6.234494540541588,-14.20213764935384,0.8426007829955413,4.158402407662149,-5.235367745454571,8.796552887648978,7.833124768303858,-3.4263513625102666,0.6787972808195502,9.264460592919065,5.720588989870168,-1.0891342977153293,-1.765480800275137,4.2554106407398,-6.448107343260982,-3.661869249048456,-4.45518323413451,7.146545010211442,7.3887464399982505,-8.746532742005957,6.067724515452959,7.001948744167056,3.746829481595169,-5.43815545614698,2.985494018279918,-3.2325245912602822,11.180984939155445,-5.801321421640218,5.908367536994453,-4.594988030128297,-1.174619338507429,-1.019466783882132,6.670249178991909,8.278718677782933,-11.101273368763387,2.1867721331478087,-8.19648607357599,1.4975787500845232,9.623319445404604,4.336452419181258,-1.9623780101821513,-6.902113182456263,4.382850403761168,10.72280427538463,-0.5888738460487257,-13.383894938277761,6.707589464369834,-11.796817192701628,-0.5595663367315353,0.2982481064999494
neuralNetworkClass 	class coursework.ExampleEvolutionaryAlgorithm
INITIALISATION 	AUGMENTED
SELECTION 	TOURNAMENT
CROSSOVER 	TWO_POINT
MUTATION 	STANDARD
REPLACEMENT 	TOURNAMENT
ACTIVATION 	RELU
COOLING_RATE 	0.0011
TEMPERATURE 	100000.0
TOURNAMENT_SIZE 	30
maxGene 	3.0
minGene 	-3.0
populationSize 	110
maxEvaluations 	20000
mutateRate 	0.95
mutateChange 	1.6500000000000004
seed 	1646684373006
random 	java.util.Random@3ada9e37
numHidden 	14
numGenes 	129
Training Set Training
Fitness 0.1093848549400641