-10.82593189579412,0.4438313783025407,6.787666339052558,2.5543377869453074,8.986896849402155,1.2799670520700932,5.413437368435502,-2.9653266004472716,-0.2872205168755073,5.356319743573126,3.5759329728081237,10.51336727252209,1.911082699909933,1.2959421759369327,-3.0557157121738445,18.158262509137593,-2.194323965825875,-13.54168045508073,7.2150216911639315,8.880754555326112,-2.268100715351733,-8.393210383712637,11.599945362683926,-4.520737759855232,14.062006934573978,-2.4073847647604563,15.12622807670321,-9.048672006661075,-13.122905819438593,2.6145795217062595,16.51015526430629,-0.3766903421414538,2.6203095282112345,9.727532520683207,-3.92792251950279,11.579047234072714,15.47044868821621,-6.436216691056467,9.016697289051304,3.288812971491847,-16.333169018181245,-3.4997470483263218,6.371610575397584,8.447270124933528,-10.504353928243328,-7.849621525423549,10.136997413918985,2.124092028422992,-6.229326060485979,-6.098260780440334,9.228947097840798,24.86084151037116,-0.6903766642477267,5.434966885016019,7.114076013754065,-5.885472045218024,8.172098186835768,-1.6547475572266093,-0.5132401063792331,1.4656680223578586,-4.846095914436535,-14.513125094342298,12.639363245142615,-1.4985072657094598,-13.37548847568728,19.22959157409928,3.0122030673135427,8.55762728054971,-3.172652440585253,-10.360474952707044,-5.061290094813113,6.934348478490173,3.1401078086062952,9.432985071400228,3.3980180100032724,-3.9327264120110588,-14.30447763885189,-10.295213912001236,3.807187546020069,-1.3041976865655167,2.597456110628978,2.2609481747528424,-7.536482218065615,-4.959516580819191,5.463998554359949,4.979351561903015,6.634178753508179,-1.4149577056000862,0.2414139855606674,6.280261088240719,12.247568698972277,-10.47581870168787,-4.926636381889569,-9.997402220857543,-4.236546493581679,-10.000572067100716,6.9618174623539115,-1.9610715045013682,5.512197415447354,-0.7390544903854921,1.4415747746559626,-8.218256667478146,0.7933924899193299,7.400926254665906,-3.1707631084124026,-1.386890062860222,4.766895274112054,3.240888238169811,10.502954473386339,-6.825748644890007,9.8565518655499,4.409870650933632,3.589575834220705,12.344124934938815,2.9891750430279433,-4.088556378328821,16.49268696272094,14.423303721232708,2.2977645683645465,-9.66635332749401,1.971139740270882,14.398664597436492,6.2727746303870155,9.700253508507153,9.335101213623489,4.433829193991084,7.830098198373985,7.136552458795105,4.080007587408673
neuralNetworkClass 	class coursework.ExampleEvolutionaryAlgorithm
INITIALISATION 	AUGMENTED
SELECTION 	RANDOM
CROSSOVER 	TWO_POINT
MUTATION 	STANDARD
REPLACEMENT 	TOURNAMENT
ACTIVATION 	RELU
COOLING_RATE 	0.0011
TEMPERATURE 	100000.0
TOURNAMENT_SIZE 	10
maxGene 	3.0
minGene 	-3.0
populationSize 	110
maxEvaluations 	20000
mutateRate 	0.95
mutateChange 	1.6500000000000004
seed 	1646684373006
random 	java.util.Random@3ada9e37
numHidden 	14
numGenes 	129
Training Set Training
Fitness 0.030930860804042892