12.246236832445508,-0.3117349858875751,4.0633089956401065,5.2024839892313075,6.897329751840207,-3.1868993786423765,-1.9196341410973492,-7.4223434713496195,-0.9734608772495994,-3.8060230047813697,10.861760042640428,10.120882764363689,-2.5307435883687255,13.579881665549637,11.584674975856093,3.956464264986222,-5.226739959348419,-8.125872858117251,7.713625111312369,-3.8237087894896753,8.559259884151441,15.210323330442657,-5.057266517297239,5.384610317620041,3.6523939704717385,-4.383970668791774,13.802302498805656,-1.2155915273115059,7.019503994025978,-13.172866776882428,-1.693893382145299,-3.363374636611777,5.045844629332493,-0.7570374447009582,-5.954087786550076,-8.268388370934836,-5.403790722279856,5.901581184560873,-7.367689561770442,-2.4170476117873925,-0.07071644329695559,1.9066809071695516,11.736024570549633,3.986978375648113,12.570365326415414,2.4519297712495716,-2.248566747518108,2.3869913721810594,7.996419317238699,0.715592279887419,-2.3158718388065536,5.589431979859511,-12.401239499148463,-7.162310781233426,3.306903083131024,-13.350077416791471,6.162490981993024,11.843918532851458,14.083649710492848,-4.969679419246392,-4.26185850084117,-5.154988849909258,3.328213036975411,-4.0263799011704595,-7.820202893845403,2.6671499163591212,-2.754662008512984,-10.848256214641902,-1.0146844656236507,-8.991468545842892,-1.8065831121334925,-16.18803061150461,-14.001926306113749,13.76910533117371,0.2638245346461918,-7.4690612865934405,5.716007021535082,-0.2850234175695405,-8.16079195236691,12.430900113991097,-0.24746672261143754,-2.8840877575738784,7.873173701541932,1.8710380674125364,1.5052819929378751,-0.6661553125345563,10.326393975909307,-0.15255248159067492,3.1623774533761653,0.9422175414392133,-0.7507656589242488,-0.9314871279090102,-0.737647813781388,2.4704745547954463,1.3685781764772385,-7.381845172104924,2.5725957640478114,-2.9550575553473504,7.016605909759094,-3.322387674032785,-10.637428378518932,-7.413185309103481,9.531863365696957,-2.3028716472328927,-2.478136868371707,-5.670106069769613,7.368031259534796,8.642112977045283,-5.790562074975657,0.9852052354465517,-6.436612799324492,-1.1659408721598332,-16.830651817779785,7.4065452501857205,-0.7459714276982625,-0.08530966407166662,-0.49058870953893763,1.600484926515528,5.056503571602605,15.332522435827412,-12.786754214369184,8.526297467263015,-4.199424774221869,-2.3657753534754686,-6.957637007991401,-0.7542643770057342,-1.689578036508478,9.238868234083082,8.233845029324714
neuralNetworkClass 	class coursework.ExampleEvolutionaryAlgorithm
INITIALISATION 	RANDOM
SELECTION 	TOURNAMENT
CROSSOVER 	UNIFORM
MUTATION 	STANDARD
REPLACEMENT 	WORST
ACTIVATION 	TANH
COOLING_RATE 	8.0E-4
TEMPERATURE 	100000.0
TOURNAMENT_SIZE 	90
maxGene 	0.9999999999999999
minGene 	-0.9999999999999999
populationSize 	110
maxEvaluations 	20000
mutateRate 	0.95
mutateChange 	1.6500000000000004
seed 	1646684373006
random 	java.util.Random@3ada9e37
numHidden 	14
numGenes 	129
Training Set Training
Fitness 0.02500067461523463