-11.382899594237745,7.199514429398116,-10.66126499222448,-7.760988764440318,10.484052144642478,16.922694105669258,7.822252461975188,10.561337533688876,-7.500997879957622,-19.554163970133978,-3.5302158613306296,-1.6714118468381667,4.045561310383484,8.828185586394458,9.343555586257786,-12.65328202580747,-7.697398868453902,-9.35914217958977,-1.926686615477415,4.735162514841546,4.98823129782865,14.224364180845127,-0.3323703495455117,1.4329193351213299,6.791530038188745,-1.2426614428624418,6.0735463643684255,0.5079829498819795,-4.150449896780463,3.7170185777762317,-14.055216673600617,2.755189988849022,-4.834763828757659,0.9296170406265274,0.7373010182560185,12.47749457455215,-8.309063117898363,-19.520502345726058,7.118915143165312,-2.9606516183421245,-11.280447355447166,6.4740216500740555,2.956136536473127,-7.255434985055848,11.014466304623344,-1.3136618115128673,3.725844278315473,8.769253545068693,7.005396165044477,4.926678200005541,7.9375503777311724,-1.5768469124721278,0.318320310858085,2.766845618732641,-6.822036095053108,5.6373030352979985,2.1916102935436212,5.0109605330373075,2.2172942884762543,-5.811904630477461,-3.198006374127594,-2.8886310889916906,-13.918029712709615,0.25875577075127865,6.997477538612706,-3.011614295339484,-2.5079112293648054,6.594766924480089,-0.8547265873147234,-1.0304521362019976,-7.36402817879922,8.977251472008438,-13.912297495065614,-9.198308772400061,-12.89735043979717,5.97032258548416,-15.257637915908596,6.530210847331495,5.505392361107862,2.9313571879337808,1.3272410585116292,-11.793629000793558,-3.9799055422083125,-10.65030394800001,0.8302305060899293,-3.502874096106094,1.798075651786033,7.334829353895948,1.1962831737342086,-20.345190938412976,2.536225176312258,8.206677374168962,-8.44251577099916,0.4220004051194497,-3.502348872226788,7.728437759754779,-3.9001456441631097,-3.0063523254650732,-3.271496502420032,-2.4343654891618396,-1.0703729425200716,7.879098501787629,-6.285208436923053,-6.738731368624466,-18.528255255631436,0.9188027537464292,-5.268293338367277,0.9502065991739226,0.0018807894122954139,7.8647395951028205,10.33003834850758,-20.076956604392933,4.000474473971167,5.849074371721761,0.02229310019927322,-7.097296116341628,11.263717926967267,12.017967792410563,5.711482097710264,5.5823294617466255,-5.264671612259603,8.601047234198163,-13.886374990733346,-0.9309512542927871,14.125011972294667,-12.907468557658945,10.219618198511474,-8.505064512005944,-14.38997329525076
neuralNetworkClass 	class coursework.ExampleEvolutionaryAlgorithm
INITIALISATION 	AUGMENTED
SELECTION 	ROULETTE
CROSSOVER 	TWO_POINT
MUTATION 	STANDARD
REPLACEMENT 	TOURNAMENT
ACTIVATION 	RELU
COOLING_RATE 	0.0011
TEMPERATURE 	100000.0
TOURNAMENT_SIZE 	10
maxGene 	3.0
minGene 	-3.0
populationSize 	110
maxEvaluations 	20000
mutateRate 	0.95
mutateChange 	1.6500000000000004
seed 	1646684373006
random 	java.util.Random@3ada9e37
numHidden 	14
numGenes 	129
Training Set Training
Fitness 0.018522346183120802