3.7953991210432543,-1.1817886793848453,-21.52396946370139,2.998018176046111,5.05822941027111,-1.1315735268627423,4.232350458441909,2.163644480485509,-16.318244897917097,-5.826486391255841,-9.755733420697046,3.1473188886585044,-4.175905993702913,-2.939541043891243,-3.013795990047206,-6.036341068384431,-0.4586723864382929,-17.90774737366138,6.777371728921128,-9.99855715014863,-13.115017313896006,14.232296120637008,-1.2467956819101937,3.741211588430656,7.036114396362851,1.950144213856456,-7.707681160166393,12.322133147421386,8.024268651144496,-5.318393814033801,-12.539645903372957,17.095178386611344,9.365150076791222,8.738651789391916,3.686349502292927,-8.899172411522425,-0.9261323042093688,-5.21550656373932,-8.870874038348205,10.548199883967117,1.9711782299171894,0.3966314149124077,7.0704228029052185,-4.451328746306751,5.448193106668828,-9.064421734648299,0.18834153129872533,-10.179286009310266,2.3905615913915756,4.219393595416758,-2.4810518311997978,-4.466131762780485,-0.8138080324946682,-17.6259125580526,-7.644321483093734,18.098422940225802,20.8011156857009,10.5873693728315,9.165489133368421,12.333559335002208,1.5561494897316592,0.5881431517749203,-0.7825052886897943,-3.0396205134532366,-13.727444010840141,-0.14343098593079784,-11.725872523101588,-2.382585566451029,5.627949799590448,-0.4605626608847446,-2.3133469362280694,7.834881180446017,1.024244297941447,-0.3969807989635106,1.7161725686360505,8.230125065487304,18.917480025508603,6.550480217124298,0.6680380436574325,12.000359543484237,10.69492267600583,-6.236631323955383,1.3819061235578083,0.9899869121403571,3.8078659823677237,-2.5033919164074607,-8.488549969536955,7.548451695811506,9.02912186022248,-7.436153224804663,1.8570483179673003,15.770757942978802,-0.7477745529274289,13.094940518531018,0.3815648477636797,15.976442642295373,1.1849322740292276,-23.220235330915507,15.343632482073541,2.8339813016232664,1.512628350227561,-3.8675269609908725,3.2746465644874956,0.3762642085614907,-1.932175249559867,-9.882253172063642,-0.7950226017994879,4.028958315331252,-10.110049719346542,-4.574507081652756,-0.4383000788664315,1.987240574811878,0.44520871341453727,2.5128781048664326,-6.485557052428362,-13.572438770618614,5.649306794711524,10.702505094455946,-11.162248109855504,10.429764923812405,-15.303585394525234,-8.467043586922912,-13.012341463349975,5.761072518503861,8.445756670602961,13.952858333116387,-3.293052210722691,10.387097016804129,0.002789606985908577
neuralNetworkClass 	class coursework.ExampleEvolutionaryAlgorithm
INITIALISATION 	OPPOSITION
SELECTION 	TOURNAMENT
CROSSOVER 	UNIFORM
MUTATION 	STANDARD
REPLACEMENT 	TOURNAMENT
ACTIVATION 	RELU
COOLING_RATE 	0.0011
TEMPERATURE 	100000.0
TOURNAMENT_SIZE 	90
maxGene 	3.0
minGene 	-3.0
populationSize 	110
maxEvaluations 	20000
mutateRate 	0.95
mutateChange 	1.6500000000000004
seed 	1646684373006
random 	java.util.Random@3ada9e37
numHidden 	14
numGenes 	129
Training Set Training
Fitness 0.019697143642956754