-10.748375889450374,-3.8940748061242925,-0.03702789635286052,15.23533081700779,15.23470480568072,-15.27523358520755,3.6203508926873536,1.138978187714483,3.3436000966926365,-7.533954224508056,-4.285135625018185,-17.662965171433655,-2.3033709519228127,-10.814541966770873,-2.8782650524379285,28.428616884829168,7.185378856286482,0.9721200152744274,-8.884956523892454,-12.943293136453388,19.397367294594368,6.166931954587763,0.5255155452191733,-3.967982757419012,8.487000532563787,2.891744576560259,17.046011690872643,5.5398706885391995,-13.764265374368009,6.403187372395345,-2.6917546765865943,-1.681244057977258,4.979453436062135,4.2814965318269635,-1.764889443333221,-3.8605453756525776,1.9056899268725385,-3.8013324765114955,-9.558637621350487,22.241366339185937,12.985422442845215,6.431738990503671,-11.888751474805105,27.84789562152924,5.55379090694772,5.246001664164401,2.525055616086094,-9.264503164058656,-8.458815203893206,4.969409091566355,-21.912612810488746,-3.8787892812276814,-10.569235026799504,4.11344996828887,12.628355212132252,-3.7387447844691497,-11.169408812704487,-10.482770675610642,-2.7952788796315584,-0.7815254043635118,-7.551865029556719,9.950487806958163,16.721386328508018,-10.790822111001967,-12.057930521191789,-0.34222586642651276,9.074489059496695,-9.419860728659302,-7.299165302755467,12.409967322173715,6.935723076600479,8.394260338887873,-8.590412530825152,10.350835319321472,9.453355849105975,13.918634795239047,8.916754143417759,5.78529351408543,2.8387810944040126,-9.638513768771992,0.7985140744395842,-11.397481050959657,8.688299850092935,-12.0053137792964,-12.255849519167926,-20.438947469254416,1.2081854219521473,6.226293315004829,-4.502684807449519,12.134513670759363,2.666945094134743,3.0527880773435925,-9.762136902810417,5.625529335225316,6.442051456384183,-0.17658592811490337,11.42602170221271,-19.1980318938704,-11.040723903900837,-12.560730467785316,2.455269286033875,-12.306446622191046,9.141116700734262,0.23752624026299785,8.77240760645352,-7.841587033236941,-8.913329853691927,-8.923608947383414,7.572919374373273,-4.161892205910712,-3.4513401194081315,-7.710846096704122,5.066816174685255,4.416167404520133,-1.0458112805271202,7.01590813041747,1.284787320037914,10.079141516638206,-8.465853292656533,-7.350745690288079,-6.94342973932817,-14.59933391113057,9.032061165810175,-1.1044586841186401,19.843075604857688,-8.271979329557974,1.1565381915919462,3.255928747768502,-4.65909494748375
neuralNetworkClass 	class coursework.ExampleEvolutionaryAlgorithm
INITIALISATION 	RANDOM
SELECTION 	TOURNAMENT
CROSSOVER 	UNIFORM
MUTATION 	STANDARD
REPLACEMENT 	TOURNAMENT
ACTIVATION 	RELU
COOLING_RATE 	0.0011
TEMPERATURE 	100000.0
TOURNAMENT_SIZE 	90
maxGene 	3.0
minGene 	-3.0
populationSize 	110
maxEvaluations 	20000
mutateRate 	0.95
mutateChange 	1.6500000000000004
seed 	1646684373006
random 	java.util.Random@3ada9e37
numHidden 	14
numGenes 	129
Training Set Training
Fitness 0.026381271448364784