1.1020744775701248,5.485340696927087,4.476938662454875,-1.3131175329782536,0.5302444348001307,0.3967775677239471,-6.3477413478176645,8.792166530741973,-9.039686140357912,1.452297885614457,0.8951038680224421,0.32060203245668983,-8.909375917484798,-5.2057561314096965,2.38490407123917,1.1857915595655117,2.683744211618629,5.904751619882262,0.23119746260093965,-2.1243719088149806,-3.871869305784654,-3.997149895170325,-4.482771874187188,-0.3358867067424516,1.5563593254973487,11.55888504032549,1.26319621469368,-6.9517448866361935,6.406930607985852,-1.0700353372242892,1.0662774709172824,-6.573945501891002,3.878756294436541,0.14161292645831303,6.680389720033517,-8.603187763123946,0.42704542278119906,2.1997963045102895,2.14203863105222,1.667732471680221,-3.4635814929422137,-5.336024552917802,0.42944094168518276,1.1410285342395188,0.03168520728252844,0.4958198132671754,2.4104775698127003,-13.116529242946386,-16.651166669654863,-2.180296190204208,-6.70911029851686,5.195553235341115,-3.8616154049808475,5.540090798268796,6.517492791756501,-0.9998126436443497,0.1603816643748175,-0.5426061219126157,6.47203883737359,-0.5389316118146441,3.404881418855579,4.007887124420782,5.159719064767849,-7.631408203987942,7.083938809635187,-4.075274365058178,3.702159634337181,-0.7035678225472353,-4.659326820644299,-4.423883846626937,1.2381182476596395,2.0346334321319315,-1.3918784497066277,0.8331663942454952,-2.2840463046374015,0.5452897125044491,-1.9748107433102655,-4.44607701850553,-2.5697032300553015,7.464634913106406,0.8791205812438507,2.1915945213341397,9.211209961211228,4.190589370518344,1.993518407426511,0.8439391741940199,6.3674862932215905,-0.8524497179087573,4.218055730393872,-0.7927182125154584,2.016592391414138,-3.9395580018683773,4.350625745487545,2.132608210315998,-1.497876251655748,3.2977841845575577,-0.015208997042550632,2.752671522026257,-0.1945021353921046,3.708759671466783,0.57499977678567,-1.5419743391729899,1.5519707199892245,3.0320105459928817,-6.550853503118668,2.7463901951360263,1.9919210176444206,5.044113150758751,-0.1273354638092261,5.853731343702249,5.606707523423554,-5.156572502138775,-9.519553861575485,1.2469299973224386,4.194262228820119,4.330243880094304,-2.3075034530207237,-1.3331081184394833,-3.6170586360581796,6.546886603979962,-3.033662830572391,4.257439467518207,-1.546980735544345,1.2316695343707282,5.813781874927319,-3.8006910182945397,1.2635637002580173,-6.081667326316209,2.6718203799971088
neuralNetworkClass 	class coursework.ExampleEvolutionaryAlgorithm
INITIALISATION 	AUGMENTED
SELECTION 	TOURNAMENT
CROSSOVER 	ONE_POINT
MUTATION 	STANDARD
REPLACEMENT 	TOURNAMENT
ACTIVATION 	RELU
COOLING_RATE 	0.0011
TEMPERATURE 	100000.0
TOURNAMENT_SIZE 	90
maxGene 	3.0
minGene 	-3.0
populationSize 	110
maxEvaluations 	20000
mutateRate 	0.95
mutateChange 	1.6500000000000004
seed 	1646684373006
random 	java.util.Random@3ada9e37
numHidden 	14
numGenes 	129
Training Set Training
Fitness 0.06307367718575439