-8.947530768369173,10.47061905284509,1.494974937955643,-19.842061666153995,-14.20248549150555,-2.0316936735982685,-16.041541501968332,-7.48987492920868,-25.690984111011723,-6.15771871348883,8.108449716122111,-10.298785255433256,-11.21328502458164,-5.43192384208216,8.241751149170506,11.053828347305194,-10.086647388459753,15.178017954219444,5.157218014931544,2.33600025875944,-9.745509903040064,4.509529956579233,-11.244362196660608,-6.984469551586557,0.48345695446442694,2.8649345551108105,-2.2124434449899164,7.2439221870839985,-5.299984609633329,7.128592499443153,3.105731321436102,-7.735234491228562,10.646881487507322,-6.430360357625518,-11.916820092462231,2.942598824288642,-20.648713699670886,10.828501818713127,-15.100399065007165,-1.3030463906102536,10.479310597137522,11.892789805822794,6.328231136337636,-6.5975410117422015,-11.061229735867135,4.463101687620286,-8.802121365283027,-10.3202757021163,-1.0104463422923526,-1.0853795840812062,-16.133222305438807,8.547866676973372,1.9927651816226177,2.746770505123737,7.194377671673711,-2.1177275570556713,-0.40735447484544096,-2.9369562280694685,0.33631560490224377,14.135348186516827,-0.6808487768479647,-7.777117207948875,-7.474771611412812,7.16294328644589,6.7147904546900605,-5.021679467750149,4.311532460365056,2.3492810255829655,-3.541776174885321,-8.194978613481556,1.6923262548409106,3.1453124723594352,1.019755851586142,-2.38654033393321,-1.7229258059491883,-3.0397220120155417,-4.11870497025281,1.967039071642402,6.102811635784687,-27.351254241885677,-10.473515346597198,-2.5344316468882173,-1.1800515190715313,-4.6145909271016325,-1.2702489364965643,-7.615696073385548,18.966826398848752,3.532348049287247,-12.816435176190408,-1.101483192121818,22.464682390041503,6.244274571149504,-15.848746108163892,-8.241829961636817,-3.1415509709854526,12.575371661653136,-1.8817396986696338,-1.6902839086086985,-9.466886191782056,10.752509187923996,-6.512227635193172,9.48194719280878,-8.97283998065614,2.21829152617946,-6.972783902055193,15.66024836950582,-12.65609545888408,1.973562702016519,-10.829866045284463,11.268530515410198,-3.171649796338933,-3.7873318350991454,-5.986473496446838,-4.989459758263293,13.381462130949345,-8.054056589737243,-4.076219132672606,-0.6578362135871476,12.275578562353793,8.192569736282293,2.1248526030463406,2.5037659424810377,7.663958793694524,5.103114562067216,5.890420857335714,4.936527982399234,-7.405726809720424,4.1347380911457545,5.34727685499381
neuralNetworkClass 	class coursework.ExampleEvolutionaryAlgorithm
INITIALISATION 	AUGMENTED
SELECTION 	TOURNAMENT
CROSSOVER 	TWO_POINT
MUTATION 	STANDARD
REPLACEMENT 	TOURNAMENT
ACTIVATION 	RELU
COOLING_RATE 	0.0011
TEMPERATURE 	100000.0
TOURNAMENT_SIZE 	10
maxGene 	3.0
minGene 	-3.0
populationSize 	110
maxEvaluations 	20000
mutateRate 	0.95
mutateChange 	1.6500000000000004
seed 	1646684373006
random 	java.util.Random@3ada9e37
numHidden 	14
numGenes 	129
Training Set Training
Fitness 0.014753679979735064