11.158693878350897,9.759658546840415,-8.086231594899287,14.968625274975519,4.747437751811672,-3.8767258607881043,6.089089737551555,0.7987797225256728,-13.705042173728353,-12.12857185360039,13.101314226622208,18.778110443123914,2.607300766319849,-14.175210873534422,13.03281313723333,-2.9770669796656932,8.873210952315187,-11.018863772886931,-8.864805623668238,6.816499029252659,-10.202495326295205,-9.565739983577284,-3.874525636151878,19.080816443902712,12.027919342340073,-9.15043340811214,11.045223071895212,6.974625141522653,1.484259960037278,9.96683098714458,8.773345770162246,-2.7192536337355264,3.67171867619429,-6.479531942040724,1.374958828358242,0.1347012128823719,-10.829215350769351,-16.87488572146134,4.548114296177644,22.422657768928715,-9.505788141176442,4.919227732134246,-5.803071986467861,7.590446423303447,1.9370573416241612,2.4418463451886474,2.763957075808925,-8.693450153479109,8.068849766798476,-20.06244449884958,-8.253524219871291,5.710645976346505,-2.122503995236525,8.592147152807602,8.572389469775159,14.660985515879451,-4.707764080166141,-6.562483690335286,1.0507485190926458,-15.648813925029554,-16.25236268892953,-4.848867093296475,-7.732983008304661,-6.387980211773984,-10.18885087603196,5.675312056068961,-9.893836616572218,-2.420960887281261,-10.369937279568836,-19.013970441900952,-11.46509732392551,-1.6510783970332525,-6.361663820785873,-1.203979631142877,-5.266599653761181,7.995843579668456,-10.933082719879321,3.0392707816956834,1.1423522157646264,1.3646274357351533,-7.2426498096733045,5.059598095899155,-4.196885987126894,-9.209885397969403,-4.685259976881776,-0.26539543936201504,11.519724606421635,-11.884739881513006,6.806066751176973,9.308088855222584,-12.689658736745887,-5.159004768618377,7.467265273102315,-23.466704733121453,0.6417758244697094,-5.661052840587452,3.898084877148552,1.3570056302441253,9.077309940076494,-20.70875334718773,12.432971232001407,8.005302849960245,3.8384697479704872,-3.7806784956534205,0.0683362042612341,-8.712958709910492,16.571731055997162,-19.311064858011044,-7.865936294320939,1.6673319365632029,5.468180835871436,0.019852626635243453,11.680349862596692,3.63231134212627,4.270594980265047,12.776227162962385,18.433530575280408,13.642899660585234,-25.58528112324425,4.410165661862635,-10.003190993791614,-6.099382622238053,-6.993908459841576,-6.568095253357283,4.9291624075803435,-4.292162789334473,12.415448100617205,-12.086122728042477,-5.062575970240791
neuralNetworkClass 	class coursework.ExampleEvolutionaryAlgorithm
INITIALISATION 	AUGMENTED
SELECTION 	TOURNAMENT
CROSSOVER 	TWO_POINT
MUTATION 	STANDARD
REPLACEMENT 	TOURNAMENT
ACTIVATION 	RELU
COOLING_RATE 	0.0011
TEMPERATURE 	100000.0
TOURNAMENT_SIZE 	20
maxGene 	3.0
minGene 	-3.0
populationSize 	110
maxEvaluations 	20000
mutateRate 	0.95
mutateChange 	1.6500000000000004
seed 	1646684373006
random 	java.util.Random@3ada9e37
numHidden 	14
numGenes 	129
Training Set Training
Fitness 0.010820980278341762