3.5567583111133056,-1.1276364757974466,-1.2374175862849484,16.360516412662626,-7.023630997373688,-8.324089756242696,5.623611845783929,4.709033924284405,2.422215570500856,-0.516678894167196,-3.380346730538104,2.5376683300977643,11.666140189845372,-6.068338103611993,-6.121909363762224,-8.950623540493412,-10.895686589997956,-8.680561229148935,4.715270838353717,-2.2516482681782186,-7.763143211529856,-5.679243158136428,-7.001546155030349,5.142205107840721,3.0880250272479692,1.0192640870149443,4.85468974423825,11.807665632807783,-0.02254764516863439,10.422104378000334,-10.630274230812825,16.922378901636463,-4.597236784111235,-9.874640002589075,21.995583250465998,-7.055334527502286,-4.186603894462724,-6.558417584616421,-0.8464225819702875,4.284264268273992,-0.6707269974721912,-2.6341274489472823,12.874202410469406,5.7401232179211235,-12.410449598506512,5.985751792248077,3.322959353840039,3.657195525652707,-10.54943690443008,-4.8825558380238245,-14.089406143556191,0.9489576934333694,-8.40556230441295,-11.07120154081477,-3.042253803760108,-5.226615562432563,7.700489348898881,-6.597192418528195,-6.45964627123748,-5.421441167025785,5.547943537696984,0.835213973388619,-1.3788541902235227,5.182774933782634,8.238411367816305,-10.09038831162622,7.8621103335193325,7.847877401131477,9.897679166765442,-5.918594713493462,2.2828748256529914,11.760557663016938,1.7064603473394788,10.877375476783497,-0.8416732104550917,-6.346152597701423,0.898546854874045,-4.844506784005789,-1.2961768420518647,-5.64045246136102,10.805261499994133,5.270013515614931,22.188002193018512,-9.168948570487863,1.977044209682111,3.742244512810366,-9.140657565158062,-1.235021712766974,-8.095068474614074,0.6729950895056214,-3.5425540719587403,14.188318747203922,-16.953140108162827,11.609832819983527,-4.772407584322574,7.338115721360458,6.946076194147134,7.6041998639363335,3.930164027426475,1.6662024872840604,10.353000349203361,13.90414489723277,11.63131445191675,-7.569011244732282,-10.843198002191917,9.73592878316005,6.621446302569183,-16.9801717333427,5.74546406858266,-7.769938430945938,-8.898931685599514,-5.213698533542814,-3.1774822293664506,1.5762409754168925,9.722111546724259,7.149344968665867,2.336554867711775,-12.13541669150225,4.058480019651316,9.236587963767224,-11.580347123740248,-1.1314144374617854,-4.374248158809154,10.19053622261025,8.419897248974953,-5.866499913823805,5.35110187448937,13.609763560856601,-0.2990079724804464
neuralNetworkClass 	class coursework.ExampleEvolutionaryAlgorithm
INITIALISATION 	RANDOM
SELECTION 	TOURNAMENT
CROSSOVER 	UNIFORM
MUTATION 	STANDARD
REPLACEMENT 	WORST
ACTIVATION 	TANH
COOLING_RATE 	0.0012000000000000001
TEMPERATURE 	100000.0
TOURNAMENT_SIZE 	90
maxGene 	0.9999999999999999
minGene 	-0.9999999999999999
populationSize 	110
maxEvaluations 	20000
mutateRate 	0.95
mutateChange 	1.6500000000000004
seed 	1646684373006
random 	java.util.Random@3ada9e37
numHidden 	14
numGenes 	129
Training Set Training
Fitness 0.021690609461401035