2.066714152715635,-9.78364486161045,13.602612466305164,-11.497196665320564,3.041390415163608,-7.977027746284749,-9.623549339433199,13.072107423944223,-9.09637835348592,7.63687432609945,-0.4486362667623496,-3.445891661314528,-18.533311928584837,9.508428007593993,19.482288783265084,-9.076809072079563,-17.180292714053778,-1.9513541787538022,-15.79018427660866,5.330390170704693,-1.830274070037266,2.587224268888379,5.699665392774365,-13.671821307468004,-8.411460718205854,-11.315901142319598,-6.712264346350354,-1.1374031920557997,-2.5708958864938642,-4.468092855390836,-4.4254982517835435,-7.694153661263181,0.1285623700308811,-2.478903938824626,2.6021087430071868,3.9917489489487714,-0.6572692862808074,4.022570019509691,-11.243601464324417,9.142468501568938,-18.39947948850319,-3.247381998274415,13.47795332590366,-5.772476223546072,-3.8687766618954686,10.356909182193114,5.468874789297114,7.534379635765179,12.47157502814196,-3.0351399219484136,-5.792021316757459,9.392947173298552,-5.023680296677356,3.961154620013893,-10.676207442434178,2.215822551460649,1.758502056304767,12.65020527724744,-2.5658645499709607,-27.71275015479703,3.676368672129053,14.589994547085672,0.14016928136943552,0.9938625827481822,-12.141155860010347,11.203436083420621,7.90870342125079,-4.627057505611959,1.8693282307950572,-12.507451094845516,-0.8217467919373869,-4.047907996611818,-9.188183183248887,8.155172050686765,-4.949237011890077,-5.542762919723513,4.339418901193144,-1.502152187093861,-2.0982093142975664,-2.8700057599553173,5.411313703218802,-6.847897999309754,-0.8583672901160098,-2.3010360692955345,-6.634221709776982,-8.08225930970423,19.47630020101675,-0.4403728077407898,10.718940847768872,-6.834231386965008,-4.189376063214455,-12.179745979921432,7.3360253557492925,-6.569980625582387,5.516615454254522,-2.7885318929267866,7.096461853407705,-6.749430299499336,-8.464162067857243,12.143904456436449,11.575851321668639,15.170870672153809,2.3723252088515903,-6.5563144765731725,7.578295434646359,2.044372487559235,-3.311693675106307,-5.200615689899579,-13.554772775911774,-1.3784327129750418,3.970556646968756,3.0596474385127337,-0.3844016912628234,3.3143728177319964,-5.315614764067011,-0.8048308868929315,-1.7457497274331502,1.8299155796672846,-11.893054976651833,9.5211368925604,-7.842996654006601,13.669523404259222,-3.792534194215479,11.22888850916575,4.090019696401166,-6.508884417368627,-6.702840909295381,3.1859794859278106,-15.130670198958859
neuralNetworkClass 	class coursework.ExampleEvolutionaryAlgorithm
INITIALISATION 	AUGMENTED
SELECTION 	ROUTE_RANK
CROSSOVER 	TWO_POINT
MUTATION 	STANDARD
REPLACEMENT 	TOURNAMENT
ACTIVATION 	RELU
COOLING_RATE 	0.0011
TEMPERATURE 	100000.0
TOURNAMENT_SIZE 	10
maxGene 	3.0
minGene 	-3.0
populationSize 	110
maxEvaluations 	20000
mutateRate 	0.95
mutateChange 	1.6500000000000004
seed 	1646684373006
random 	java.util.Random@3ada9e37
numHidden 	14
numGenes 	129
Training Set Training
Fitness 0.03930189587300073