16.222316734500467,-9.654895396447104,19.61361913207884,3.7455281860818896,25.75601129649612,-5.572334227381007,-8.872516024609745,-16.064101997477152,-5.19318692761661,14.348735212145517,-8.56552399448639,1.4683543741177445,-12.14701135643068,-0.12607961040551707,-13.709461131296356,-0.8877703873204563,2.952372327320612,-9.237995821286852,27.66203364370982,28.426428346762812,9.998129811937238,19.845020564761285,-0.5622424498978056,8.037433564576485,12.649302995364204,-9.462088291881043,-13.649347015948297,12.212789717737955,4.434791249204576,12.522787203288209,-0.46144284274101643,9.024676751609324,18.854120415988234,20.324662389778403,-1.8876599621842463,-12.836262374467266,-15.597770226484087,3.8923754307573635,22.92461688835472,5.230880862893928,4.397852429740637,-3.090915288435056,-6.380022614391589,14.525014559072588,-11.230321085054419,-9.459267575844759,3.4160386551355924,-17.02759751546632,-9.6334031653296,1.3023456714113308,-5.87951715135887,2.9085692221911668,9.75791601324852,1.7810294707844845,-19.46739517814185,-5.3235885527064415,-11.823408675177264,-6.899008512176076,7.758750044265733,-3.255588395782433,5.683069678475778,1.2499214483142254,1.7393862210726567,-2.623418629613383,-17.560506541106626,-9.042465672656476,4.941408407874292,-20.349002328188625,3.8836059488032397,-31.723930484986923,7.162638540312242,4.176529246536928,-0.9274087290037851,1.9722133028580737,4.1114745166194995,-5.3976205232879755,-3.7783109476612635,3.8140391870100174,7.561924123223443,-6.595558080689061,0.05839754927412244,-3.287969451112355,2.1738907407946577,-11.118017128799034,-6.4419530629122,0.022311198598050197,0.6943967874671699,11.682325895549901,-14.66597994674727,8.682511582966853,-3.5542865570866535,-7.8028311243848645,-4.003299676436871,1.342932112750761,3.757187105256966,-10.266681432587184,12.538820981110645,-10.511060705948472,-1.6628200920733711,4.060155150852724,-14.048543168438698,2.832764286078733,-2.4061734911771477,17.200499834961093,-3.336273459005316,-5.702811466319802,4.579300383425885,19.3765953496997,-13.645855036995645,4.631990031372778,-7.858516576519991,-4.549558192611004,-10.359878434832856,-4.879253672684687,9.598128253983864,-6.200212611409157,4.37134923168494,-4.511966095036762,3.519088048812362,3.3863125994621086,-2.539407682495744,14.938561829722785,-17.649955739743632,11.14552107727964,-11.14805230321524,8.176730636451037,-0.44090229794691993,-2.6336735486950085,7.2477312921825705
neuralNetworkClass 	class coursework.ExampleEvolutionaryAlgorithm
INITIALISATION 	AUGMENTED
SELECTION 	TOURNAMENT
CROSSOVER 	TWO_POINT
MUTATION 	STANDARD
REPLACEMENT 	TOURNAMENT
ACTIVATION 	RELU
COOLING_RATE 	0.0011
TEMPERATURE 	100000.0
TOURNAMENT_SIZE 	5
maxGene 	3.0
minGene 	-3.0
populationSize 	110
maxEvaluations 	20000
mutateRate 	0.95
mutateChange 	1.6500000000000004
seed 	1646684373006
random 	java.util.Random@3ada9e37
numHidden 	14
numGenes 	129
Training Set Training
Fitness 0.019855270081878124