5.533273575875314,-4.000105301669766,11.69503945805227,-5.288006452676457,5.61710790288536,3.1982504425018465,-2.1622852654460294,-1.961988149464081,-5.515913186961328,9.796426580500212,-6.14075716789954,-5.361398614274897,-6.597981867488857,4.0784803497717785,-10.765052475906483,13.4705543315648,2.859575120875448,-2.140994170586599,-5.116424842135483,7.053927871968558,-5.794809915261435,14.51911041535306,-0.36373161242664764,-11.405270473509491,-14.451627684615188,10.23918475841931,-2.020350193012388,-11.087380025496886,1.2553495348656787,6.824603374237226,-5.80406954996938,4.5100584808695965,4.574590231234283,-3.9647217124035627,4.1322186711472515,8.030408754633406,-6.759417929501344,0.33180089659616563,-11.84426344031416,-4.1032853614828495,1.4719825664937343,12.354481398044994,16.662983929344996,9.6991447053866,-0.536555410630216,-0.41605736772894897,-6.150924210374978,13.176549551990512,5.75475901315053,8.168870034423833,5.091788358334226,4.1070179668143805,4.575494745987543,7.054352775918284,17.16238834467913,-5.331178297769519,10.13197721380097,2.019167570109356,-0.9376109067190859,-3.945291899725289,3.3363958803443428,-6.53552647469078,-0.44832292460054646,-3.4825577945778203,0.928791137839494,-5.994757084186381,6.193518726459541,-3.264394772111869,8.07602141994629,-1.400506986664297,2.137233322332947,2.3775044027723498,-9.394904812857924,-18.160241714690407,-0.8378734064477662,3.8725227910444655,3.514768508687098,8.837022479109887,3.6810331541682677,-5.4723373975188085,-8.47670737855653,3.6301777978814673,-2.998334342691768,9.287335872886311,3.772102778654835,7.103191175033585,1.93048865303206,3.532325595821497,2.265989971565846,2.2498260958871157,-10.268007757325258,-8.515867228332658,11.056842422597382,18.17666921421683,7.571128816642567,-4.862745737868915,21.385182022870197,17.72704204562975,-4.608038232563776,3.723156737671176,-7.3100030727277225,11.14354428548646,16.13347019831958,1.8106227948637228,-2.382505397475599,-4.273256981884168,1.0692273487838317,10.971232498238571,-7.661414540174285,19.32339836208913,-7.788414156909118,4.884266650372179,-1.425867582748988,4.409213459756086,-9.434134415085914,5.7335298740820555,1.3612690187523975,-8.258955348377183,5.087127901421644,5.411143725572634,8.792936309791232,0.1548054885307737,-3.7615430266651604,2.836840680723511,-12.713395708174653,-14.277050941668412,-2.610224299591665,21.747786447444184,0.5083550419480369
neuralNetworkClass 	class coursework.ExampleEvolutionaryAlgorithm
INITIALISATION 	AUGMENTED
SELECTION 	RANDOM
CROSSOVER 	TWO_POINT
MUTATION 	STANDARD
REPLACEMENT 	TOURNAMENT
ACTIVATION 	RELU
COOLING_RATE 	0.0011
TEMPERATURE 	100000.0
TOURNAMENT_SIZE 	10
maxGene 	3.0
minGene 	-3.0
populationSize 	110
maxEvaluations 	20000
mutateRate 	0.95
mutateChange 	1.6500000000000004
seed 	1646684373006
random 	java.util.Random@3ada9e37
numHidden 	14
numGenes 	129
Training Set Training
Fitness 0.02319088827277055