-11.448481827142944,-5.464806997237936,-3.894347262289922,0.691552395352153,7.346408172595739,2.2006270276035456,2.3144664960005654,-7.1648046804018435,-3.11290094335097,-2.523182931797188,4.529225552755082,3.1215168557027706,-0.23317558061387778,1.1397395414809628,9.583713353417458,6.705199636288311,-2.5931561237731557,1.1005324101875065,-0.4431366131197443,-5.750594294276099,-5.2966889668840045,0.13410267276957644,11.737190241366964,-4.840069122934845,7.273821716125255,-3.145207222723352,-4.051911161761877,3.7817558122391914,-4.109041223400455,1.1886288154298636,-1.1347370530309817,4.221775409841564,-3.118833485485868,0.348316361035764,-5.595188219163081,-2.0256209890092274,1.2208023227703602,-2.3637118679594344,-1.9297322348374975,5.301944264650025,-3.172770071026445,-1.317250675670067,-2.8808555647396634,2.9601980641398287,-4.028666901344856,2.519807911602056,-2.755680511339346,-2.891210419108466,-4.071155141566129,-1.0505841635235966,-1.7371571150401977,5.0103092353314125,6.14140370914208,-0.8680104908326638,-8.135473403323314,3.3463798060321004,1.22426141079809,2.704217854841813,5.944936754993436,-1.082664411959883,6.3860864490421445,0.5787062298218082,-7.017823772713694,9.492396175665586,-2.832681515878746,1.6347467376305742,4.814109880222327,-0.45986753204303055,4.007048568403947,-2.1713557843187,-1.2175486530694073,5.094412922905278,0.014413182997801588,2.633669167491747,-0.6676051727723298,-2.3010918424529865,0.04900642705130265,0.6638491470865331,-0.3087573427774961,1.3736240301449625,-1.0941693729160442,0.9424501412431807,3.6467427409537283,1.509822042706526,-2.596178841399375,0.04514121899487966,-4.194382243131441,-4.474921520586473,2.5929962392957178,0.4294752520205254,-7.414967770293657,6.148122758108639,-2.4262010216947973,8.806460235172096,-2.575490094846105,-5.246513051525635,4.263214098789627,1.1166349446440922,1.8030790426340575,3.5788889640907113,5.44575745858236,-1.1077952734024752,0.4061892475289284,-4.9163378079843465,-4.036547730924905,-1.7315668357737595,0.30920907612980253,1.944435147166442,2.4774211896926723,-6.848374210703941,8.129078536821456,2.1346558315653605,10.074739327115475,0.6076829745041716,3.3429576106696395,2.0974449331032528,9.247709177607348,5.554339890737031,-6.017523863893384,2.3966539573898284,4.088733108074704,-5.328148508585033,-0.5155431772118133,-4.081105680450886,-0.4775239892750731,4.191021801949332,-2.3862511118985044,-5.500306255530856,-7.261974957799412
neuralNetworkClass 	class coursework.ExampleEvolutionaryAlgorithm
INITIALISATION 	RANDOM
SELECTION 	TOURNAMENT
CROSSOVER 	UNIFORM
MUTATION 	STANDARD
REPLACEMENT 	WORST
ACTIVATION 	TANH
COOLING_RATE 	9.000000000000001E-4
TEMPERATURE 	100000.0
TOURNAMENT_SIZE 	90
maxGene 	0.9999999999999999
minGene 	-0.9999999999999999
populationSize 	110
maxEvaluations 	20000
mutateRate 	0.95
mutateChange 	1.6500000000000004
seed 	1646684373006
random 	java.util.Random@3ada9e37
numHidden 	14
numGenes 	129
Training Set Training
Fitness 0.037349661404785586