-0.32813530514299183,0.47493648631313634,0.9930668926616774,0.8260403032609994,0.7793673515907388,-0.4691464404359955,-0.8104556526269843,-0.8658034083687561,-0.4306608213289582,0.34674210278793394,0.07967413261132028,0.422583782535363,-0.09562722003413615,0.8689387524575577,-0.2554656016112986,-0.26245861323134,-0.470864706924103,-0.8393482141702123,0.7456707045431711,0.3148296111239265,0.3126932627363489,0.8976378257390786,-0.4431058251161979,-0.3003589726110676,0.22741939483936868,-0.9853917446927624,0.7740155205549483,-0.6116552629000616,0.4296565614305897,-0.3221756597109613,-0.40615696874370366,0.4123831455241481,-0.12232998211922963,-0.7609616032234036,-0.4953801689696433,0.8489273458421421,0.6329430581840422,0.29712869762883864,-0.08225100384320894,-0.6009214377142658,-0.7822355733980529,0.9431552602060537,0.6278669863037382,0.7384096160970105,0.8650226038095844,0.08464714936942952,-0.01480959626943501,0.20479067701196663,0.9817509638202256,-0.24636801179788304,0.9366052142955726,-0.9594306031880381,-0.2581986277041035,0.16990002120808512,0.5109899939913524,0.5407538040436811,0.3614939752829184,0.09561583322086309,0.9926829906085793,-0.07592020785124132,0.5116781317751998,-0.9322258998387966,0.9348200371341385,-0.5823569080496622,-0.919863717041527,-0.11183968914314701,0.8589923869739989,-0.9840664973021976,-0.760990835493286,-0.5819473784728273,0.6471222755357909,0.08101636262890011,0.17686972884548247,-0.2840917916978476,0.5629582877120812,0.8808763943364649,0.6706630632362666,-0.5861190996750041,0.6830095443517327,0.23232664895693544,-0.912159109736573,0.49396650733081915,-0.9348964825276603,-0.9503654488314265,0.9087362511291567,-0.8459533774109494,0.38035606358479235,-0.807859020246316,-0.578041773380465,-0.6920859213497474,-0.013674055453281042,0.38877977855032675,-0.6394450777897149,-0.5357782278468131,0.9820697430657911,-0.531846394163995,0.6346876340891997,0.6551242757551606,0.31496617805004534,0.19800217621371996,0.9575514996338182,0.7764361633044196,0.20981545129039259,0.24280990867816288,-0.9470932929505759,-0.1293957164307098,-0.10032208793096187,0.2928325215913269,-0.9392071008381594,-0.39448179278453344,0.861548775853395,-0.9921082374956617,0.8087159373680312,-0.8368781895416032,-0.22787561012050217,-0.0658830535208983,-0.6078641761569792,0.5409798066172716,-0.9347657687621506,-0.5403074946399848,-0.8653967365261744,-0.431533053528407,-0.7759394436325969,-0.935240660509315,0.27696954495335946,-0.8301897058859186,0.7102643520330197,-0.5594268612289499,0.1377158472782224
neuralNetworkClass 	class coursework.ExampleEvolutionaryAlgorithm
INITIALISATION 	RANDOM
SELECTION 	TOURNAMENT
CROSSOVER 	UNIFORM
MUTATION 	STANDARD
REPLACEMENT 	WORST
ACTIVATION 	LEAKY_RELU
COOLING_RATE 	0.0012000000000000001
TEMPERATURE 	100000.0
TOURNAMENT_SIZE 	90
maxGene 	0.9999999999999999
minGene 	-0.9999999999999999
populationSize 	110
maxEvaluations 	20000
mutateRate 	0.95
mutateChange 	1.6500000000000004
seed 	1646684373006
random 	java.util.Random@3ada9e37
numHidden 	14
numGenes 	129
Training Set Training
Fitness 0.14400230117156484