-6.2368279231685095,-22.448021163458698,16.06309182638757,-6.215408081690548,-2.6459933966766833,1.221465690100965,-0.4612337379507174,-18.826715407009132,0.7810067293762479,2.484501375536489,-8.582296797947704,1.9013755704451825,11.227909677878024,0.7381461126618767,-0.16127705054260666,7.910143446497794,-3.1115557397697167,-7.241439508713324,-2.07553145227541,-4.05905123238965,19.318922170116913,-11.769546709301949,0.486523064795243,2.5502771250596945,-18.646636794866353,-1.7184573406163741,6.4378576568438195,-0.04499196003997952,-1.029745440883584,-17.87881362893679,1.0179152360374442,-3.190784224939808,-12.058159836263055,5.621011607112475,-1.653808174490397,15.37123047479241,8.72613241054989,-7.248454481636486,6.168216193305376,-4.785391708270069,3.2786366164652545,0.1025205919171519,8.643379228913714,18.76908384273201,-11.984925895542611,-14.734300879350355,-15.75288886852828,-1.6525020255253455,5.998188836879528,4.7477338513342815,-10.629549605914733,16.222115737158457,10.401015415672495,-2.443245331670635,-6.751903702645301,-15.691327137714465,-4.334211401743551,-2.3799583709714653,-18.168418303224378,-0.4010900183982766,-3.7180329525224725,-1.5086834401812883,4.297253796864406,-6.047724918778392,1.4986411437618479,1.0948589259601471,-4.210707938955068,-3.285102401300758,2.465895622351818,-3.0201786482336477,1.596044169467092,7.628859548572686,4.366488789490923,2.221793945939453,4.243503963324095,-8.872790700965554,-1.1964878706794204,-3.590163029276363,4.112805697149678,2.2800879303145214,-0.2985122526624897,-3.954125716464569,1.899152444299144,12.064758079853464,8.407658465879512,3.6595123360777304,17.577646397581653,-17.472753189343337,10.897025151157626,2.1550182988081232,7.327032649246493,-11.964261242131093,-2.8610229872241195,0.8583673532886973,-2.2145819290120254,-18.104225773141124,-7.624835813886148,-0.17906174838314737,-6.327428477584164,-6.29526907491616,1.2875527620340685,10.21260726855631,1.9114583057267875,9.467987953761355,6.252404170555458,-1.9993348119272305,1.2672119856185287,-7.068404048359106,9.330213875279506,-1.78784709142068,-0.30521175253654675,-1.1438041085913628,10.583444160872963,14.11588014023087,-5.552902761725093,3.6643511718683683,-4.95682003076845,9.63657084123654,-1.0565451467457265,19.63838261076473,-0.33736320542835685,4.627240692816779,9.18374158682862,8.528212995115467,-9.850256754539934,0.4770936844513578,-6.333296576225287,-6.951345219816255,-3.6371801755843514
neuralNetworkClass 	class coursework.ExampleEvolutionaryAlgorithm
INITIALISATION 	AUGMENTED
SELECTION 	TOURNAMENT
CROSSOVER 	TWO_POINT
MUTATION 	STANDARD
REPLACEMENT 	TOURNAMENT
ACTIVATION 	RELU
COOLING_RATE 	0.0011
TEMPERATURE 	100000.0
TOURNAMENT_SIZE 	50
maxGene 	3.0
minGene 	-3.0
populationSize 	110
maxEvaluations 	20000
mutateRate 	0.95
mutateChange 	1.6500000000000004
seed 	1646684373006
random 	java.util.Random@3ada9e37
numHidden 	14
numGenes 	129
Training Set Training
Fitness 0.009571874781662205