2.1971240709937003,2.9967573431427663,-13.027877855063311,-1.4414774663173295,2.5332195272993783,-2.2499203737493847,-9.191721596330806,-15.068610776793157,-0.42258557604050306,-2.8138477110546907,1.1384028134068425,8.16815853846132,-13.556161600097365,-0.7676246136809768,6.334644260368101,-0.8990412549182496,8.9546038824084,-2.6347478138986014,0.9850708855658468,5.426187224381935,6.479704759059539,-2.2840213970184085,-0.03347675691147689,-9.718946061392638,0.7980555925742587,1.9159214795178254,7.517970603849976,3.4151072373352083,2.4910370774672037,0.31903201864295827,8.448199093120296,3.6521923774177782,8.734207985200008,-2.4105838472212033,-2.115298565260776,-2.9417928449998243,-1.505357514642887,-1.6690478563735303,4.481190092298476,11.537450198504356,13.420648831781287,-2.637978271265805,18.84919834178548,-6.274730374353017,6.2774211433396285,-8.697911963739065,4.4147837320901235,-9.972850864631193,9.336472713646256,-4.411969767767978,-8.22560711699414,-4.775712618568308,-12.881500990997912,-9.373187241035371,0.5344960061153481,-4.426852645824022,-4.631389827438111,-12.882757569297997,-0.3823571742256071,-5.178622820742928,-8.440324242791775,-4.012765358127972,4.453143030411564,5.944923196993008,6.123816208060104,1.2941855351485767,-1.1063826311521279,0.4310792645435626,-1.0461245589388506,4.924716580784184,-9.590787013677538,-6.410362260097399,-14.403994638006033,6.056230665603437,4.059326961060073,3.0192299756062386,3.9212879498787503,-4.043609811936208,-2.172775921336152,4.338364688931792,1.5686212790347938,0.5478003977063777,-11.224016400673856,-3.6894039772448526,4.1928881805914795,4.003852442110589,7.344759230960332,-1.0493253608291173,2.5317274918819503,-9.332148009134409,8.202378852055471,-1.6565443988767306,-11.678979423419998,5.351232861032195,-5.289138980065633,-6.210238808156003,0.09350727519277591,4.717824692416366,7.12446973744574,-0.23668383225957612,1.1867367997289051,0.44981790737286254,-7.689521847813079,2.2202968934790057,7.515861239254248,-8.682761359520866,14.125856439402261,-7.802044393520623,-0.16642648083837752,0.9864206942187659,5.619647924024356,1.7712059107929203,6.253787691084212,-5.945867983499997,-3.896157785927312,-11.894026651961843,-7.392541068200957,4.432683548908437,-10.65389550784412,7.805541271330186,2.3782357303849953,-8.41247455461039,8.685761302583947,-2.0589596409445345,-1.2175665664149937,-5.557500059954917,2.659998603210286,2.1896542540221127,-2.2378832214106446
neuralNetworkClass 	class coursework.ExampleEvolutionaryAlgorithm
INITIALISATION 	AUGMENTED
SELECTION 	TOURNAMENT
CROSSOVER 	TWO_POINT
MUTATION 	STANDARD
REPLACEMENT 	TOURNAMENT
ACTIVATION 	RELU
COOLING_RATE 	0.0011
TEMPERATURE 	100000.0
TOURNAMENT_SIZE 	70
maxGene 	3.0
minGene 	-3.0
populationSize 	110
maxEvaluations 	20000
mutateRate 	0.95
mutateChange 	1.6500000000000004
seed 	1646684373006
random 	java.util.Random@3ada9e37
numHidden 	14
numGenes 	129
Training Set Training
Fitness 0.02303522551311301