-2.378107959390314,-10.63274236579979,-16.078123381556914,1.1879911268094645,5.20351229537161,-4.401549807342807,5.437480295024855,2.9308537101664642,11.611569078730511,3.202085825095523,14.259336269677274,-6.474505142015735,-2.2115561875524623,4.165586930703249,11.18800511202395,-4.62663841730329,1.6068928438945367,-14.75874751581414,1.1940595403157577,10.787755820013107,2.5677678898635143,-12.302549943632537,-2.3681607406213523,-11.576905517637151,3.9087444866221412,6.037283164131889,-6.867726356454325,-8.159663257790626,-0.9105509562186436,12.98562484692758,-16.128742058848356,-20.290742379947368,0.395698253520524,7.601934862257427,-3.053161322455212,15.419965360590766,8.861053329297297,10.728560284482521,1.6919428031755155,3.9598658249839325,1.9637149779789134,-2.3748978285797815,14.731691723520239,1.1817490785281262,12.454632021013936,-19.04618888678457,7.036940902762156,19.06042096669122,2.503557166757484,-8.806245990334768,6.29331617575539,-8.540936733093911,-11.510116159678804,-8.707681003344717,-1.8041073444891182,-2.9758232880086792,-0.42893572286533654,-11.717778086122022,3.8113746665525596,-6.072861857181597,-1.6396537538798377,6.138646784564333,-14.013918278627015,-4.736011472976207,13.994855461450133,-0.5945273658129047,-2.3775242212393763,-0.36991210004464037,15.382386481810528,7.400769045322855,0.23857220074182628,-12.475995856567152,5.789508955913654,4.644160233858839,1.418136140590346,0.7470553510273366,-4.652642049388264,4.2135282850928455,-21.450103670731146,5.831404125704541,-10.501856394608906,-9.681554268750618,-20.799511752692133,-5.589538510097684,8.045649161096906,-6.6476627051057005,6.54982788930405,-1.7862841730172496,-5.349279033613955,-13.752521016742302,-13.71090249008907,12.873964675001229,9.277986958642233,-7.0434469847773915,7.390511082584807,-4.82171638055997,7.602778141842888,-1.5784125818425672,4.054512731693878,3.974926905135635,5.777457420503422,13.365714896702043,1.4240419127719015,-10.883284509564204,-2.6659029150676847,3.5053001611052412,-14.773011795442399,-0.42267589161139085,-0.8843176786094755,-2.1704115395913846,11.416939342091467,9.170241818651634,-13.619253006534368,-10.667855979696247,9.378812778249653,6.181038102247292,7.5665885623227815,12.752949061801463,-8.30005649130632,7.691925027768091,-1.8260606106340536,8.002150416951139,-11.271313268103905,2.7334686208029852,11.151207083826952,5.036045176087809,-13.898421596902326,4.541657675308611,-5.040868433930584
neuralNetworkClass 	class coursework.ExampleEvolutionaryAlgorithm
INITIALISATION 	AUGMENTED
SELECTION 	TOURNAMENT
CROSSOVER 	TWO_POINT
MUTATION 	STANDARD
REPLACEMENT 	TOURNAMENT
ACTIVATION 	RELU
COOLING_RATE 	0.0011
TEMPERATURE 	100000.0
TOURNAMENT_SIZE 	20
maxGene 	3.0
minGene 	-3.0
populationSize 	110
maxEvaluations 	20000
mutateRate 	0.95
mutateChange 	1.6500000000000004
seed 	1646684373006
random 	java.util.Random@3ada9e37
numHidden 	14
numGenes 	129
Training Set Training
Fitness 0.013230511801547266