-3.9183594241744757,3.7735361774866014,-0.2581047162604948,4.153308394632969,-6.091532563063064,-4.241956989797792,6.41752012244431,3.3876552125603103,-3.699284088871354,-4.469651015631394,-1.5871506898678174,-4.673042305221413,-1.7079244937941596,4.092771422998279,-4.5400321842206255,-5.580890020725648,1.0822651399242127,-0.8473461308910473,0.9409409365720371,16.483254408730588,-3.4089168740946842,-2.5593087095189544,2.40022822962544,0.4689562775420817,7.632692342583069,-5.444304845778747,-2.6822065750164716,4.8182633390548855,-1.1693885560791757,4.941522279195857,4.850294339225132,-4.637646279010607,-1.9416631104962718,5.269471778023501,-1.656558051633478,6.433300402101586,-2.38252729300663,3.979530762934747,9.1268198680321,-0.5671885380517163,-5.345300695052515,4.37642833812318,-0.17684138901644708,-4.776369082184815,2.0208638748309955,-4.018464036385643,-5.862736912551169,-2.6043845501541716,-8.360069502335868,-5.740770788940208,-4.414506723806019,3.7073286868748636,-3.9175210865399057,-5.783594676858297,-6.6150970665899,2.565323090895709,1.5278954842582628,5.916428245892869,-5.108157172685669,6.627109181829954,-5.9486474484792975,-4.49614855613159,4.563039308957334,-8.849862507906675,4.58612521228944,3.403846387962542,9.907861017497519,10.707948666428006,2.488748260858136,-2.5096565208735164,1.5586907607021008,-2.094025417347876,-2.3260313925660023,7.409469685907354,1.607021906539308,2.45330160122512,4.288402246737335,0.8999452667426997,7.786101800655433,-3.616965374670084,3.1062570360914545,-10.580319291281443,9.42664893629664,0.6627298633094543,0.257436730572953,4.817892565484012,1.0203717947223732,0.8476914256839954,0.8877942167341093,-8.16536499364825,-1.9532776404960117,6.003755080245155,-2.6467453765740903,3.514722357883352,2.3515190155418804,-0.7874886373485737,5.76398369687703,5.64059583439018,5.7117775654108085,-0.7292527366590944,1.4717277555723536,0.16876590884597098,2.4792914680470868,3.0072147587317675,7.632906616042616,4.247039357425847,-0.2837934151074848,4.763662068530497,-5.8180075855753515,-5.555180785962068,1.8690372360598264,-8.576608003709332,-0.8858378750833582,3.6463428214959013,2.4732755717777932,4.769439169614971,-5.7468372383138755,-8.963197874874457,4.638947135486209,-5.834212699407031,5.869782897947967,3.75386819336242,-5.511829412251805,3.5288743850781827,-3.93172347723093,2.2822196517569164,-6.901018397136767,-1.357037597631399,-2.4774614880798906
neuralNetworkClass 	class coursework.ExampleEvolutionaryAlgorithm
INITIALISATION 	RANDOM
SELECTION 	TOURNAMENT
CROSSOVER 	UNIFORM
MUTATION 	STANDARD
REPLACEMENT 	WORST
ACTIVATION 	TANH
COOLING_RATE 	0.0011
TEMPERATURE 	100000.0
TOURNAMENT_SIZE 	90
maxGene 	0.9999999999999999
minGene 	-0.9999999999999999
populationSize 	110
maxEvaluations 	20000
mutateRate 	0.95
mutateChange 	1.6500000000000004
seed 	1646684373006
random 	java.util.Random@3ada9e37
numHidden 	14
numGenes 	129
Training Set Training
Fitness 0.07771425270501917