-16.244902660158722,6.627679006122177,2.8234851335903643,3.7442306243704033,0.27912681412879614,0.05570850519132087,-0.14989092395203496,0.585124023545438,0.8055747949358096,-3.1148745319745093,-5.932884055255876,4.540546095674783,5.605720523209802,-15.880266764568214,-11.254773631421841,1.0372681962843409,2.197373791952553,4.488425121634394,7.810123203109482,0.5088638693316563,-5.877706895728739,-5.082610315992348,-1.4626337776538847,16.081404765519625,-9.090545061605592,-4.929931014544177,-6.073248532636912,-8.64480950511891,13.724462121496277,14.000758564190601,7.438109086974718,12.64392235646373,8.378228181896208,-14.59020546672531,4.005055707388944,7.258302416640072,-8.573302410925537,-14.024751916761206,-7.424810848863255,0.5022971966522594,-7.0608038010614305,-15.768898630155688,-12.17393883697362,-15.436782906102335,9.28437280230974,4.376710013313419,20.75491105021967,2.4778738350169913,10.815116901508437,-12.193352431408956,-16.058680426519388,-14.519873537534787,-5.246242534836918,-4.208168880845182,10.22061215387136,4.195672528650437,7.4862723591190505,10.772118582121122,2.1820133184327766,-5.402010484957316,3.7191575139370823,0.48736956283625243,14.377594822464244,-7.828200820919735,5.543837404528357,9.448064868575077,4.508875113944107,9.435488718510241,-2.2324396269319955,13.98909035939579,0.19706250811255188,-4.0991527695857926,4.22648272956207,-0.8589389875576625,0.9127564729334647,2.9200474741676086,-0.466505173621643,1.5127400190047045,-2.085379968966601,-6.56663332589941,-0.12886973895493448,-2.165837808384733,-10.686753070283531,-1.3500015179879874,-7.68163569046512,-9.376233311529099,-7.462110272385457,6.417170661356478,-4.607040375228412,-4.450525968924104,2.942811709228268,1.576993566985566,5.400790014481667,9.392305015608944,-5.345872451912903,4.471748319420554,-6.02561543406504,-11.550985044833013,11.688146696875151,-11.77565722341738,3.8338073844938787,-0.008069490104346322,10.103446863750897,1.8695101573289499,2.6007080322152163,2.8414038482535853,-16.916992995902437,-9.760244880904505,-1.7395112999659945,-5.711382666955271,-9.788024827211236,-8.923371115209356,17.102473737792568,22.530600215225867,-3.4985206424047117,17.327806611310343,-0.8952837875640451,-0.9604614587688065,-4.0678530333455445,11.39168881153245,0.24292295599503255,-5.612396214809465,-4.256103938988659,-20.172116509019453,11.105132619642303,4.804144461916938,4.948163214690844,9.245415334722862,-4.598461117819841
neuralNetworkClass 	class coursework.ExampleEvolutionaryAlgorithm
INITIALISATION 	AUGMENTED
SELECTION 	RANDOM
CROSSOVER 	TWO_POINT
MUTATION 	STANDARD
REPLACEMENT 	TOURNAMENT
ACTIVATION 	RELU
COOLING_RATE 	0.0011
TEMPERATURE 	100000.0
TOURNAMENT_SIZE 	10
maxGene 	3.0
minGene 	-3.0
populationSize 	110
maxEvaluations 	20000
mutateRate 	0.95
mutateChange 	1.6500000000000004
seed 	1646684373006
random 	java.util.Random@3ada9e37
numHidden 	14
numGenes 	129
Training Set Training
Fitness 0.02320712973363985