5.9529043617653095,4.774537959995866,-1.8533877880220255,-5.256938219185016,1.2195852785369632,6.0063905948937615,1.9826971694508373,3.8628277398409425,0.5665646929367294,15.389087840071976,5.146064023104986,3.861635054258504,0.9891928421852931,-6.572036307487023,-6.628819280420492,5.284687062200317,5.701045589998413,-4.858555530383631,-8.177601798543714,-6.274105535972602,-8.771899270902175,-3.871870056817679,-6.747609442091743,8.45854655530938,-3.0145770520601145,6.020468081696461,1.183122148534523,4.899747619413109,6.887145782191341,1.473321054989999,6.571163596190686,-1.4343937139484746,-0.08583034367928422,7.11716406904033,5.620937660849281,-10.791262572221514,-2.4061204290809632,3.693883068863183,-1.9825171529350687,-2.079544766085477,4.982318313443745,-2.9171369034934607,-0.0854196993435945,-6.822892701270623,9.031633409761692,-2.9599827332995208,0.43459857172871885,-3.786681162246045,10.774249356746498,2.4493280175706698,2.613167057362989,14.064488196712952,2.1600997216237907,-4.063928536218499,-0.5452020596275613,0.33669301670344254,0.2943856302704724,-2.8696819065042707,3.554833677526803,4.08423827707967,5.290710649647755,1.3092600090290665,-2.71139491713946,3.103397294578574,10.578075194614183,0.42414187886603383,-2.2795571933142664,-0.9645333479860527,2.830095095885712,5.105796521398366,-0.20680733716156574,-5.9869227769831745,-0.8290565863593109,-11.013269748842058,7.873143932025661,3.630772651689384,-2.145103930651766,0.02789885507158818,6.195785793282548,2.4741880487371004,-2.635004560617748,-3.755239306782764,-2.015432966448124,-1.2982685837317032,6.781228676973672,5.639888157870001,-3.6021597552554443,-2.4615097104522974,11.379750223290086,-7.431635814382927,0.3484304097417956,-0.4358424269782182,5.69206078755894,5.137386324483847,4.385775563141747,5.8050890974312175,-7.073311926188125,-1.8770544638655995,6.7823444914666835,2.125177820778893,0.4357972252262208,-4.075857526055078,-5.275955125999109,-1.8989520205422519,6.795291802150483,-3.930350732251676,0.6685927136571794,-2.2858561056507094,-0.8406512419631804,-0.30897959824539045,-0.6436779965812831,6.795608741443969,-8.601036134893357,8.78400118161287,1.6846706013591919,3.319417200514515,-1.2110328459309594,0.5416777299695017,-4.559412213476404,1.405048667673888,-0.03090017150882307,-6.887742028782428,1.0743644212868153,0.5130559947351685,7.272127932669562,4.859468236270876,-2.5061032832676586,8.345205822592533,-4.31439966797832
neuralNetworkClass 	class coursework.ExampleEvolutionaryAlgorithm
INITIALISATION 	RANDOM
SELECTION 	TOURNAMENT
CROSSOVER 	UNIFORM
MUTATION 	STANDARD
REPLACEMENT 	WORST
ACTIVATION 	TANH
COOLING_RATE 	0.0011
TEMPERATURE 	100000.0
TOURNAMENT_SIZE 	90
maxGene 	0.8999999999999999
minGene 	-0.8999999999999999
populationSize 	110
maxEvaluations 	20000
mutateRate 	0.95
mutateChange 	1.6500000000000004
seed 	1646684373006
random 	java.util.Random@3ada9e37
numHidden 	14
numGenes 	129
Training Set Training
Fitness 0.03716179032134009