0.7849176483576086,-9.333454867206074,7.785224507378331,7.441562411606066,3.5715069358812777,3.8053770012277974,13.666267531105301,-9.324516879048273,-8.074127905496852,4.17109642928645,-13.566275202710946,8.580793547322315,-16.931643022675964,4.283939830341452,14.482562259778435,-3.9243020135738873,6.836219226370032,-3.8692419465216954,-9.666711160279677,-4.645230361982177,-1.8496017353753498,-9.323097682828807,1.0819096541616684,4.187858443313093,-3.220344405351293,-5.325363979110914,9.093581966931772,15.989738293648895,7.175121407045909,-1.2445357633423368,4.2346901515207955,-14.525749145398922,5.53851736246287,1.4683789280957757,5.97203712921951,-10.974937223220097,0.6150581783202673,0.9881297024376128,9.089336632999188,6.52101197965451,-9.48272932604769,-1.6327617691540528,0.03017162558216313,-3.002620409188941,8.038701589169202,-6.957416692175878,7.3730733951845435,-0.34471881142722083,7.806720871125089,0.5319947392911741,1.028355740736906,3.9997320987173453,-5.498637548843291,-8.481598496998952,2.167825065039981,10.892799662374097,0.8823757836414261,11.168689619985837,-9.492527927337072,3.9016170593720716,-0.38060005240691863,2.0715367492935064,-7.190266238185474,-4.698110948391473,-2.1395973699218764,-1.8969044655608611,1.6559001550740549,5.965882153170639,0.6512636601496951,-2.25848879093477,-4.039277346914328,-11.630248702726025,4.234614872923055,0.2508671426386515,3.310267796503423,-3.851589018303507,2.8587847904183903,-5.307741727936232,4.550542643927134,5.807023919482191,-3.4320727305525605,8.844308076548167,-0.21159701955726007,3.9665336578484194,-0.5778461984411898,7.177548095619072,-0.5622598771628979,-7.3734690868733885,2.9117152371881296,8.52669070627173,2.702926273004083,7.772101572234847,13.93202190634284,-5.70806288645466,-4.262017273062492,-0.7678359522624767,2.976517893774611,8.125067904950399,1.903919951831348,3.1651611889000426,-0.4178353450803671,1.2181764841576452,10.668181541817896,7.453835023700611,2.227521292164348,-7.387486641399034,-2.5508880301134695,-1.4158328003762897,-3.2138563371975604,-4.317981953554851,1.4548463856100415,-2.03556703089993,4.678258841736558,4.07072761530647,-2.849987556947114,3.90867011337628,-5.758594150012253,9.725355481725009,9.655111922114756,-12.735272315341085,-20.94403237322131,-10.236051210747661,3.342438674116405,2.9104182078400562,5.7142554717487215,8.308637953417689,4.688872101933027,2.7221537915898004,-4.037962968329522
neuralNetworkClass 	class coursework.ExampleEvolutionaryAlgorithm
INITIALISATION 	AUGMENTED
SELECTION 	TOURNAMENT
CROSSOVER 	TWO_POINT
MUTATION 	STANDARD
REPLACEMENT 	TOURNAMENT
ACTIVATION 	RELU
COOLING_RATE 	0.0011
TEMPERATURE 	100000.0
TOURNAMENT_SIZE 	30
maxGene 	3.0
minGene 	-3.0
populationSize 	110
maxEvaluations 	20000
mutateRate 	0.95
mutateChange 	1.6500000000000004
seed 	1646684373006
random 	java.util.Random@3ada9e37
numHidden 	14
numGenes 	129
Training Set Training
Fitness 0.10774447473221499