8.384575078426565,-5.202212436067448,1.3518582969358004,-4.919866310048372,4.887163683442778,0.24388359630710177,1.8419435009971457,-1.4356907394236975,-9.656184698075442,5.235521218426982,6.020271310042139,6.887626759475234,-1.505565800652234,1.466528096434967,-6.604803676478172,7.0284189298801785,9.351338876460751,-3.856375128019212,-2.9991034366015015,-0.5023914005519399,-0.033136404067541925,-9.504820838780116,3.094619011709412,5.501412747134728,-5.312230821324697,-3.278942410638197,8.533389993316066,-0.31894561204444605,0.5296212530709639,-5.5298979767325385,10.02410036312434,-7.790764538042611,4.893272786020182,0.4012026390221193,14.270056509307604,-8.44361543265452,0.48534844862742865,8.824086907864887,-1.394238492374667,1.524545021569235,-0.062215822961764644,4.610291105856157,5.424480365379322,-0.13087419747462548,9.783327228543532,3.0503274592272476,6.653532146557332,2.1576137344731485,-1.1503764885581935,0.17881827389807814,-4.561361602975996,-13.39055563815273,7.880677860938471,-2.0317760555948468,8.42076797901365,-2.0709982396362117,-1.9542758609806317,0.17575949233057653,3.0599921369672183,-0.5831193833079302,10.075151738414606,3.2917985815346906,-3.809018547751287,-11.246611652712241,5.294567676994957,5.100914424917722,-1.3819720113651055,-0.47857776567179533,-5.221723152381826,8.176155892758606,5.058998068289556,-0.38524820314435315,-0.5322285167655316,1.395165279615349,-4.586293621338413,10.058933455485644,3.892132477387075,0.40146013371372247,0.5582801289456332,-11.637918176872343,2.949487259465899,-8.131761867151042,-0.5958536775206378,-10.350428337250992,3.479403594909612,-9.365237107957121,-6.323395395154742,-3.868088944056711,11.871788037430095,4.921714068078561,5.141896912475518,-3.055581638541968,9.39727783999988,-4.6280441955799425,1.2933968275749335,4.493176508624357,13.661564761458996,16.980957918300245,-1.677466887368455,-2.2341556166114023,1.2145456324927197,-11.475031259559957,6.893111936329143,-16.489375113550423,3.864243083414939,-3.1820597300211446,-1.579641581755908,1.7357366274915869,-1.282212774044627,-6.660682851929149,6.460237517345043,-1.457886530168853,-13.50140688952247,0.5215826671816233,-1.193707872379001,4.663625033996168,1.194268806995824,-1.3889026563978293,1.3591284462783357,-1.6420661434890036,-2.7424498992033817,-4.493279895936913,11.285650119782014,1.501652172817284,-12.037041351458166,-10.052007407971523,2.2298378905349185,2.1240344385978323,1.1896873778847485
neuralNetworkClass 	class coursework.ExampleEvolutionaryAlgorithm
INITIALISATION 	RANDOM
SELECTION 	TOURNAMENT
CROSSOVER 	UNIFORM
MUTATION 	STANDARD
REPLACEMENT 	WORST
ACTIVATION 	TANH
COOLING_RATE 	0.0011
TEMPERATURE 	100000.0
TOURNAMENT_SIZE 	90
maxGene 	0.6
minGene 	-0.6
populationSize 	110
maxEvaluations 	20000
mutateRate 	0.95
mutateChange 	1.6500000000000004
seed 	1646684373006
random 	java.util.Random@3ada9e37
numHidden 	14
numGenes 	129
Training Set Training
Fitness 0.028304970950984776