8.504268471651887,3.6308068255541333,14.071291188965924,8.327282087044338,3.4977205250292496,-0.6735200151011798,-5.884686458838958,-2.0453905580359564,8.994897444604282,-4.57391009149268,-4.043914005112047,7.316469479756195,15.059294894124816,0.4620409115130535,8.66699404703467,-4.3348431254754,6.205492498893942,-5.153406594632718,-10.989372628025412,0.8525065635288582,5.861176045406658,12.316009350811779,8.313593296169145,-0.9294837874382793,7.213914432387764,3.8533705344456077,-11.013080385788937,8.633628194725459,-1.3896379463178512,8.806669751069768,4.483870106373805,14.078399287475497,-6.271458198233436,-4.1808588162941716,1.2433204051004605,-0.40397727331393796,-8.578734757025426,-9.80776580913742,-0.15432340361976582,-0.5808467283226779,1.9863319924420928,-8.037880845092042,14.496402737933332,4.045441986919474,1.0587831287389076,-2.605258616765128,-4.034782348379115,0.43277357038951436,9.49188677001938,8.819721167436331,1.1020065357525475,-8.531649571597951,-1.9087669796266225,10.703264623090243,-2.9326251759580098,-3.2776109914948623,7.059354119777437,2.1670257703305875,-4.238026620866044,5.758274635610674,14.689775144736469,-0.15140124601302007,17.35619810184929,-9.129348446239092,0.012560117299005746,15.90786638824631,9.375120604259276,-1.119024987860124,7.845555195553754,0.8578184090459642,2.3645477400942587,-0.9310297963611784,-0.6107423747169927,-0.8975562974435025,-4.526153983407813,2.7800193460974434,-3.39610386748196,10.722415118948744,-7.886504959354729,8.60971411970099,5.486665680980412,-2.941718096112128,1.7396458354498945,-7.880611703723799,0.07358580436806328,-4.748202781004129,4.061732736584892,9.537368674027215,-2.8350894765238435,-7.957152992919333,-0.6070166087150266,-5.738725385152698,6.787286786274562,14.352446814749335,-8.856209370546964,-5.6120616265229035,-4.792056106165534,3.0198177883280355,-2.4699767296353787,11.46999363339813,1.2980967183067937,7.14122006770876,6.703940843129542,17.528196832490202,-0.39884658067364853,10.046151368918226,-4.517000501254075,1.0794226160987215,5.473848436357299,4.138853391408958,-11.831561497337816,3.7411271633576124,-2.441300876691157,6.261614600662327,-14.905348588550286,9.653743670182257,0.5897276370500766,4.411372629353622,-9.915024458644385,15.680195497051372,8.867266950625321,7.440166994761919,-7.615270777720246,-8.58401230866329,11.916247666262748,9.647787126277052,-0.5077993225448232,-5.435042553268216,-7.9374993344384865
neuralNetworkClass 	class coursework.ExampleEvolutionaryAlgorithm
INITIALISATION 	RANDOM
SELECTION 	TOURNAMENT
CROSSOVER 	UNIFORM
MUTATION 	STANDARD
REPLACEMENT 	WORST
ACTIVATION 	STEP
COOLING_RATE 	0.0011
TEMPERATURE 	100000.0
TOURNAMENT_SIZE 	90
maxGene 	3.0
minGene 	-3.0
populationSize 	110
maxEvaluations 	20000
mutateRate 	0.95
mutateChange 	1.6500000000000004
seed 	1646684373006
random 	java.util.Random@3ada9e37
numHidden 	14
numGenes 	129
Training Set Training
Fitness 0.04714794598966189