15.507189398782756,10.71044809652931,15.654137131138588,-4.429661869094196,0.8545305143793556,7.897058091122878,9.528314366355522,-0.1217382621412586,17.66603495077132,-6.005913023189191,-1.065798266996806,1.8737563163790707,-11.9818250778989,-2.4244190307356934,-9.408277622389976,-8.917750264564118,-2.7700314283752796,8.062136325301118,10.793534363380791,18.53644148276149,-3.6221882652477255,7.788328129154603,2.381041298796166,-0.6512715839580743,-1.329273334205368,-1.942070078814405,7.360095167781093,0.017904095503588735,-11.322751188225862,-7.928058312492157,2.970487176726121,13.548543917011013,-20.136027536713073,-1.1725226406028977,-4.802902630546022,-10.112001367756948,1.7560455702678857,10.561768205367699,0.6632644675227048,5.883959619767541,3.624826535892611,2.0591789632410844,-0.2389922608681605,1.799988414729968,-1.6330956340272547,-4.738852599112624,1.128855548376487,7.388607669977338,2.8179108501749317,2.087294158313476,6.644629965379222,2.71535788961,5.664189269985053,2.4457517469966366,11.508098076770029,5.853825902659807,-10.231915477075638,3.747062708423697,-4.650795432325266,3.8406546849352754,-9.095877664233573,7.3640263300308195,10.094335382243814,18.091045809963603,-9.948809061408829,6.471740719341959,2.702885005942816,-5.824272700009937,-18.264924412544474,-7.274018152270825,-0.02720288669046944,-0.5771587952993595,4.316097081053723,-3.995246797394419,-6.498120389666701,0.4682168612188944,-0.48066349664438146,0.477357136380931,-0.4434251753622469,4.050230772596864,9.208867863549274,-2.9489496948764335,5.645236939951289,12.21977799195312,6.998852336798235,-4.3850628364786015,1.0588716148157697,-9.483849694364613,6.179261279936747,6.247438269345046,0.8566930596975739,4.312372944095895,8.165547712542924
neuralNetworkClass 	class coursework.ExampleEvolutionaryAlgorithm
INITIALISATION 	AUGMENTED
SELECTION 	TOURNAMENT
CROSSOVER 	TWO_POINT
MUTATION 	STANDARD
REPLACEMENT 	TOURNAMENT
ACTIVATION 	RELU
COOLING_RATE 	0.0011
TEMPERATURE 	100000.0
TOURNAMENT_SIZE 	10
maxGene 	3.0
minGene 	-3.0
populationSize 	110
maxEvaluations 	20000
mutateRate 	0.95
mutateChange 	1.6500000000000004
seed 	1646684373006
random 	java.util.Random@3ada9e37
numHidden 	10
numGenes 	93
Training Set Training
Fitness 0.015777285166848926