6.21077349050506,12.249533693683235,4.312913241208916,10.926959077966892,5.586831226099235,-14.533833410796918,9.41279517675497,4.849623215472505,-8.308752460445415,5.374671325134017,0.010558678561218393,6.5736152195072,-15.65491840920611,-1.095192323173566,-4.520695432105908,7.653231494451713,-2.6512841271933807,-8.81845221431298,-0.5621285319518305,6.843199991360022,-13.581799819201022,2.9044005682978717,-5.626861902785345,13.211929543488552,5.120879358562821,-0.5273891041763967,1.1737166730019055,-5.344145069527973,10.779729102560461,10.46423311516054,6.733320923538015,-7.09607248310291,-17.18457088521685,-18.763944662642544,12.375462115066854,2.154035659918593,8.882313954941413,6.50784108616915,8.481975245448783,-7.8266254613373345,-0.8710486380131002,4.178336117856945,-18.27375330876439,-2.3274815931860573,4.626206667231896,-15.608026185837003,14.81786550919613,14.428184336968421,5.905261547527271,8.13419607645539,13.108786719529657,8.03240637035129,-12.16483476935749,-6.420206972247437,13.741949951872057,-5.563918705592999,-7.155895600792402,8.752645656433238,-15.708342196104843,-3.967427818360269,17.800688914675384,4.776743596117704,-0.3491223643581076,1.3422990987030694,2.021158108477249,-2.9926675229480537,4.763989999456985,-2.538026118352944,-0.49447501068416777,-5.522469264560161,3.4843657702123725,-2.6176259641096795,-2.069720832935218,10.579737991250328,5.554513545183756,4.95900374613192,-5.868487235775683,4.100489866262404,6.530950856903724,9.227325184108432,-5.804916552852806,-2.213301928441995,-21.61851785630426,10.689374724783896,0.10138902350547419,-8.252876168453518,-8.951821105163432,9.337656000596333,-8.242300607228152,4.939269999340853,-2.3047161064683888,7.953335908592189,-3.140860835999362,2.580214353506056,4.772780731596786,-8.309370860324043,4.1649362181044065,8.515628226677364,4.672060347221652,-22.040244821290074,0.3044290449654241,2.013687611114424,2.3074265012306396,4.06922581528077,0.5472940524647143,16.53935200588657,-7.526367036934479,-3.813125618509078,-0.5785536511980371,3.8883966476901657,6.219338131498365,-4.278745188285187,-10.632735155535494,9.81861665548099,16.13031250739499,6.744883691735106,0.05146457384209757,-9.853646033724969,0.797093915360854,-1.628969374108653,3.7385555408449225,-8.689518685332427,0.7101457586525992,5.723497935283788,-2.6700643695243125,-3.272532508450076,4.131429165283511,-0.5959337580067849,-12.169729615263915
neuralNetworkClass 	class coursework.ExampleEvolutionaryAlgorithm
INITIALISATION 	AUGMENTED
SELECTION 	TOURNAMENT
CROSSOVER 	TWO_POINT
MUTATION 	STANDARD
REPLACEMENT 	TOURNAMENT
ACTIVATION 	RELU
COOLING_RATE 	0.0011
TEMPERATURE 	100000.0
TOURNAMENT_SIZE 	10
maxGene 	3.0
minGene 	-3.0
populationSize 	110
maxEvaluations 	20000
mutateRate 	0.95
mutateChange 	1.6500000000000004
seed 	1646684373006
random 	java.util.Random@3ada9e37
numHidden 	14
numGenes 	129
Training Set Training
Fitness 0.01781118369018986