1.6476208811444222,1.9678616155264574,1.027534946121003,-0.8939475277621902,-1.6815849153474005,2.999711510206268,1.5775745735502156,-0.7630056387154482,-3.521679141338284,-18.98776865355002,3.3536661968728296,7.159930382607746,12.38632276074023,1.1974441922499555,7.307635103522843,-4.1997189981336485,0.050580550816953895,-4.319344062857986,-14.04712435894253,14.459431043118114,3.851737006556929,-4.587891077319586,3.846887054551866,13.397837213482546,-12.75337085690537,-13.168019961867682,-6.764324456875812,7.392033399419299,10.864060014437941,4.976532495053188,-1.226170358970096,-6.241067551515062,-8.307039763745198,-13.246221098017022,-4.858505103156565,-7.429884699080853,3.5894409607963826,-7.934940720760604,15.424399802972939,8.495599407038162,-3.9070883549309796,2.0844842341079657,12.455504248456126,-11.829129253993495,1.092608728811057,8.031241731523743,-17.663236896861754,8.522764704662471,-7.925449459210993,-17.019689083370963,-7.833078483214241,1.969075114282635,-9.294891500087616,-4.394825289322107,9.096179320988453,9.873569680206597,-0.4789441478337588,4.0816702085132395,-0.8390167794656547,-4.907615513628016,1.2971253781778334,-5.144840159720833,3.5721281483749534,-9.560430130014053,0.3507817261584547,1.483757998018647,3.8367712673806906,2.578855531863331,6.120084760808527,-0.5316106014532593,2.7898830069682634,3.6654983881155774,10.21419168326367,-6.683994188242556,-2.6069183626481642,-4.98362395543729,-11.212782150894055,2.155335484226984,20.328721029813977,-12.121716160163018,-0.07514946802802847,-1.4649192128816324,2.2245217623249047,-0.5563088696057417,-2.8407235748150477,-6.767466104903281,-6.061043711731392,-12.419991858021353,0.6416613079910833,-5.2638767488693645,-5.579974070736472,-15.707285722235829,6.452588105161517,-7.8115523817502375,-7.730017436741617,-3.415508386004957,-2.330465831374542,10.536909945354383,-11.094025429726981,11.40180907568316,-13.063362509547577,-19.162900318340057,2.0015167207250855,5.077194334706128,-2.4043229439364957,2.4396282765252906,-5.523894171694774,-15.470268341171295,6.988361075164077,0.41416227784271786,-8.27977463078005,-6.721880168218847,-11.771308382215521,6.674951197160439,12.300405753335612,-13.900081740965357,-17.32965674654261,8.070188824568255,-4.366073916972855,1.08741032260615,6.107666745938184,-5.766901144187754,7.155167529500247,2.7048078082788187,-10.74989795517477,22.415677348662967,11.815549668573857,0.19331756192211813,-5.551547357236313
neuralNetworkClass 	class coursework.ExampleEvolutionaryAlgorithm
INITIALISATION 	RANDOM
SELECTION 	TOURNAMENT
CROSSOVER 	UNIFORM
MUTATION 	STANDARD
REPLACEMENT 	WORST
ACTIVATION 	TANH
COOLING_RATE 	0.0011
TEMPERATURE 	100000.0
TOURNAMENT_SIZE 	90
maxGene 	3.0
minGene 	-3.0
populationSize 	110
maxEvaluations 	20000
mutateRate 	0.95
mutateChange 	1.6500000000000004
seed 	1646684373006
random 	java.util.Random@3ada9e37
numHidden 	14
numGenes 	129
Training Set Training
Fitness 0.014756404642506455