-0.3370851566390898,8.220522022505845,-10.985646654122311,-10.527501080299638,3.4381956428846903,-5.1743317626515655,6.120838186120941,-5.499862958892791,0.5766384072022008,3.499309181588153,4.945972803485486,4.786128544471206,0.1683796388044998,4.09743327979622,-1.5949503724216423,-10.143955031019358,-2.449799070577942,12.287121593916893,-1.3799836555949319,-5.227248717048742,-8.273636139644658,-9.243328916801932,2.4722779662269523,7.00304243999956,1.6701844789572924,-1.623183128677467,3.9364043550033467,2.824559552351998,0.9921301605421267,15.913580423392435,5.293609666708313,7.872532642880804,5.395760757485296,5.8506879115207,-0.7218358943249479,4.177069288217777,5.6658891812159125,1.1119295014847044,6.176696661368289,1.5178828752118037,4.893879550084448,-1.2937512525299653,3.7796444225694694,-6.675476490492757,-5.281949782404061,6.513275863675637,-11.04909867538525,-2.723652221174742,-5.6198066258237205,5.434436922898003,-8.138986434600358,-7.142365405638172,-5.852726779678288,-3.1828021452822877,6.2335700813101225,2.0369271454812035,-1.6045921137471941,3.467419776997111,7.183729027059367,1.765852744558864,-2.148710534122405,-7.515275537263834,-3.6803784849232692,7.731342742192929,-12.440756126848354,-10.549305452958928,-8.543332900944915,-11.716151145745718,-5.959823266671616,11.332149720247314,4.81163781517494,8.01532274060548,4.5441998062371125,10.64416569331342,-7.477402076655298,8.811897606983555,3.5342804802949854,-7.312577949313963,10.370147439488738,-7.04261782162675,-9.051198991232809,-10.61810925909406,-0.0703041137528615,3.439851028182523,0.8389636821612707,5.7262928924324035,8.626283674854761,9.152284773591141,-11.687476345154504,-2.629819498528747,-3.407228522654063,6.041886931388877,-1.311622949041281,1.4804145873176893,3.2990113085074593,8.10137581662673,-8.110418069884288,-1.2462597243790587,10.136411384510543,-5.015778095759386,2.1754337731348494,3.197073162000959,-0.3408965456292732,5.9894723991812056,-2.251236064907968,-6.17045830115029,-6.7377836098733885,1.212976267565553,-2.039820545528088,-4.482255038983604,-9.142938670885961,-0.9245016643582176,2.2665054212424782,7.588111250531803,0.3573232585138162,2.389376228033504,-1.1512585439346084,2.342664056283375,-0.7803400395233995,-3.5359471471271897,12.180388058305558,-2.8880773698216506,10.211397184489032,-2.6105157213527495,-3.1399520032956874,-2.001412709184089,2.344810968748604,-2.7249024128110575,0.6327509206258162
neuralNetworkClass 	class coursework.ExampleEvolutionaryAlgorithm
INITIALISATION 	AUGMENTED
SELECTION 	TOURNAMENT
CROSSOVER 	ARITHMETIC
MUTATION 	STANDARD
REPLACEMENT 	TOURNAMENT
ACTIVATION 	RELU
COOLING_RATE 	0.0011
TEMPERATURE 	100000.0
TOURNAMENT_SIZE 	90
maxGene 	3.0
minGene 	-3.0
populationSize 	110
maxEvaluations 	20000
mutateRate 	0.95
mutateChange 	1.6500000000000004
seed 	1646684373006
random 	java.util.Random@3ada9e37
numHidden 	14
numGenes 	129
Training Set Training
Fitness 0.036284167522725244