-13.675441060763728,-2.628084888830717,17.626772569778396,-5.919721485610657,-15.331767513820372,11.222333691609142,-4.538839068141908,9.896796593143172,0.9212564896589148,-12.186319487766477,-9.183019141933547,-17.06692045389952,-3.4737575532139147,-0.3140478796687276,3.1757056808319266,-3.3092364790649498,-2.8651759699680355,-9.018290302712192,3.4852480397999557,-8.023123293029597,9.519885580641748,12.70463347033564,-5.71058497076387,-20.594109691588557,-1.100723589431765,2.322726936891769,-7.1087023305064685,2.6020221381200574,4.4159437396417225,-10.728337033542507,18.29612793529551,7.3409773586664535,3.00276511474571,3.8092447742414413,2.575708272562842,4.428321326842582,-2.979954670277902,13.968089947936495,-11.905609896033452,-6.094074279690098,-3.6390729140628233,0.6016890009047229,11.98149982350478,4.294729615535452,1.1336411164784286,3.7045408415861525,6.367537119551669,-2.6136494954635063,17.83068904208797,10.660112858015573,-12.278613518735575,1.3878802422852576,-7.766273161981429,-2.369081617675173,-4.616790733213931,3.9534945535038784,9.929088722663602,-1.8969454231489564,1.9326025937305502,15.85330487160935,-1.927439737159002,-6.666911368465081,-5.235965019446747,3.4841757744009865,3.8931855405855584,-3.2317743386484796,-9.138510388592739,-2.5809700445144017,2.9645612324437485,9.421243028172665,5.721668161464475,0.9704563184899477,10.898246150199325,-8.920282483689828,-0.4299692320014241,-6.688760023847422,3.0775816413956667,-0.3353778065392863,0.9963674779122265,1.3987206444661995,2.267908695581032,2.9886213299819744,3.5595674769080468,-5.176233699269462,-8.931098680735698,2.0315230003283204,12.761104759912975,-2.5327794542223474,4.9358097807598,7.916262680019884,8.745885506961596,-3.8763425166633567,-5.89855139227422,2.567667544653215,14.616034122407047,-20.49280025489837,-1.966046000370632,-9.194366836170104,4.325053240065213,16.581147943096198,8.568417357879282,-0.5978134892606564,2.803534390254142,2.6264823926194705,1.6014103337695236,1.2394287899176692,-3.8070013751848943,15.390620862586871,-19.45724544135941,-0.39380481292435077,-9.907406323462382,5.914633357388663,10.99491716031507,-9.443366812141402,-16.782359202198123,10.30200626836728,-3.6196753160135318,-3.8683615944088823,4.243693856379928,-0.0379605173270523,0.08592304141044593,3.7683382353964516,-5.858759232150854,7.303578745726448,14.993457410309157,14.91812713633893,5.855510329624563,-0.07858903513213722,5.960982449214262
neuralNetworkClass 	class coursework.ExampleEvolutionaryAlgorithm
INITIALISATION 	AUGMENTED
SELECTION 	TOURNAMENT
CROSSOVER 	TWO_POINT
MUTATION 	STANDARD
REPLACEMENT 	TOURNAMENT
ACTIVATION 	RELU
COOLING_RATE 	0.0011
TEMPERATURE 	100000.0
TOURNAMENT_SIZE 	10
maxGene 	3.0
minGene 	-3.0
populationSize 	110
maxEvaluations 	20000
mutateRate 	0.95
mutateChange 	1.6500000000000004
seed 	1646684373006
random 	java.util.Random@3ada9e37
numHidden 	14
numGenes 	129
Training Set Training
Fitness 0.01841490913683385