-0.5144429755870377,-4.309009772129832,-12.095427929823149,0.1461172730101259,-2.1108242781795994,1.8792249898033218,-1.43775749904693,-5.6320894885666375,3.651324338009907,7.376301957305181,3.81536663722017,1.801157143602043,-2.1803685170552756,-1.211852365063629,0.9047086609891881,-17.656050365548815,1.8306844973228187,-1.3075011148456586,-1.732100980521901,3.939958707002389,6.109074047233651,8.592913501313518,2.1767458725283237,1.413343448977539,9.002701296428153,-3.3876248317536746,-2.704693847850426,0.677948753352557,2.294044938993042,11.169706888452183,2.9710694558409827,-3.7070906765808047,-1.7151024354452709,0.5523173138143784,2.9544215738312385,8.432092001817482,-0.8901059387015291,-10.28088128069049,12.124364983823087,1.4301202238825086,-1.908033488161779,15.137766004659198,-7.368711426122681,8.51303759360577,-8.989327240976733,1.8306807655365116,1.3503891148228515,-2.9330204724849223,-2.6878411782948444,3.174634721603395,5.07216122878447,2.743534753595929,5.697327146117594,2.0689814696496818,-10.410816171743269,3.445790448554731,-3.217404686599145,5.4579357057329485,-4.02875578643131,5.884368236079786,0.13544283493528297,-1.737385804301856,-5.646346216289248,-9.411930305780992,8.294755600182551,-4.45113740705327,4.746420444238994,-6.850936801421581,15.64379008944044,13.527207124718265,-0.795242778402037,7.227856165621896,8.21139250708742,8.20158044212348,-13.765782646111644,3.5386096304837054,0.9349197413882138,-0.09621445689280073,-5.5134401957967025,9.630663712883589,11.776122137355049,-1.1790274986517737,0.48526113268803206,5.177456326187676,-3.0109399046743697,-0.7562840332948788,-8.547597982157686,3.9793286523317315,3.5469397924883728,-3.1674058168319714,-8.308530349140769,11.782024350638892,-0.7074355418279374,-2.878517830775496,17.66342966609532,-5.241998289388986,-3.0650881861534565,-4.603915941764749,-6.123766783905671,1.0929900465926679,0.6221594357786788,2.7565435710952304,11.24073789602942,-0.7844652421074674,6.679292895102728,-1.6067182935009874,6.7788338964225545,16.052587662624536,1.2562441686683696,-5.174474479077888,0.7023781085561458,1.5395116254510963,3.5903195414276023,6.0223028432704195,0.9643530964340448,-9.191818694533122,0.4444901605972795,-17.004008706185672,-6.283521411772276,5.622173858559957,7.390928950550233,2.3288213089826915,3.6903173191551097,-6.676643287029337,2.6669920271115792,-9.736953218784222,-5.0982719513523875,8.549490854943194,5.088653931952434
neuralNetworkClass 	class coursework.ExampleEvolutionaryAlgorithm
INITIALISATION 	RANDOM
SELECTION 	TOURNAMENT
CROSSOVER 	UNIFORM
MUTATION 	STANDARD
REPLACEMENT 	WORST
ACTIVATION 	TANH
COOLING_RATE 	0.0011
TEMPERATURE 	100000.0
TOURNAMENT_SIZE 	90
maxGene 	0.7999999999999999
minGene 	-0.7999999999999999
populationSize 	110
maxEvaluations 	20000
mutateRate 	0.95
mutateChange 	1.6500000000000004
seed 	1646684373006
random 	java.util.Random@3ada9e37
numHidden 	14
numGenes 	129
Training Set Training
Fitness 0.11551047568520867