-31.03190236928942,-13.946368555968968,-9.876887937592981,-5.997774256591807,14.07300095408787,-16.20854208767785,-2.659746189516678,-2.1332289722783706,7.459456926741163,10.280865242042141,0.10690932083604743,11.225437979993123,1.9476981635498118,-20.847979844057,5.13780710187657,2.4204453341441496,7.379635985786318,3.7000100679906947,-7.6897969939129105,-9.817856048902057,13.480022410832635,6.006528371483894,15.578684971502176,13.510917405821752,-4.554254464530033,15.238066492098069,-4.168367540905331,-19.485510625372953,11.495669177481302,-3.807622447199698,-4.9565830464909,-13.101228658313001,-0.046340589632635876,4.139588040437479,3.4104193159278333,-5.7712590785247615,-2.53482282907048,-4.333560614343039,-14.719578408776512,-15.91829719707148,1.013049303282088,0.3817533856504891,12.54391482230455,26.058643361994356,4.150766215789783,6.9783254193565,10.552350602106799,16.600246451251685,-6.188114293667978,1.8210544767840027,10.412348474707828,5.322502576730098,-1.9128148689564908,-0.056764848120892886,12.976352451033474,-0.4573023413755326,-4.116154994923926,2.7825388084858425,1.859218381606361,4.60993078206048,2.832743483679087,1.62532683761588,2.156696228305191,-8.914832959213228,-10.597940954420485,1.9957130304870834,5.009417242010075,5.623052513100967,5.575755364129572,-2.057452491974301,17.358189866834003,6.152703528129864,-3.77735514222789,14.935855157911229,-10.112091846104594,3.186094210025617,-21.56648520309794,2.9038618471412505,2.6688324773241963,-12.462575786700196,-0.19854722275334158,-20.66175804625408,7.144269032444905,-0.2746665998358022,11.053558137383666,-4.460185688809727,-13.9998627054231,-1.6404107627697186,4.707468816009299,6.235282271892974,3.0534037273757173,-1.9047170350846718,-8.071139904964769,8.687364715402932,-8.726436014432895,1.0103040042816431,10.256310820730251,-3.411560597593141,17.71899683739393,5.5971094247827295,-9.212334559721379,-7.260065506409171
neuralNetworkClass 	class coursework.ExampleEvolutionaryAlgorithm
INITIALISATION 	AUGMENTED
SELECTION 	TOURNAMENT
CROSSOVER 	TWO_POINT
MUTATION 	STANDARD
REPLACEMENT 	TOURNAMENT
ACTIVATION 	RELU
COOLING_RATE 	0.0011
TEMPERATURE 	100000.0
TOURNAMENT_SIZE 	10
maxGene 	3.0
minGene 	-3.0
populationSize 	110
maxEvaluations 	20000
mutateRate 	0.95
mutateChange 	1.6500000000000004
seed 	1646684373006
random 	java.util.Random@3ada9e37
numHidden 	11
numGenes 	102
Training Set Training
Fitness 0.010558132484882552