-7.599897364193557,11.920083910753831,-19.11610863992459,-2.949261382509711,-1.527694235141035,7.461729727963091,-24.34863348345101,12.190744284805044,0.552397093154239,2.082208700153677,-3.5346544245038647,-10.24462691166922,-6.6633633964725565,0.837347536363847,4.1321188207091115,-10.781946659239983,1.3940066979760317,-0.9387777666711816,9.290959338138748,10.915552938688984,-3.691393436049122,7.202822229788695,-11.607323408224392,9.75295194864976,-0.5914104845845589,9.118977766963354,-8.80404820989709,10.602654593384338,-0.40919051090828695,12.44716808537611,2.5678815406942874,1.2136087171032166,5.552990358866948,5.601619702675089,-5.668804023834532,4.793044061277085,1.7095631754202802,-7.303076353313413,-12.55158786500475,21.82623721138912,-3.3126143628249007,-2.236133727479407,8.429157164851402,-6.520937559287192,-1.2144837359297922,-6.289498483848468,4.194295697411171,-2.8851223481926933,2.960478499343564,1.4368950606300803,2.9084519446590766,4.998638639516925,2.72001399679396,-0.13722610746289554,1.0706390630485374,-2.382687638686913,7.898400962380464,6.409176370175235,2.1846279381029423,5.649624896436082,0.5117002575083962,5.22379311836376,0.38947711410174257,-3.345950073435122,-0.9255840598021425,-6.293706074014474,-0.582238005595376,2.4720835705873485,-0.3510579470026558,-2.9911802603382736,-11.504903313410342,5.194982739873092,-6.81943370674834,-2.353653345594715,0.9094566747325601,9.703587744315199,9.373908601298318,3.0881075275929675,-10.380839346037385,10.537182096532597,2.739908038152585,9.590528514577784,-2.3838217836654696,-15.901777310804713,-4.339645295291625,-4.193527072076517,3.9679515902170817,7.069619346955308,-16.578561766365198,13.947449427345067,19.023851395239113,7.253430410572484,9.040555729380213
neuralNetworkClass 	class coursework.ExampleEvolutionaryAlgorithm
INITIALISATION 	AUGMENTED
SELECTION 	TOURNAMENT
CROSSOVER 	TWO_POINT
MUTATION 	STANDARD
REPLACEMENT 	TOURNAMENT
ACTIVATION 	RELU
COOLING_RATE 	0.0011
TEMPERATURE 	100000.0
TOURNAMENT_SIZE 	10
maxGene 	3.0
minGene 	-3.0
populationSize 	110
maxEvaluations 	20000
mutateRate 	0.95
mutateChange 	1.6500000000000004
seed 	1646684373006
random 	java.util.Random@3ada9e37
numHidden 	10
numGenes 	93
Training Set Training
Fitness 0.015799559772453977