-3.4098461208568027,-2.765279343845152,-7.822862513935818,-7.463252101168932,7.177644117376104,-1.7905729368990118,-3.420634914014885,12.138393532771277,11.999405072545313,-10.82207374710265,-3.44883061119363,-10.007468530392927,4.984741601105349,-6.535026911154823,3.670735131498425,8.923936136868836,2.865098453446439,-10.575315435508175,-4.726991207979582,3.065477789928213,-6.834395309846669,0.3797810940191235,10.304420308963623,-16.18310011318966,-1.9256993622100396,5.487728813279658,7.864340167777023,4.402781564278286,-10.665210977369869,9.580202615802289,-10.248527709592516,-14.215496256935479,1.262345417934906,-4.226531452091164,-8.693569648198489,5.350964402619624,8.075323055301391,-9.064049784904789,-15.047708535593555,-20.979791348002287,3.112980687486518,1.225419896215958,0.8329700180405553,10.779059714873242,10.627662155324886,-8.128075953959685,-6.915202298760398,-4.1797392063865235,7.6935509820065455,-8.516274212522234,0.6997469512918233,0.9065596153984536,-5.233979438128255,-2.157778919414868,6.699277296319108,-2.601412528601564,-3.4450997613921093,11.12795147626257,12.385836754669462,9.178308460034485,-6.358231933013023,16.63351501370326,-14.925409690664976,-3.067764089348607,8.725685300649976,21.620344388149192,4.8810007637502935,-15.471466617335897,-5.226419835057843,4.114992930286585,-5.999570219132002,-11.270457696404955,0.2307845470220622,5.316745452386625,-2.8360233299368343,-5.1238024285509916,7.864028742952513,-5.44796292775159,-0.9596832690175727,-0.686783773253115,-4.386508498321388,-3.2876608910808454,-7.523649491820725,-7.6561358069946746,3.722300766110113,4.200840692577506,3.480020409896685,-2.039469236018208,7.891180619233439,-9.36057035341149,-12.303302479277404,14.14225880573269,3.972731448260145,-3.698857911948279,2.6660915050392884,-8.657195779277703,-8.075868876333399,7.284431283455225,7.419678365087653,1.5127172317921724,3.928841283921792,4.484267272566244,-19.51080620402258,3.9563613039973493,1.3771980182007217,-7.008739504583137,4.344779651398599,-20.280292868722213,9.212563835312015,-12.48633189030247,12.816924867253215,-6.712838781572547,2.0040177974294275,-2.331684096998285,-2.4706153950552947,-1.014390333068393,2.898350207405567,-9.424858327407732,1.3308095377712377,-0.5487192236054517,-4.516565015378719,11.816235071881673,-8.839136486821605,-0.6900497370935739,-2.8381602574049687,-4.766078103366674,8.122157466138997,-5.9965615027605805,-4.962161499503097
neuralNetworkClass 	class coursework.ExampleEvolutionaryAlgorithm
INITIALISATION 	RANDOM
SELECTION 	TOURNAMENT
CROSSOVER 	UNIFORM
MUTATION 	STANDARD
REPLACEMENT 	WORST
ACTIVATION 	RELU
COOLING_RATE 	0.0011
TEMPERATURE 	100000.0
TOURNAMENT_SIZE 	90
maxGene 	3.0
minGene 	-3.0
populationSize 	110
maxEvaluations 	20000
mutateRate 	0.95
mutateChange 	1.6500000000000004
seed 	1646684373006
random 	java.util.Random@3ada9e37
numHidden 	14
numGenes 	129
Training Set Training
Fitness 0.021818940166923692