6.564034489082793,-0.8436596136611261,6.5259291721163795,-2.443985131184167,10.031069757229464,1.1311199092585653,2.4648805941236525,0.18663583703230646,3.805897658097173,-4.997332265182363,-1.2500796229052877,-10.023324820318292,5.764504542391062,1.968588800381382,15.129984397001506,1.2899899010032811,-15.696687829338265,5.395697589264675,-10.35920601435148,-8.473032497138485,1.359693900611453,4.383537630523564,-7.42828287923571,5.846060681770511,2.539225861311955,-11.574237439148076,-1.0160165956030012,7.844819882698206,10.70517171950036,11.524927000400094,7.365928742493041,6.524429176922926,4.753864866119992,-13.776538037228361,0.06973368936768409,-0.26539822689347403,14.49906533838177,12.102085841210656,1.9641582167587908,-5.00020621130621,9.019032582316864,-4.333371329138053,-0.09093401387210687,-2.1869540867513906,-14.268029915441799,2.5452244146158067,-5.739931756315773,14.050364378517383,-0.3913388295708282,2.7000517944662743,-0.5045910281599335,4.656403924408227,1.0055293727872776,3.8212812664395965,-7.227750415627023,10.581317771372696,1.0570217761126424,-12.034387682093946,9.515802633203773,4.208990322487304,0.3031263875729504,0.9777613514749319,-2.2276988270268117,0.3584700782428083,17.145999655570222,4.240487592191387,2.465581276633875,-1.6867275364267886,-5.7209057939356995,4.837220756393682,-0.7629075040758044,-7.212677178950651,0.5128404219700622,13.981080590121865,-4.229558184576973,-0.7783380112816998,-0.7671499809340343,-10.534944963027845,-2.895885740334892,-8.477361248578621,2.36977385156104,2.970330971163232,2.119803412164228,-3.6498360423132468,11.484359892210634,-14.616753363132977,10.658823643010551,7.943703824627471,-8.173078573332077,-5.683936707422866,7.8653649101019,1.784040592325793,-5.982659564416785,8.652728229808819,2.482890517570574,0.3804311797971014,10.609893477588967,7.198029453422681,-10.711233533036612,0.1956449207762816,-2.9433964846070086,5.597018082767075,12.592250945831085,1.3254640303246634,4.613483052762249,6.8613010163612,5.0422611141539555,2.6345815784558826,5.795950255283927,5.839783571169008,-8.606126504624122,-8.032566912405589,-2.3671383315619012,-2.3463321900804024,6.616303097431565,5.850350150907129,-5.906979311132733,-4.371010935574885,13.340146006560177,1.0805249793551672,3.3136842683896424,-1.7453005112058468,-10.762041184178036,-1.7423722890534479,9.697504975790503,4.120284755408041,7.709787426754568,2.4555181844231573,-4.187491334401828
neuralNetworkClass 	class coursework.ExampleEvolutionaryAlgorithm
INITIALISATION 	RANDOM
SELECTION 	TOURNAMENT
CROSSOVER 	UNIFORM
MUTATION 	STANDARD
REPLACEMENT 	WORST
ACTIVATION 	TANH
COOLING_RATE 	0.0011
TEMPERATURE 	100000.0
TOURNAMENT_SIZE 	90
maxGene 	0.8999999999999999
minGene 	-0.8999999999999999
populationSize 	110
maxEvaluations 	20000
mutateRate 	0.95
mutateChange 	1.6500000000000004
seed 	1646684373006
random 	java.util.Random@3ada9e37
numHidden 	14
numGenes 	129
Training Set Training
Fitness 0.03377219273546825