-5.6294575638997655,-7.49017572984611,-3.6444670760937123,1.5777781036878347,-6.787421135170407,-7.2117922722974575,-3.270576954818747,1.9778679970279338,6.789093063139866,-5.4164683068125985,5.901310216533563,-5.671242291842683,3.804285040182818,3.8014646118197906,7.673637700805283,-5.914529094924607,-2.935478808354917,3.4386227418878965,-2.2756927843448924,3.9316581329793383,13.128847770710921,-0.6201569605317161,-0.7334777509844743,-5.16329068179482,-0.4590588768991868,1.1177337564737533,0.6739700576595613,-3.357953584950394,0.3230937660925841,-4.84843235521371,-7.542779494747252,0.08737351739431976,0.3577629124291861,-5.310615710355824,-4.509112404929965,1.3732105949045446,9.714628277141225,-8.618537982684213,7.0422769995147885,-4.820917163268405,-0.8489728159970573,5.305119178223245,10.040908178980933,3.9172861161627575,2.6210576450403664,10.350099294089672,1.0544782974352174,3.350193800820885,-0.17643703047872705,3.920591550117761,3.200501332158071,-2.6653816438069757,3.901629471982286,5.624238394141338,-4.425968018482699,-6.120211097852143,5.426157012458381,-4.339726853442894,2.8105523160655377,2.816049685221686,1.803476812735782,-3.4517682498610998,2.729273631543604,-1.2805651261663415,-2.9080799442830445,1.8054802394813203,-1.2342230978213111,3.272819831071926,4.794654954788092,-0.8139089599532037,-0.7459138247332939,-11.63260388309995,-1.8339598781811617,0.6854036251093216,3.706943233259702,-6.191234780164667,1.3261567842554784,5.493900930941019,0.7692213672562032,-1.0100078178268674,-6.526891831845472,-2.4991736309052675,-3.7169103504230296,-1.8204937068143376,3.1650962439806367,-0.8977332432645362,10.104710225698915,0.49478608353720066,-1.3357950803701897,2.06022256757393,-2.0990760200632224,8.343308427931685,-9.158754521319903,-1.511517121408688,-3.019450810105856,6.710291403892711,0.5359358258530804,0.4579194137057767,-4.921405799311336,0.25830702314097564,-2.650885854620336,5.218111896597869,-1.587148981288351,6.7768852834543,-0.3363981723854774,1.3240131070952161,-2.6789841715375573,-4.819219452411266,7.347758763878716,-7.514341265415711,4.112646253980893,2.753614670597523,5.240693013911217,4.775724784903208,1.4339447428042744,4.619161978752979,-7.849492320245039,-7.915969383983182,-2.805476222658978,3.7455844001052405,-0.8831063857715158,-5.8001150890285444,1.8939826373125346,7.898474974208794,1.3467925097839566,1.6324670869513866,-1.9377015250091736,-1.6933869961926646,4.076784826186326
neuralNetworkClass 	class coursework.ExampleEvolutionaryAlgorithm
INITIALISATION 	RANDOM
SELECTION 	TOURNAMENT
CROSSOVER 	UNIFORM
MUTATION 	STANDARD
REPLACEMENT 	WORST
ACTIVATION 	TANH
COOLING_RATE 	0.0011
TEMPERATURE 	100000.0
TOURNAMENT_SIZE 	90
maxGene 	3.0
minGene 	-3.0
populationSize 	110
maxEvaluations 	20000
mutateRate 	0.95
mutateChange 	1.6500000000000004
seed 	1646684373006
random 	java.util.Random@3ada9e37
numHidden 	14
numGenes 	129
Training Set Training
Fitness 0.022951517296837604