-1.476463311183787,-18.91420493385437,5.349501629471294,-6.68088001560271,2.5596660938083096,2.570319813638612,-7.6452563276532,3.6856056913217197,-1.279919167150526,-0.7097272687517222,-2.5257272824197425,-0.5199616207427162,-5.0156931831764995,5.897297851094457,6.723798801490612,-8.865335966936435,-7.718945003544636,-0.03558399791556166,14.600278713756401,-4.165594121904922,-2.4764399788139286,4.388024683625089,-5.864074186208036,6.27869940283143,-8.375486635596676,-6.689952857938454,0.8009373090082077,-5.675555025027094,-1.910519363449212,-7.90015691294741,-6.529570584399105,-9.907146272504894,0.5865199465135786,-7.437554159732743,-3.1488511645691926,-0.2188339288627965,-4.24895281469505,0.27914354545574893,-0.7438916811095853,15.490924965465192,8.05882123936604,8.538376638807236,-1.129629309724061,-0.4323110943217561,-4.0137487617631376,-7.32062546167375,5.618784953519219,-2.357226798228676,0.6760552478697752,3.7479102524227788,6.076555919065139,4.125811288832699,5.68762888291249,-13.846997116317162,0.7561061806841414,1.2176299756995261,-3.9646909540311324,5.465351429982041,-12.991231063903331,-0.3038626501988233,-6.145952375442258,14.012737371607601,1.197426693237162,-7.476376570885168,-12.419162579161164,-3.6954144023434825,9.726289937635899,-7.217922153771003,5.651560060531903,2.50732675454973,2.956587958282923,-4.136168009744336,0.23675530139012757,0.5941572463009446,-2.857978611529081,4.378035089948932,-0.9238622369092648,-1.6427538515750522,0.9354053563070961,-0.5208213106121056,4.1705161429038125,0.5473918111099945,4.098008897082492,-13.467915157580958,-9.098902319899672,-4.2044168358244685,2.985675701699302,-8.401521163993904,8.26998913252876,2.9228746468198086,13.890888474302013,5.313467957971875,-5.107966957012433,-10.740562995744702,5.8375176648104325,-5.634046562907873,-0.5830527466450093,-5.679401853826796,7.5550734294797035,7.355203725976626,-10.427937999440953,11.127142633466121,-5.798142138446618,-5.883478749968811,-0.41022058548084317,-9.690909022554386,5.211492645717149,-7.907861520207792,2.3202058934686427,-1.553367322535097,1.9548749667743,-3.4308188506590014,-2.171761806681456,7.578841010291226,-7.760306437308012,-0.7852595747649538,-9.664289954761282,4.950249530896761,-13.987785874335016,-10.541201718040481,7.343036560702339,4.067324579503036,2.581121474518568,8.108954628968387,-3.298880642855682,8.101320045351157,-5.299215339806476,5.076605824357288,5.903105747064151
neuralNetworkClass 	class coursework.ExampleEvolutionaryAlgorithm
INITIALISATION 	RANDOM
SELECTION 	TOURNAMENT
CROSSOVER 	UNIFORM
MUTATION 	STANDARD
REPLACEMENT 	WORST
ACTIVATION 	TANH
COOLING_RATE 	0.0012000000000000001
TEMPERATURE 	100000.0
TOURNAMENT_SIZE 	90
maxGene 	0.9999999999999999
minGene 	-0.9999999999999999
populationSize 	110
maxEvaluations 	20000
mutateRate 	0.95
mutateChange 	1.6500000000000004
seed 	1646684373006
random 	java.util.Random@3ada9e37
numHidden 	14
numGenes 	129
Training Set Training
Fitness 0.02170485713300818