5.981618787316702,7.822796230328512,3.159822044973798,-14.419372804459814,-6.661654174244912,29.582910590285742,-4.862037629770221,-4.481704465788891,-1.4653825288464404,6.544141313698045,3.610817056850321,-4.266144507530118,13.64345505076513,-2.148483757109976,-10.83407139893848,-13.236904899892533,15.135150315957656,-3.7355221347430643,15.025543898822534,-4.12100769488992,14.622829228704907,-11.541274631760862,3.7796810073524103,-12.75928572780176,-1.3287847712305254,3.4560472807897273,8.317521932358337,-5.319314109345198,6.358668941820823,12.933844675591976,-15.528152192779777,-7.553030081476846,-18.1634594924303,0.7358278612181559,-2.4014757736736954,-9.701904129673068,-3.6686696610568603,3.4291449377298076,-2.579638657058222,5.302970323088212,1.2049427456056092,1.4969034565315802,-5.129028087902382,1.170637410527294,6.856719312949332,-18.890775820318567,-3.0468829111063727,2.235710683563437,8.154189282505586,-15.535496287290924,9.113063174991142,-16.656817914581367,6.122925395040239,6.72885619566515,2.227756543671571,1.7946044913607757,16.850896457408197,-1.144417603997784,3.7914468834337,-5.004015253136445,-7.1418145071407935,9.588844300149905,-4.2974230452936055,-4.791415010081947,-12.58480850271691,-3.6220819783430223,4.3356759182137505,7.0880639019325145,8.429267274318873,6.820837450998491,7.9871979463077585,1.5051359065878422,13.723237332855978,0.3875179290934381,-0.6616152362921395,-2.3093378650883043,-2.1074300799519445,-4.84304584922436,-4.439586353823987,0.7284649617596042,5.230715591192022,3.569053693658357,-2.2218521211646696,-0.32206586900812706,12.801202600823693,-8.765786949736743,-8.947381477865953,7.769264889620603,-2.4281387213867447,-9.847989144758996,-12.255503266375658,2.6195876591320424,2.951896082406769,8.889572136215923,11.455457049647125,-8.235427513035242,-13.909605444981294,19.090487616640743,0.1660902146415495,-4.292213305279228,6.926553609791284,0.5133070265961424,10.403972085800175,-4.636244123358843,6.0304612541343445,-12.653817540089472,10.75388534900358,-7.090146902711796,-0.4569468474297178,3.556590991483186,8.256626245656012,2.0035897037059076,1.6223474072443285,-18.182316868939125,6.594275429918506,-2.0041685282867574,0.32845134288803735,-6.070573177169145,4.202580685129416,13.883605551017046,9.140952690328405,-8.854902642322648,11.051097840417736,-7.335443045053452,5.169154940684731,7.624235586110508,6.100879635168527,-13.84956843091836,-3.1422845541273405
neuralNetworkClass 	class coursework.ExampleEvolutionaryAlgorithm
INITIALISATION 	AUGMENTED
SELECTION 	TOURNAMENT
CROSSOVER 	TWO_POINT
MUTATION 	STANDARD
REPLACEMENT 	TOURNAMENT
ACTIVATION 	RELU
COOLING_RATE 	0.0011
TEMPERATURE 	100000.0
TOURNAMENT_SIZE 	10
maxGene 	3.0
minGene 	-3.0
populationSize 	110
maxEvaluations 	20000
mutateRate 	0.95
mutateChange 	1.6500000000000004
seed 	1646684373006
random 	java.util.Random@3ada9e37
numHidden 	14
numGenes 	129
Training Set Training
Fitness 0.022992679495542158