-8.019089669015514,2.6156427085271527,-6.879339422287648,-4.327749137844773,11.92093206608832,0.47448089065898547,-5.268869311791448,-8.283643574799939,-0.5934768147267508,-0.455980204152878,11.004812776691077,-1.3290754554145119,-15.875384946853902,2.962486517758915,-2.403769712194812,6.193746055019647,5.969696445506661,-33.65427567393546,-15.063137819971564,14.219965595974193,-8.298390428429103,-9.996123822099166,-6.561177035980304,2.8060270894423667,1.1100944321575206,4.715818098155122,-2.121960940822584,3.8212007982760525,5.011667363861498,-0.046839077408547425,6.267114621207984,-1.0270760487103,-4.245607654812826,4.392815155827259,-7.1062920331404005,-10.679186800111696,12.07869647149981,-6.530878055923434,23.264186479878113,-4.584166550380781,0.2960673317269551,3.7957836307296917,-0.0483911044173837,1.1264923436286631,8.648144519847369,-20.356076627262205,-0.5118910536151926,10.303511286636562,6.297234035949101,14.87260248184741,-2.784722909929248,-2.9621541168829992,7.753490746292989,2.8449021508466465,6.7178985853357585,9.251962836281747,13.544515219515104,7.8097269703398755,-5.088880154419003,4.9143322643971725,-7.765349490453113,11.656102029730611,0.02778021218469995,0.6480731101793147,0.18804768323156118,-4.173767335347106,-1.2004558840236719,-0.5759464450602776,2.1558303464433983,2.586908629701888,-7.727540183382727,-7.499390430278897,2.950952948725874,3.7497656225564544,-12.020215413224266,3.526764296764478,4.652143926848662,5.405529656623614,-9.37110076327253,-4.755811060611332,5.756063393699717,2.049478922173461,-10.819380227077287,-0.6209922290214784,-5.43796187137244,-0.5750352577288709,5.1082001252836875,1.3079070817942675,13.979230227621068,6.646924503256004,0.6141302393088894,-3.5846362229907403,0.2142549564366245,7.4080930370987765,2.1121892006869665,-35.83480429908913,-9.147738004363337,10.82615145742713,0.4949053359047664,-6.742591358907506,-13.094800115427443,6.127511299104665,-6.508647862716865,12.018870511312748,7.33856633826316,-9.725891987680832,13.851199036940049,14.699979619068213,0.23662532605872322,-1.6381505366129527,-6.088897577696141,12.716747177240503,6.851414834622558,-2.061523334724505,10.392408627592735,-17.176499069611204,5.519643103598685,-7.780978324455125,16.3900502196961,-1.2884019572014367,4.590905247482164,-4.484962429858206,6.5733761692832795,-5.367410771825599,0.21352618017320957,10.5025302434279,11.954854272170198,13.692070876804442,-3.684813515852416
neuralNetworkClass 	class coursework.ExampleEvolutionaryAlgorithm
INITIALISATION 	AUGMENTED
SELECTION 	ROUTE_RANK
CROSSOVER 	TWO_POINT
MUTATION 	STANDARD
REPLACEMENT 	TOURNAMENT
ACTIVATION 	RELU
COOLING_RATE 	0.0011
TEMPERATURE 	100000.0
TOURNAMENT_SIZE 	10
maxGene 	3.0
minGene 	-3.0
populationSize 	110
maxEvaluations 	20000
mutateRate 	0.95
mutateChange 	1.6500000000000004
seed 	1646684373006
random 	java.util.Random@3ada9e37
numHidden 	14
numGenes 	129
Training Set Training
Fitness 0.025854858106618837