6.598045216404393,-11.833973879676153,-9.599365641083962,-4.720166635750709,-4.278016266975799,11.350203050710322,11.08403440223129,-12.888827325561076,-19.162412529507726,1.0777853435427067,3.610217068945821,1.1117105747493117,7.043025020003471,1.428816887556521,-8.340269690379037,-3.596207906225831,3.355072459641425,-6.04534220862302,7.202600756071098,0.44499901550443166,-2.015464241698913,-4.796779963027772,-7.041544139720093,31.4241933881503,14.629496435383297,3.2123416631516255,-6.431273175374207,6.844515500057196,27.603311418710845,10.186568872799777,4.740636361847151,1.5248191723626938,0.7592214038954712,-4.398084814735019,-10.001153404532866,-25.388427411423464,-12.544159267203677,1.137461769625924,18.256817486276198,10.02255037801172,18.290226963217442,9.86821099503363,-17.891406172634653,-3.133310836295105,-9.642351368683475,5.620401327102241,0.7804146906291027,-2.4299725946154815,11.704590666164647,-1.417711243982711,6.388958390057866,18.62319346987927,5.5614616317503875,-5.607302216169686,9.00420829687493,12.113957973738936,-14.751114389303611,9.05894054077334,7.616098991648688,6.181407628011959,-1.891115075706538,2.416249821966134,-2.6572297777006604,20.251349977795257,9.76968317718188,-26.742330783315467,6.769431723094658,-10.764399173074233,3.2602765388483332,20.767640595374957,12.233011593134444,-4.617893347586558,11.760846753296814,1.2718244602164281,-0.9060668728780561,-0.03910167411689347,4.8700083341201825,-3.6925124929279187,2.862537992974949,0.6064215485988216,-6.210193935272524,4.6230873058004045,6.473844151983121,4.54108418485938,7.749299817187972,-6.492518353468733,-13.969500522474009,-6.384589421889336,-2.530002986358671,5.9097370053325315,-11.37753652611922,-2.401765053692799,-3.1036877899185566,5.758555502002911,3.433123090725239,13.692169389775758,-3.178342015794404,-1.680358850812306,-2.532283496235414,3.985121782730449,-0.4018081884286344,-4.8913838898786235,-10.196383868628148,10.596692485414989,11.038165997194595,6.706403629401935,2.8631887858450416,6.188819138477294,-18.090251896250155,15.25328091683924,9.973626474793393,-5.216907616811141,0.8751041647053937,23.51461085948061,4.235560729379727,-1.6310438716261606,14.17595556220126,2.584304182519778,-12.489052024834239,-10.064943601439703,16.17924498931324,1.3026099821190762,9.354381039970772,9.404049928601454,1.4279664074798653,13.81913165226061,-0.611840869436282,11.717977383727492,-2.475361321191323
neuralNetworkClass 	class coursework.ExampleEvolutionaryAlgorithm
INITIALISATION 	AUGMENTED
SELECTION 	TOURNAMENT
CROSSOVER 	ARITHMETIC
MUTATION 	STANDARD
REPLACEMENT 	TOURNAMENT
ACTIVATION 	RELU
COOLING_RATE 	0.0011
TEMPERATURE 	100000.0
TOURNAMENT_SIZE 	90
maxGene 	3.0
minGene 	-3.0
populationSize 	110
maxEvaluations 	20000
mutateRate 	0.95
mutateChange 	1.6500000000000004
seed 	1646684373006
random 	java.util.Random@3ada9e37
numHidden 	14
numGenes 	129
Training Set Training
Fitness 0.01420499009536145