6.978779489752179,5.602902277465542,12.198705173275387,-0.4104143057378087,-8.601762300132506,13.188306999558103,9.392102134960624,-3.142224392691519,-12.045992518217515,-2.1037780821792946,2.0120544013469903,1.9569587422449697,-9.451866252145882,-7.221209121176365,14.431237084499587,-7.543855917970454,11.215808885075939,-11.041340791769398,4.37538032980642,-11.262381905430164,-12.843019181100956,16.317176313823126,-12.142163103966936,-0.7040488603011497,-22.43899886260987,-6.893210834884504,-1.9170939661806763,-6.328998307526693,1.18928104875625,9.85323890136433,26.526006496873173,20.583462953186732,-11.118335770407194,-1.6840907414417443,2.435900735599356,-14.762022235941146,3.6330886993530402,-0.716687392551048,-4.716428069756156,-0.8571659888662264,4.255464365580986,0.6111884268232997,10.506153721451707,-10.283265977275098,12.49555697400828,-9.308708551460327,-0.31888473728847444,-12.629875293343247,-22.193143507433177,8.8715502505578,-7.21922280002377,-8.969515578070599,-8.820451907292592,-12.062952736592912,-12.829370721242531,-3.9177538080454486,-5.994210160319047,-2.2795687003011347,1.4693505316104583,14.727690015147983,6.775560723361243,-1.835816452706931,3.7341057580466135,0.9970153390867278,-7.298174362248081,-12.409111836432743,1.3086470681934834,7.173918528768047,-4.559811695812046,-6.366208099361362,6.7016706195496365,0.8610935314949959,4.757525098050547,-0.8116435888323341,10.141729346546713,8.683064643766548,-7.849565802755723,6.260343492253991,3.5238203936942423,0.8433313706195777,-0.6178661511530379,-7.3724154851453445,11.725548074640297,9.723668472242563,2.3736022066768436,-2.678553243388773,13.225480497481998,2.4965054324786102,10.462406639356459,-10.148904254293099,3.4679634268920703,-20.444425416405167,5.338591109901458,3.67539352745513,1.7104445005974744,-0.7688827762006447,-3.8482256114958817,10.360703844811951,-2.5404761836165015,7.6365071454843445,-0.9136995977759579,-13.146491968219022,-6.909917732867661,9.578442626514015,1.098247984590163,-5.561567274823243,9.772387852915157,3.792986550966406,-2.5882526411647895,1.6708507456665584,-5.714977663175838,-10.554892485597255,5.532588700515507,4.099587872275263,5.646944620513648,-5.745525099074334,3.4883699070823653,-2.344800162848138,5.160970298891257,-8.112476796781525,-3.674805367143028,-6.0849879646499705,-2.4949463577641255,-3.6427246507908473,-1.5780151737960981,6.4083371071510555,-7.178871108057722,2.958519479176955,-6.157951897968378
neuralNetworkClass 	class coursework.ExampleEvolutionaryAlgorithm
INITIALISATION 	AUGMENTED
SELECTION 	ROUTE_RANK
CROSSOVER 	TWO_POINT
MUTATION 	STANDARD
REPLACEMENT 	TOURNAMENT
ACTIVATION 	RELU
COOLING_RATE 	0.0011
TEMPERATURE 	100000.0
TOURNAMENT_SIZE 	10
maxGene 	3.0
minGene 	-3.0
populationSize 	110
maxEvaluations 	20000
mutateRate 	0.95
mutateChange 	1.6500000000000004
seed 	1646684373006
random 	java.util.Random@3ada9e37
numHidden 	14
numGenes 	129
Training Set Training
Fitness 0.031256120163050946