-7.506965720119782,-8.150291028485444,-3.418099237171103,2.3341953407512666,-0.8150293851727248,-8.775472590655491,4.488627419416218,-8.547623449977445,0.9740888543073982,13.184635681841735,-10.505004395733478,-1.1961934885043526,-5.066749822289797,6.061397298384286,-2.633204893595641,6.7871012871812635,-9.622013838446348,0.12124706328075163,-9.728187932793249,-0.9236220100993409,11.458267174376134,7.502767383334733,-0.8872278197190759,-5.60957435248927,-3.52600630170903,9.776147812744892,1.8123095397848807,0.5590948910707763,3.2283343020994018,-7.585750466332682,0.7244353744769967,-7.8869586219813375,5.6193623581472405,-6.071051383606012,16.164560727261588,-6.5313380869973106,10.419270588699227,-7.896614337289949,-2.919796333472237,-8.111735875417654,8.701772051596995,-7.859797008357814,7.227091223855657,7.766214557298458,-9.547876926439718,-8.902198237464996,3.8204428630133256,10.975013374004694,9.08053244263941,-2.948892739668387,3.898802036868206,4.800945698383472,15.808549494844163,-6.309718663864611,12.717859142609862,-1.6928356270168798,-7.590649171197521,3.8602754644755004,1.984287769502746,-2.4172392177402786,-2.4433251970826966,-4.203929645054801,3.094694878328405,-7.430415689630792,16.5734801819395,-0.5770980327034074,0.5623625801896122,-5.545726338224639,-12.52976638778387,-1.8322743612135355,-5.055461899484186,-2.0788337215572783,-1.675940638544498,0.6176244599351088,-0.07439333047742736,11.632456096121313,1.0238113966737812,6.812820291314493,2.0665592048172314,-8.764828026625384,2.4424583237147575,1.9763993565929372,8.848746261982349,-9.459747510597708,0.2969968240511527,-9.090182433494576,18.719986698808306,-12.472803066275244,14.067440622389052,5.9727027902266245,7.193678179525955,4.698473477138261,-3.2797425170461305,-1.232573364656254,-4.34336537707898,-4.00892936684548,-4.232044080810359,2.763368729619862,-7.9910465207661385,1.7982801292587371,-1.8546477229537626,-3.7772481184261792,3.1892946761677337,1.2630027079038229,7.5943747550392375,-7.370621988906704,-2.3184694184583226,-0.8254286795364241,9.523091861075326,11.0735490317603,9.10380432628163,9.384289766078826,4.140978167016342,-3.039090626451296,-2.7013877132575264,8.80058733291369,-6.978739413068627,-8.010100176972715,4.572605022562961,-10.71710625362459,4.502514952471333,1.4819661857972228,3.8273777172341372,3.7240412735497603,-3.4844880844970447,-0.9993815011800358,8.777601478124886,-9.005795291337181,17.40763846529206
neuralNetworkClass 	class coursework.ExampleEvolutionaryAlgorithm
INITIALISATION 	RANDOM
SELECTION 	TOURNAMENT
CROSSOVER 	UNIFORM
MUTATION 	STANDARD
REPLACEMENT 	WORST
ACTIVATION 	TANH
COOLING_RATE 	7.0E-4
TEMPERATURE 	100000.0
TOURNAMENT_SIZE 	90
maxGene 	0.9999999999999999
minGene 	-0.9999999999999999
populationSize 	110
maxEvaluations 	20000
mutateRate 	0.95
mutateChange 	1.6500000000000004
seed 	1646684373006
random 	java.util.Random@3ada9e37
numHidden 	14
numGenes 	129
Training Set Training
Fitness 0.03202482633348744