3.7568050758451736,2.728111810214929,-3.778225985948519,-1.815451325044719,-1.585748906067657,-1.553160874674381,-0.6833559075725191,-4.229272715937348,-1.1785390752368663,-4.251175299464504,-0.2709873461167822,6.527050506481286,-2.0474656427869125,0.7976037285212332,5.642886804664251,-2.8098432773186897,-4.264614659646865,3.4938829032939918,-3.3168589554385477,-3.4553476710024666,1.5742043840022273,-6.886772477078095,-4.522854868831941,-0.7156932675475605,2.7585722728739084,4.619276696796007,1.1973719319960452,-3.812218264247967,7.1587246980755666,-2.681316088842805,2.654602921360352,3.0874009080509834,2.5685766643164856,1.0454687031409176,-3.9827911224535484,-4.675306414179354,-3.5422758708040787,-2.328557225896842,-1.2746620266574546,-4.310811501509944,1.3807517592467269,0.38586718074280935,-0.3502905407618826,0.3771627442356378,-1.1332171171466978,4.671473107546296,1.0630651782473315,1.0847852011247037,1.974318729371856,-3.824531114175908,4.398192446906547,-0.4346670653575817,3.046021982419564,2.4831369584598804,-1.1902073004788223,2.3828875883141993,2.985210354820265,3.148111237008286,5.938326609477485,1.2351571303127509,7.600434574528357,-0.5825918075892087,1.1423281859700962,-3.754199507049938,2.476624268987844,-2.789230573230382,-4.4284606286148165,5.041869402042661,1.1808958227035395,-3.527141681557512,-0.05342626151517216,-4.3152880371605935,-4.051776379262995,1.7133381691624514,7.09168212697097,-2.187076753568036,-1.3332115951680557,3.48384276884176,4.535545869318258,1.483654976040322,-0.10507759576245457,4.362333772291656,-2.549110151281212,-0.08616301637404256,7.491182798195249,-3.9756724197427316,0.6470593079416707,0.025594326935046263,-3.1238060192122585,0.9769536768483693,-2.439427710091672,-1.9596202271988385,-6.68049255459296,1.5657933157457355,-2.1929896887926166,5.094073538899719,-6.143161164089219,-3.1640662463688947,-7.836524733091478,-3.339460137344182,3.8426491919639325,-1.5123470891405342,-2.205800908196414,-0.9261384008355709,7.130150230175383,1.1136375956501805,-0.9872524217438259,-1.3202906148537341,-2.2545816712024913,-0.41137770499213655,-2.557372843160649,-6.825963795434793,3.1344147258088313,5.803816890741377,-2.4560464790424903,-4.697475595996575,2.0113184070186207,-3.952519126462044,2.6672084105864577,-0.15305905550296406,1.3236847723363656,5.779480999489889,0.7259662482329792,-0.6852008692706333,-0.42544291950942004,-1.9683416475180322,7.648830036733396,-0.5235466667130599,-1.196237833842054
neuralNetworkClass 	class coursework.ExampleEvolutionaryAlgorithm
INITIALISATION 	RANDOM
SELECTION 	TOURNAMENT
CROSSOVER 	UNIFORM
MUTATION 	STANDARD
REPLACEMENT 	WORST
ACTIVATION 	TANH
COOLING_RATE 	0.0011
TEMPERATURE 	100000.0
TOURNAMENT_SIZE 	90
maxGene 	3.0
minGene 	-3.0
populationSize 	110
maxEvaluations 	20000
mutateRate 	0.95
mutateChange 	1.6500000000000004
seed 	1646684373006
random 	java.util.Random@3ada9e37
numHidden 	14
numGenes 	129
Training Set Training
Fitness 0.05813576061343332