-6.2136628706290935,-8.620999322535429,1.464404701737699,-10.989321086125473,14.74670782936394,2.732616748778401,-3.8965964209082964,-9.846087411618575,-7.1468556590778896,-1.093800660896738,10.838595425411413,-3.0728225262173456,2.0562380973998486,5.082706542671412,7.1064440215975555,-2.1296035439811583,18.951070030361116,-4.269875061081336,8.994981469806573,-15.315097918058987,-24.997628350348236,-16.82171051080273,13.294690675743636,1.0602202368663693,11.349336318313506,-12.88165365026489,3.9906791272890345,6.94250965186794,-7.6300945080618074,-10.950106235618543,1.7687393581853845,-13.289097879431022,15.604272585045761,4.942635489755105,6.0965633249770494,-2.8614596550505205,-7.455231177355856,-3.691323280164598,9.26754958883764,2.413153275043922,12.244220307445724,20.498390028264637,-4.641686408061284,-7.072442678841144,8.427284462761461,9.98707503719501,-4.547815850664467,-4.5264807167497185,-2.090802720327048,-4.288566429932439,22.26964166442763,15.982961740455941,-1.3662155855739035,-1.3558230545377272,15.522822479056186,1.3085407694060782,23.187511025645406,-9.988118312077669,2.0248899170625094,13.721170540361744,-20.58527459659011,7.015503808815465,-12.563759852380363,-3.4748810368156935,7.191507210567352,-3.7452389676846165,4.2181871479993305,6.801842391787421,-7.670215439903167,17.58688814658418,-11.209061470894632,5.441775727863835,0.16464227851976432,-3.5829320344053555,-0.7936503903993914,0.5088426219670286,-0.022753524516906154,17.32213588469306,4.547113295920568,3.3054938456700658,3.462065899800634,3.600956140268213,5.952714036167807,-3.983367806350886,-10.438671463397307,8.324160392008842,-5.3513501638334,-9.691173047829169,-2.0530978578879733,2.672739423788139,-6.980907875136543,3.2967690707048245,18.848173140589644,-8.73142698088056,16.014332558411045,0.7619643318171185,-8.30558393313153,5.46739650508403,-0.9809458024926254,13.002694817849576,-5.507644280983667,-6.585469463361795,-0.19649351693190198,0.3046737284977805,0.9398677122106411,-1.9665924401002837,-2.871897986764141,-7.98879156065305,3.0758393647256224,19.236408233727175,14.907018327799596,-10.248826179212074,-1.5930555493525453,7.1316287561893095,-4.56931963704103,1.0717209615815104,-0.4246603861838487,2.074673060249636,-14.620291114086307,-10.492473067275343,13.424846479076727,-10.28417051002952,5.121572457782067,7.016353592957746,-7.824892908511815,12.054223166488306,1.2498358937918548,11.758070050702113,19.599735319137565
neuralNetworkClass 	class coursework.ExampleEvolutionaryAlgorithm
INITIALISATION 	AUGMENTED
SELECTION 	TOURNAMENT
CROSSOVER 	TWO_POINT
MUTATION 	STANDARD
REPLACEMENT 	TOURNAMENT
ACTIVATION 	RELU
COOLING_RATE 	0.0011
TEMPERATURE 	100000.0
TOURNAMENT_SIZE 	5
maxGene 	3.0
minGene 	-3.0
populationSize 	110
maxEvaluations 	20000
mutateRate 	0.95
mutateChange 	1.6500000000000004
seed 	1646684373006
random 	java.util.Random@3ada9e37
numHidden 	14
numGenes 	129
Training Set Training
Fitness 0.016328346321892694