-15.784034838698892,13.79940016714816,11.183174961686364,-3.3334402572614064,-27.628784448631443,16.74054748795446,9.68533444677551,-5.790476123023364,-7.009392829477386,-1.401097505778944,13.770423376328786,-2.750414154730395,4.117741512961796,-1.911706970899754,21.866458443557654,10.314683509120735,14.345693831131218,-7.379146967834872,-15.181749248476006,0.20245939549370462,-3.3247275467228956,2.3933965125770076,-4.299781318468932,-12.597501736196516,-11.44646221203382,1.0648878440253533,3.4771725899052086E-4,12.124718934259468,-5.888633266287133,12.191354335946068,4.93529563179969,6.977412018949119,-7.4893529908057825,-14.92674403073836,7.017184320268883,-0.55415886054376,-5.759018968373731,-2.8534969942449298,-3.5593257369394484,-2.832755590218455,-3.9274232543796685,15.261982371212431,-13.90554501260869,14.930494083350963,13.376300470618014,-5.750375914899509,-2.7756599055037876,1.398598168981219,-11.136339989122293,-1.0982865917157456,5.185697680687152,16.25964465474341,-2.1712094852344084,-10.313673989794204,-7.82900635257819,0.006714264488440591,11.741302537781804,5.065431692192011,-7.11622371025916,5.979708534771071,23.243158381405408,-19.056609544821377,7.4034717264272665,-11.228037748516586,3.894532032984964,9.610229543507213,2.595912110254794,-16.838070918814125,0.9429104083113025,0.42026880069456585,8.672561479711764,0.9251555125991349,-11.143513521777285,13.210326790251957,6.636952694391944,-22.43582590892072,1.0671943368638148,-10.487081602572452,6.129895892868455,-16.286124371050015,-4.089468386787534,-22.591478461349332,-3.8044345133972666,-9.162664320709098,-2.321387276459612,-8.112835060066264,-0.061382037782465204,10.171995958363604,-14.980307427986917,14.703261136992163,-2.2219557825336693,4.418523538878166,10.321695949582454,14.758778630152122,-9.173499541490232,-3.9654097719793073,-13.590910594425164,17.23852093353407,-1.2155851118629926,-5.396762687379477,2.3617217117218567,-16.75254816796329,11.486209734092725,7.690415100303335,-4.268936704869029,-4.836322978777982,-10.178471799661585,-0.6112951896395291,-18.31643165376444,9.621865225931337,5.877400260844272,-20.78584681039129,1.0926789423293748,-15.069436702931874,14.70782879607191,13.930576495020722,-13.269709208539227,-7.346968718211089,22.03532777082045,-2.8793961651001663,-0.6247054547854276,-1.6551028038816717,9.474484093964577,-4.694839039557058,-3.638895291803335,9.243100137596478,-10.459331195490755,10.333010385628015,-6.174116450442636
neuralNetworkClass 	class coursework.ExampleEvolutionaryAlgorithm
INITIALISATION 	RANDOM
SELECTION 	TOURNAMENT
CROSSOVER 	UNIFORM
MUTATION 	STANDARD
REPLACEMENT 	WORST
ACTIVATION 	RELU
COOLING_RATE 	0.0011
TEMPERATURE 	100000.0
TOURNAMENT_SIZE 	90
maxGene 	3.0
minGene 	-3.0
populationSize 	110
maxEvaluations 	20000
mutateRate 	0.95
mutateChange 	1.6500000000000004
seed 	1646684373006
random 	java.util.Random@3ada9e37
numHidden 	14
numGenes 	129
Training Set Training
Fitness 0.010996391786809874