-8.775148486403449,3.7335254589999423,1.2929897779989439,-7.478100899385559,5.687622238595081,-0.707266281723486,-6.7824582128872315,-8.9451011008168,4.772510196818634,-10.832411991570613,4.798442312226287,-6.3392587406575895,-8.436210218555068,2.568478937066228,4.409808273837697,7.673529736570776,-2.6842993226891263,9.10743436696658,3.015979852505132,4.78000586344153,-2.048287456075456,-0.8360593849346287,-10.891742793730762,5.047132287109012,14.347116359877084,6.36545797504304,2.2547667317998155,7.540609361989274,-8.89828363169573,-4.5622527694193105,-1.5057448629627488,4.861902015385638,-1.1081788635903997,11.58441663061512,-1.5942172067737879,5.2544001081139236,6.9606504256177155,-6.8030996554702625,-4.525043790816907,-12.110120740577614,-3.9363005839020495,-4.7746280878425384,-8.646483836774978,4.394481192735677,14.530522611344866,14.657895654597061,10.822765246429782,0.3089754728071554,6.736821919052131,-1.3405853116802704,-9.327505982627502,0.1011127084830914,-6.099355718541395,-5.686027118203173,-5.254265930138994,0.20842582531436182,0.6739174773661629,-0.05713859334175986,-5.1241594844415825,10.237884444975696,-10.404525773591956,-7.261818482389344,-4.34392281092206,2.1343520218229397,5.454135298546314,2.4556096312985893,-0.466951666002994,4.7028432440857815,1.1303473326156501,7.001947783488651,8.503996256905173,0.5301268212850827,-4.607712198780957,6.732340427667344,6.624151495585693,2.3992645411552624,-4.182722126234788,0.28883416712027454,6.093998228720693,-7.673775482113518,-8.208240046741867,5.8162550359687515,-1.2025130457425126,-0.879245309934797,-6.236977699687696,-3.4168251243935934,-4.449102356338614,-5.865752966691549,-10.476726521189821,10.66503267158536,1.0482331265801914,-0.9446276088601149,-1.0984090222440548,-0.8367215641713397,5.552687477040591,11.899811715075424,6.221692534910124,-0.6613017201135607,6.584911798068113,8.313455238637733,-11.196604603868028,0.5788818997344132,2.1974688471187314,0.5189897299390127,3.7930590006486176,-0.7009140339639384,-4.848958983685795,2.4838405561771113,8.003218379017136,-6.107453769195185,-9.128374409814409,-8.227019255049193,5.8240457230187515,5.900588044871773,-0.480871964086135,-9.826832613784443,-4.710804084431929,-12.035320122477298,9.48643045551996,-7.364286633679658,3.386012509642674,11.351874403265597,-3.9758126208103253,5.732946343238833,-1.005003867772567,9.31187622090464,5.250272912795193,-1.3409426583652335,7.625855402976301
neuralNetworkClass 	class coursework.ExampleEvolutionaryAlgorithm
INITIALISATION 	RANDOM
SELECTION 	TOURNAMENT
CROSSOVER 	UNIFORM
MUTATION 	STANDARD
REPLACEMENT 	TOURNAMENT
ACTIVATION 	RELU
COOLING_RATE 	0.0011
TEMPERATURE 	100000.0
TOURNAMENT_SIZE 	90
maxGene 	3.0
minGene 	-3.0
populationSize 	110
maxEvaluations 	20000
mutateRate 	0.95
mutateChange 	1.6500000000000004
seed 	1646684373006
random 	java.util.Random@3ada9e37
numHidden 	14
numGenes 	129
Training Set Training
Fitness 0.014976993086765672