-2.8291373575394667,-6.553420321039381,4.112904529848825,-4.4772321822798125,-2.78411096827924,-11.262076170939137,3.1544429163992636,-3.604690972457271,-4.607436787390518,5.587146002777356,3.3548854653922904,3.9118642103790116,5.877691822790879,5.657244426042621,-0.7586934637374263,10.495057434401817,4.749834390240387,-6.694073709164131,-0.4822269528721961,-1.9126215978556584,-0.7795079007468297,1.1773872450455007,0.7352697529278878,13.127859517664401,-9.246368702990399,-0.04100009423610462,-0.16000628522537297,4.0814956996684355,-0.9543000769460681,17.548014427376962,1.90479046048298,-8.55868168895728,-5.224600981959199,-4.030140169557521,-9.470636217760726,-6.536735621652577,5.007086766053867,3.5736224305541997,-0.7867480815796863,6.121722038432576,5.393797063180718,5.301756837547796,6.061419837106131,-1.4111361702507943,2.275466444045959,7.190073237692655,-10.92432049106799,-5.35638447291722,1.1050722346721598,3.4505278092223595,1.3160062507310961,-2.9936591509602506,-4.340006462248065,3.2233277708020873,5.634182492344998,1.3230598625195853,-2.7919835637222885,4.5063447894065325,8.938055736062676,2.588250091733081,0.4970147294194671,-8.321179976053228,-0.8119404746840662,6.198014939919123,8.124445891832263,-1.9171782686592875,3.6585039194566153,-1.3843610464306488,2.5174115458309383,-7.74009294288673,0.4645041359553348,1.2092837911002396,7.116141839832944,-2.788081839725341,-13.288729220931904,2.1868111594104107,-4.796628230811233,3.3138341267015354,0.4158490546108835,-1.2945435736288111,0.4591872497949514,-4.146924493099701,-1.2677490557322137,3.3243090914398605,4.245527336135863,7.8036527309884,8.57928510274102,-6.404710209475173,1.7866398504991308,0.665024750399148,4.5762472732875805,-1.8964487563792662,6.461395494637861,-11.395473400351786,0.18499447738202335,-2.029038919522506,4.310476328784208,-6.7112979346061366,9.137786350781177,-7.773438073028627,-1.9139383798689975,1.8228668478479317,-5.9013668945405,0.9256346448284036,5.733747407864333,-9.360289201229303,2.3117536752665373,0.8642318924902606,-3.3539597628550695,-2.5632701512135796,2.534102397185806,2.0887749295619535,-0.9361198609603347,10.408766604772781,1.1297855241064312,5.7905467727729985,-7.4727472180853365,-2.444080999508106,-7.527454077839474,3.102648864117139,2.138064746496142,-2.3314363380003353,-2.4916449575232127,0.33221946105362576,-3.4519409454776087,0.4502244324854967,4.423509236351841,-5.286549892657026,0.82166481775368
neuralNetworkClass 	class coursework.ExampleEvolutionaryAlgorithm
INITIALISATION 	RANDOM
SELECTION 	TOURNAMENT
CROSSOVER 	UNIFORM
MUTATION 	STANDARD
REPLACEMENT 	WORST
ACTIVATION 	TANH
COOLING_RATE 	0.0011
TEMPERATURE 	100000.0
TOURNAMENT_SIZE 	90
maxGene 	3.0
minGene 	-3.0
populationSize 	110
maxEvaluations 	20000
mutateRate 	0.95
mutateChange 	1.6500000000000004
seed 	1646684373006
random 	java.util.Random@3ada9e37
numHidden 	14
numGenes 	129
Training Set Training
Fitness 0.05481200640813762