-7.00342679233149,6.109967996068438,-8.498840583926764,-6.303805687426992,2.6206754408247344,-4.14233945016387,-9.679561731502647,-8.581636485995318,16.469005587496632,-7.019553590151748,2.7250617507238024,2.433317291423144,-6.31502933415462,-4.915344899567511,-0.7802949099935135,6.927099357262428,5.054652933119748,-3.1568570898000505,5.67149858693999,-2.5033413052207756,5.058757403669855,-8.485585731367028,0.269255096921305,8.962619790955376,-1.3946966850878288,-12.505401189751497,-4.247015361357977,-7.593655169551964,-2.7503962228838295,-5.444407318754479,3.004699099978958,-0.4353105590390647,10.083348630384961,-5.260118924260186,3.330887869984805,4.997935570198182,4.06169156963262,-5.008903965989502,-5.17254212148861,-1.592825067143572,9.012937170716583,-4.25637870275444,-2.148053599052111,8.559354771445026,-7.407065853266995,3.674421079308256,-0.04431491314299674,-3.1811429534518325,-6.138491846350927,3.892938356112724,-2.5995491007827134,-1.692218925433405,1.5766341297128532,-6.021121498915733,4.5258774097592305,6.293495784241467,-0.22204543348045824,9.026447308579092,4.064365200148701,4.196331904402555,5.4392692791930735,-2.7824355487137105,-5.885072911544517,1.2345602767122807,-5.289835129285088,-1.5871769014455106,4.4856556315651765,-0.8957648714114885,10.517933655395902,-2.373635572971115,-4.872109028602722,-1.719110980804957,5.429941807910536,6.086641370374153,4.288297927201874,10.877750615150601,-10.616896648365742,-3.9140461850715624,-0.013151538471269042,-0.919048124127186,-11.68475293563907,1.395006244764426,0.5970386772078657,-4.343437748381579,-3.6781433421525724,-2.9339115043827095,-7.14240163701464,7.539586875693848,2.8717280049422294,-3.855804878151215,0.9097092762408678,-0.2850780998765208,-0.18977678488758754,-4.0187522261398305,1.877730513030352,-1.6225299610128951,-7.984356880954757,-6.520170464305106,-6.919136881063144,-7.257048844102424,1.6379801050785439,5.696692711809288,2.359502601337498,-5.881357557130537,4.136187662453813,1.8404841200460114,8.297699001539266,0.47237117133103634,-1.6059305778560904,-9.375998390719387,11.691752437251598,-9.326464476782473,6.549540742180918,12.499763298161472,-8.849472177955093,-7.3882513041333775,1.9551932574213757,-7.254854276511082,-0.7743012779198057,-14.498886941550522,7.547840852687498,-1.163059879964873,-0.8166238300708963,0.29701347579420023,-6.060995624183533,-0.019237993626441963,2.589823599886228,-16.750020737474834,7.253694713732872
neuralNetworkClass 	class coursework.ExampleEvolutionaryAlgorithm
INITIALISATION 	RANDOM
SELECTION 	TOURNAMENT
CROSSOVER 	UNIFORM
MUTATION 	STANDARD
REPLACEMENT 	WORST
ACTIVATION 	TANH
COOLING_RATE 	0.0011
TEMPERATURE 	100000.0
TOURNAMENT_SIZE 	90
maxGene 	0.9999999999999999
minGene 	-0.9999999999999999
populationSize 	110
maxEvaluations 	20000
mutateRate 	0.95
mutateChange 	1.6500000000000004
seed 	1646684373006
random 	java.util.Random@3ada9e37
numHidden 	14
numGenes 	129
Training Set Training
Fitness 0.03604077516075872