21.04893965337508,0.5718898315152554,-9.569662598249572,-1.1800648176826458,5.584624618779585,-4.736622292483483,-3.805984137004522,-12.443464270060543,12.866846283726588,-12.83558155890816,-5.8554900118901525,11.571844531397053,-0.2970464721874233,6.096563706315688,7.010353553935178,0.44451377924790325,6.892257175274686,3.1939717456317958,6.775070021815139,-9.344658163892628,5.923782005444807,4.207207675004908,-21.079054805923363,3.611404819214121,-15.698351439006945,11.984416950770468,3.5319396457159016,-13.760710724734448,-12.33115212441044,0.7660220347011668,4.48705896143598,0.7935177829380979,7.6727992364345825,-12.182299164324483,10.698782237629056,-3.949907934717677,0.35987380911479594,6.932346427543605,-3.2676183518173527,4.385018810942086,5.454177118946958,3.213272500148742,9.125211212817186,8.899497482179552,7.62824215392814,-14.411743168107208,-2.193719089344576,-0.08145646623231428,1.9077807202114077,2.9658266502489594,0.6258557700167291,3.9579908427448878,-9.664944320045876,17.129589346097987,-1.7921365116732595,-13.342884054994034,-0.4318317031085135,-10.40779376626209,8.052464391735917,-6.884793435043237,-3.376774304117003,1.6178600560040177,-8.854656107251936,0.15594325316866708,-0.29392963994227106,6.956516706423494,0.7800796745103327,7.565389804697077,-8.645309741434602,-4.380798647246832,0.8625977103739961,3.762131593998019,-6.839246586495675,6.2837795823563045,-1.3084772555197333,0.7317148719859263,0.764624930284465,6.932383843020723,-3.662563663404188,-5.379592316018668,8.702921728409928,4.77414442987202,6.574938797593896,5.737774774783152,3.017119014443848,7.872641906380911,-0.3262470683491028,6.52467206955016,2.522628812066996,2.864731980347562,-7.442157423446524,-6.386769074470612,18.416308799779294,-1.6320782649035994,-11.918249352306116,11.171343417410979,4.962936374587153,7.28851589035494,-0.9633473529180421,2.313931222526937,9.37087035466034,7.409319704938637,5.779430451289498,-4.506661534863943,-2.9224552250524063,-2.515536137128077,0.9361892776677934,6.186616367708442,7.811203372614701,9.344073815480737,-15.691118609780741,8.918071969658683,5.071150312233011,-12.277467126132182,-2.477417640651125,10.865229475275964,-9.61812881956861,20.621040425974236,-0.5596452539423407,1.2629696708420948,-11.062291012983561,3.4941627189688003,-3.4338398732224515,-3.4128968911620605,-7.809383726990054,-6.9657681196905,0.638917417455585,-8.332597943022199,-5.129123978894828
neuralNetworkClass 	class coursework.ExampleEvolutionaryAlgorithm
INITIALISATION 	RANDOM
SELECTION 	TOURNAMENT
CROSSOVER 	UNIFORM
MUTATION 	STANDARD
REPLACEMENT 	TOURNAMENT
ACTIVATION 	RELU
COOLING_RATE 	0.0011
TEMPERATURE 	100000.0
TOURNAMENT_SIZE 	90
maxGene 	3.0
minGene 	-3.0
populationSize 	110
maxEvaluations 	20000
mutateRate 	0.95
mutateChange 	1.6500000000000004
seed 	1646684373006
random 	java.util.Random@3ada9e37
numHidden 	14
numGenes 	129
Training Set Training
Fitness 0.021809348153597988