10.290984039873823,-9.225360676180163,-3.4558136325781996,-2.304497126757167,4.232928989730585,18.333249195449298,-9.430266712755072,9.459040226630496,4.867162331965055,-2.5881829077773357,14.244853421885736,-13.132328892869756,11.787443252582666,8.151217546472509,-5.297378873953388,4.253450057838528,8.665766819022824,-8.44423874195952,-14.094909628672696,9.058659982258362,1.3691481140619288,0.8508279931284628,-3.888980004478581,-10.90211825683288,0.6980601742033841,-13.007346247457262,6.084433808348796,-14.104156562262293,-2.1191150317295753,4.857116196098257,12.58130873960478,0.18551172689999618,3.661477605751111,-2.4285309332597516,-13.751833585356819,8.381743477810918,14.157172616438466,-0.522410299887154,6.900332438186048,4.314179025710116,-5.207699618753787,5.577408880708728,-16.23089542538594,0.15891301856169626,3.4775124856706103,0.7108062122877321,11.216064720180505,5.601842687893615,-13.742047978010858,-3.4466415204731664,1.7092447542558324,1.947450845925455,2.7435365245899526,-5.554056961793949,-0.9101524561596666,-9.594861620275545,5.562357477205455,9.480303144890991,-4.3202941910295625,12.891085650305865,2.0934353698278105,8.014294758401185,3.638645127418383,2.1769742493574373,9.28780015628164,-5.072357981434768,2.0774046745693804,0.34776737715116113,4.327105293727447,15.95363785956708,-12.384249386803662,4.399101502489684,-3.8532836312434195,4.434337403211043,3.646902828654529,7.76070236705627,6.265448532075588,-4.203601446218814,0.128381745659774,7.2255994378769,5.116863257273125,0.3318357897613158,13.965861200143982,8.545770658854874,5.267268050328844,4.942561740109007,-2.559395182616125,-2.8267909194865357,-4.016701702000552,7.569699158028694,-7.997458862346106,0.8312625998198371,7.977192017701091,-1.0717409146890216,8.510021777604432,-0.7555432748054107,0.0606080183467288,-6.045115953293509,5.1937885333572655,-2.5641279811509383,6.82806542659676,0.7509730604336387,-12.093339304188975,1.76950202000792,3.3688231571265126,-0.18439498279732902,-11.65806106345207,-6.279115686250885,-6.678751805226938,1.6622949547092656,-0.737495122331767,-7.647350645625744,-8.863542127729138,-0.4992788749478816,15.679081066455245,-6.447504230279359,3.1582551760593933,-1.5108266093784533,6.200100333863617,-8.34054009190272,-3.2458897340378385,-9.024418110762722,-1.6028832179449548,11.610202504861395,3.7971764782437045,-6.905407342037499,12.588677033298694,-5.869597902138187,-5.8979376759660695
neuralNetworkClass 	class coursework.ExampleEvolutionaryAlgorithm
INITIALISATION 	AUGMENTED
SELECTION 	TOURNAMENT
CROSSOVER 	TWO_POINT
MUTATION 	STANDARD
REPLACEMENT 	TOURNAMENT
ACTIVATION 	RELU
COOLING_RATE 	0.0011
TEMPERATURE 	100000.0
TOURNAMENT_SIZE 	90
maxGene 	3.0
minGene 	-3.0
populationSize 	110
maxEvaluations 	20000
mutateRate 	0.95
mutateChange 	1.6500000000000004
seed 	1646684373006
random 	java.util.Random@3ada9e37
numHidden 	14
numGenes 	129
Training Set Training
Fitness 0.03697678333147922