5.950066857665223,-5.564403055158365,-2.968044334278355,6.522874031267635,4.774516145059676,-5.912567584658531,1.3544855723201907,-3.875024348063331,3.2197048342014636,0.7126415818612064,-4.124064584703799,1.4885772943392357,-3.565532060595804,-0.3725957611595643,-2.355338575576141,-4.15564331874671,5.978700946636178,1.0483725891736397,2.9111609698321734,-6.959491133967379,-3.4233802730048275,-1.2949248264667736,4.809035465491503,5.03440517553484,-2.0874241421829187,-10.486956886884423,-9.03796416591663,-3.9566061444053933,0.9900942762288709,-0.8661075500337927,8.677895453108212,3.1350774490049034,-0.3544975298406947,4.37242267903794,8.641609993714274,0.7924787027805671,4.9407243805119165,-3.352878311962818,-2.0147248904138273,-5.192913469172835,0.5555145671279469,-2.330706761906991,-6.011452208198778,-1.7171494422197,3.7576117817410393,1.827353353806251,-0.14675123926981826,5.826770824611167,-10.850005894789359,-5.553331203302734,3.847577359081548,-2.19319123615412,-0.7723792494426496,-0.8183611197616534,-4.2201364756089665,-2.024578812499363,1.4217491037566,-1.854448692865435,2.23873364404724,9.737100310835533,-0.6818815020056901,-0.10493085103139066,-2.5739783202259385,-6.71912204194291,-1.5440050184211973,-4.589964822610574,-1.1892916518719874,-2.546167881185188,-1.151724564945824,-1.1543919027630563,2.446625826118283,6.069211645171343,4.108551511213321,2.8325725869368243,-7.376381858491892,2.322872660679087,1.3792372909193449,-8.787006553271672,1.2612990891843818,1.7842987923144786,0.6755684036451375,-2.2277870052417446,0.10650531418784004,-3.466444708799793,3.193481942420579,4.014517512180354,-9.990006911524853,-2.8168944478307143,1.875091500679385,7.278628355758292,-6.8151187009388865,-5.5465042830443725,1.9336730995789866,4.1005001610003236,-2.3612037038443896,-1.735507502389662,-3.8392178145639795,5.9047371189269775,3.3236274153350136,-7.291663503916509,0.6713238935588501,-0.3577330735430866,7.511254681032595,0.039351728858829205,-4.161896983673048,-6.559260776223143,-3.1694358517688337,-4.055769549021072,5.675582318133065,-6.0045557586194205,7.140518028520222,-2.7001100631091846,3.553281286022849,1.1023750342895775,-5.7839979235013566,4.430876344811144,-3.6975488909377057,4.171384899245824,7.2376234276197,1.0458692726864767,4.275363406460464,0.35622008417406015,-7.246413267746444,2.4129179748196123,0.8247550406697393,-1.9004646033548642,4.521229449950339,3.5256187734282243,-1.7083269418058604
neuralNetworkClass 	class coursework.ExampleEvolutionaryAlgorithm
INITIALISATION 	RANDOM
SELECTION 	TOURNAMENT
CROSSOVER 	UNIFORM
MUTATION 	STANDARD
REPLACEMENT 	WORST
ACTIVATION 	TANH
COOLING_RATE 	7.0E-4
TEMPERATURE 	100000.0
TOURNAMENT_SIZE 	90
maxGene 	0.9999999999999999
minGene 	-0.9999999999999999
populationSize 	110
maxEvaluations 	20000
mutateRate 	0.95
mutateChange 	1.6500000000000004
seed 	1646684373006
random 	java.util.Random@3ada9e37
numHidden 	14
numGenes 	129
Training Set Training
Fitness 0.054829716865229715