-1.6398888071809266,-1.4935710154967232,-7.134500744654993,11.411623903856452,-7.766408068202377,-11.150116457982131,0.28441141987355323,-0.4464282436022353,9.297174718866685,-2.7318080707683627,0.9854578062031347,-14.727821619406795,-19.29877215987473,-12.614322470441897,-7.6917622161048715,2.7482050253536876,-15.925572948167954,-0.09272725408485893,-2.0893604604201297,4.055462469545434,-1.218092524712727,9.019095489202844,0.0342365603711432,-4.281533174414059,-9.04550562924749,-4.48780965365591,-2.6523580462997742,4.524893233362681,-4.498110591907009,-15.649584367326964,1.289875867172002,1.2276774470021108,21.63792724242701,5.553069104253555,2.238080189487091,-0.09833104998482867,2.4324213959089525,-2.6059478403612832,-6.102786414589685,3.330837026049947,-6.725031635277121,-0.50878158212105,10.320411429306725,-3.9924747734481656,-1.143335065641235,10.80631991918955,12.413553329988009,5.692260817541747,0.5552244233269796,9.406265042826062,9.17171985386781,-12.13744417955808,1.768841036093571,7.310142940451643,5.886332977212344,-13.029873156075606,-6.201318310103228,-3.898222598677986,-2.437181650280329,4.939765480238243,-7.2995259813695395,-0.36567158884409245,-7.588690881711648,-6.62861259453559,13.471501614454084,8.550318414056528,-11.759814718929718,-6.003437949718435,7.9257324224114765,1.9716587800616798,14.151849224246895,8.845465669141715,3.300033760099442,-6.011135861569897,-5.525875625109587,0.24856383962527318,-1.337833081366682,4.690750966103005,2.6821463313130627,2.7531857572493994,-5.243515119011654,4.075526502854398,9.75409192371828,8.658906940815577,3.6109895942393972,-5.430997719851483,-13.29499975247707,-2.303535657831441,14.64150237740945,-2.230990385528205,6.116303225122813,-2.5558907233978685,3.785890464631093,12.751099078210144,6.569865520719835,-5.960747238524371,11.574353016258529,-17.361709749494565,4.3166315309673156,-5.031277749606797,6.059372695960169,9.244435157493172,4.457532276762657,4.70065876240098,8.752408584073812,-17.87619915629837,4.129185484516132,0.15684533090644948,9.713248149010463,6.59731184824741,-2.7945367888448995
neuralNetworkClass 	class coursework.ExampleEvolutionaryAlgorithm
INITIALISATION 	AUGMENTED
SELECTION 	TOURNAMENT
CROSSOVER 	TWO_POINT
MUTATION 	STANDARD
REPLACEMENT 	TOURNAMENT
ACTIVATION 	RELU
COOLING_RATE 	0.0011
TEMPERATURE 	100000.0
TOURNAMENT_SIZE 	10
maxGene 	3.0
minGene 	-3.0
populationSize 	110
maxEvaluations 	20000
mutateRate 	0.95
mutateChange 	1.6500000000000004
seed 	1646684373006
random 	java.util.Random@3ada9e37
numHidden 	12
numGenes 	111
Training Set Training
Fitness 0.024903341593559118