-7.532466161852751,-3.6771854219380655,-1.025419598941319,2.4916489313592898,-4.028343058962575,-0.8659408707812393,-0.8227106061548755,-19.085545291295233,3.558181510989466,8.035896440299263,27.15080290382008,11.965150612326655,14.308414179370104,8.164401593467698,-13.798504957438093,-1.4516044761423252,4.258180166543781,5.380463134955856,7.827145034559342,-7.342789305750701,4.854563981325498,-3.6922644167821845,9.484223078676846,0.5658119372085917,4.629282918409174,10.948134099760685,-10.692039154569885,6.042728608616011,-11.015273428860693,-1.047941562850422,17.03338806800852,10.636978755835713,-7.822633600546304,-12.668922761732759,-21.42706379873885,-10.130629423261556,7.909413615543583,8.948850070217443,17.25113791208188,-18.52220733964704,-5.696729456080929,-7.738383724866129,3.6293639809739453,-16.530344070366162,-6.515500778184402,16.05261910601328,0.22347101269486913,-17.07355419212833,20.787696564502014,10.365387600029399,15.924647963955044,-4.915360841213322,-14.27415828969434,1.9388420118394905,-4.321325564485226,-6.96596031145207,2.5273505688822215,-2.967266008451345,-2.3387754498269615,-4.071121910104802,2.796245226414948,-8.995015751622356,-11.193225710969296,5.9488271356022615,4.889518762600206,-0.8869769180910332,-6.443912180503318,-0.02362909493890264,-5.318054012188086,2.9092880872487052,-8.867815628063864,2.7737695169802734,-10.347736484402363,16.136578981992166,-7.762892518664428,8.747155579475674,6.975814869363981,4.352018656449246,-10.868260656818867,7.927096785023594,2.847427088689672,2.1189129158465203,3.6683262482398904,-13.225746748933322,7.834458841695273,-9.696147892999418,1.3403027145992024,-19.714441470093263,-1.576370429630626,-10.948058671083297,6.846423457668195,2.6806475245372274,-7.673586900042359,14.986095180917465,-0.0638657336805295,9.4400523274013,-2.2535493634668047,4.486878973144911,-12.139465618713826,-4.354015418977777,-2.9113915002105495,-20.142576126370656,-4.501793396276127,7.743317839647453,12.052980655347508,-11.286505863189673,14.057610302569532,0.44268274203251146,-0.2416964110492419,3.3118269393857656,9.12765702078197,-10.820616638174476,-14.322070367742018,-1.959585807197624,6.105508936184226,-6.028861271803235,-2.552332494361668,-5.057555519122619,8.325562466273214,6.484453943959954,-3.73151873920217,7.031166889758923,-11.703998433681546,-9.326281766708858,5.028201467347161,9.375986343424024,-0.8807740317998896,9.548926216126253,4.255079635423373
neuralNetworkClass 	class coursework.ExampleEvolutionaryAlgorithm
INITIALISATION 	OPPOSITION
SELECTION 	TOURNAMENT
CROSSOVER 	UNIFORM
MUTATION 	STANDARD
REPLACEMENT 	TOURNAMENT
ACTIVATION 	RELU
COOLING_RATE 	0.0011
TEMPERATURE 	100000.0
TOURNAMENT_SIZE 	90
maxGene 	3.0
minGene 	-3.0
populationSize 	110
maxEvaluations 	20000
mutateRate 	0.95
mutateChange 	1.6500000000000004
seed 	1646684373006
random 	java.util.Random@3ada9e37
numHidden 	14
numGenes 	129
Training Set Training
Fitness 0.009666577309078276