-11.189651598299099,-1.7732144649183592,-4.177038991569008,5.917737016720777,-0.06778373971713769,-3.184761179511078,5.78814995775096,-5.3295477417585815,-4.422806650884363,-0.31684205608421134,-2.5231477396273068,1.6178039293746425,5.676386604299729,7.2247919597219425,-6.727683807277549,0.2871962559080128,7.102094883481003,7.6957830691716556,1.012688175625284,6.807969915937909,-18.058567158393977,-12.203039166789639,6.676540582859934,-8.932800876258215,-0.4301907242239853,-8.583261685447628,22.544125187049673,7.125109813495088,3.1665296591725918,1.4895207288340995,-2.318882345783866,-3.1307902561396297,-1.754341175057613,-7.432229614839462,-3.2837721045870882,-4.3797967443666765,-11.206367484641058,-5.616894440884046,13.596158751479667,5.674248536056206,-6.989029186519362,1.4370479696188134,0.7510095611490115,-0.17489874947702155,5.998803011987096,-12.385236020484125,6.790322689221457,-4.943830248030034,1.3617740486238157,1.5553820089833366,7.474589306375325,5.226494141479282,-5.632738829958472,-5.659797072946429,5.669133071263971,7.446144753381333,-7.793309643275439,-5.624648808899382,-7.013096845480977,-5.60448071285236,3.8980995291153713,2.3981550220920482,6.613817941488554,5.5895036841624055,7.649956543296808,-1.1232294003688175,5.434906236073924,-1.1785542520766779,2.5605339892413923,0.9662883264725446,-6.73377608688039,10.637727243267088,-2.5706547028166806,1.201015406007552,-4.660960182919839,1.1176322442287976,-7.121326371559123,-3.395273209744766,1.6191487219222829,-8.21447287309088,3.8885989959935294,4.21272416873093,8.580952946753593,7.136410188605083,-2.382809746745708,2.3625793537199593,-0.13494071501659555,-0.6768181737909948,3.611425525815786,-5.227705419970523,9.946634564195893,-3.6294001369391804,-4.019138438770305,2.8311303338520912,-3.453102556059958,-12.147322901696258,-1.9993620822392382,-3.32196155958615,4.573657123209992,-2.562574205354302,5.757489878247126,-15.686070641654416,0.7544040438007817,6.242162840832832,-6.39134900166939,-5.243888127031338,-3.7538797622938684,-0.9016930517708914,-6.754837146565954,29.823253751706098,-2.0858255465699056,3.5493911290192317,17.424819665301598,-7.841967433717972,2.0986501214804845,-16.159614718092513,0.8032103576102063,7.672142188695947,0.27740334019615354,-14.3124033220229,-1.8212246838381034,-10.022766663561123,4.402451721799952,0.9009728884058585,5.932860741402127,14.789829159386548,3.827313996066863,5.013313533514655,-13.574145085493283
neuralNetworkClass 	class coursework.ExampleEvolutionaryAlgorithm
INITIALISATION 	AUGMENTED
SELECTION 	TOURNAMENT
CROSSOVER 	TWO_POINT
MUTATION 	STANDARD
REPLACEMENT 	TOURNAMENT
ACTIVATION 	RELU
COOLING_RATE 	0.0011
TEMPERATURE 	100000.0
TOURNAMENT_SIZE 	10
maxGene 	3.0
minGene 	-3.0
populationSize 	110
maxEvaluations 	20000
mutateRate 	0.95
mutateChange 	1.6500000000000004
seed 	1646684373006
random 	java.util.Random@3ada9e37
numHidden 	14
numGenes 	129
Training Set Training
Fitness 0.015128195794922725