-8.434950660621539,0.746547927622613,-5.622542884678619,6.1578009036927845,-7.863388111900969,1.441091012454227,-11.959912211572028,8.622823953329409,-5.956984085379162,-2.752108095143376,7.613515583921538,11.98420584360911,4.009373312365158,-9.659255474606207,-4.93337319605774,-25.40061959842712,-2.3114420774148225,-0.47704648847632747,-7.274332634255651,-1.479735689029276,-0.1701692199874021,5.137283920374186,-0.5834188286689219,-2.5513494057891872,1.27718173425201,-14.228620722412737,-3.5231101172997334,0.02186534227893766,2.7189329418997144,-5.222836975685694,-12.46223789550573,10.35286911044514,8.533979033220103,0.4746975142591161,-9.768001510178761,12.082189517380112,-6.533635960038227,2.67542314790232,-9.69876841759111,-6.9552279244949755,6.458726172896544,-3.6633447427510912,17.805727104368444,-10.536957398389765,6.386466993639404,-4.251330432636734,4.532742829629826,10.998172761513798,2.9583325217206866,-7.5923390360112855,4.554483172778042,-3.475249671456231,11.985419447082556,-2.10769029591272,-9.59573427930821,9.039751744305143,1.4194492678925568,2.388647976259806,3.319593537524943,-7.025076705783842,-9.727520398157171,-6.8526322658506995,14.84340516565482,7.752376476742204,-8.695946827438489,13.159667478810146,2.82985148514478,3.206408421523154,-14.201890213874622,-2.147813864727878,6.618529362973206,6.2902612722415725,7.900815357137806,-7.321473006429567,5.4711773800700865,-9.905264079037115,0.451793557133108,3.2743276068626415,10.15741780977296,-9.17371945260099,1.4650684960957001,-0.30521627879770197,-0.018791872392341702,-20.97462344760511,-6.247642180850333,11.317989614108999,11.057242692363415,5.351747882040941,-15.919813609866095,-17.675591185710097,2.276623087440254,11.17112137733631,2.363611328249041,2.5022445000302005,6.443694843468986,-16.90102656732602,4.273186206521587,-4.619569402492345,-3.7789757709217904,-11.810105440361358,16.768113882597646,-10.944583432900327,-9.262930546371226,2.556912659988095,-8.432632683207789,9.204874562511092,-0.5588213576175582,12.763315293268256,-5.218111760210938,-10.079089899485524,-7.766879556627735,0.6502170735426738,3.5047978679797698,5.847307482331319,-4.45056054885144,5.696317492784127,2.9428853497882175,5.369799779435114,-0.9435012716776985,-14.497997408203302,0.07146395633264735,-1.3146986280435282,-1.4698452819114713,3.0481427440910185,1.0060189235349957,-9.534503758726373,-5.6554135422190495,-8.649355522823486,-0.7921086672942561
neuralNetworkClass 	class coursework.ExampleEvolutionaryAlgorithm
INITIALISATION 	OPPOSITION
SELECTION 	TOURNAMENT
CROSSOVER 	UNIFORM
MUTATION 	STANDARD
REPLACEMENT 	TOURNAMENT
ACTIVATION 	RELU
COOLING_RATE 	0.0011
TEMPERATURE 	100000.0
TOURNAMENT_SIZE 	90
maxGene 	3.0
minGene 	-3.0
populationSize 	110
maxEvaluations 	20000
mutateRate 	0.95
mutateChange 	1.6500000000000004
seed 	1646684373006
random 	java.util.Random@3ada9e37
numHidden 	14
numGenes 	129
Training Set Training
Fitness 0.015912672152333707