-4.197137637085104,-4.200781816645518,11.889892476760394,18.288112394520994,3.260636151090388,-15.291238831308235,-29.138477638830658,-5.7226336371072115,0.9388209768267934,-7.661868239801937,12.365061521502573,3.6576150904881093,13.817855888779523,10.91953158988016,-8.77614255359781,-4.692327706961086,-3.7065883966806368,-10.802267675501476,3.8441748996446705,-6.476336569159212,9.494892490615143,3.5840435728543873,19.216792249974453,7.84599438104391,-15.152533944490237,11.419241479948628,-11.854124350527535,8.085604133032014,-6.0706521768034225,-0.10211418236099856,4.078949633475341,18.81892596620044,-2.116793148971107,-12.237685747670279,1.6270118420290274,-5.879414135250955,12.281715697970412,-10.882037807185386,11.466579097358943,0.8899773577577399,11.677416837756967,-4.597484804338672,1.5556822549262286,-2.097534316211876,4.434354310360508,8.409760298422976,-5.826436544683485,9.778076951847376,2.1604045501238787,3.974863488343672,7.409063951472865,6.86014188827979,-10.531777754320224,-0.17884247892501115,7.275424732930065,9.783472102915612,1.1392043595486143,-16.30061483076001,5.2694560733604225,4.986254763209061,-1.8511415918254723,13.818703055308768,-2.5792330372146317,2.8319637813008622,-7.3665548594745935,-12.875391280956197,5.491980346580135,10.457190651852654,10.086751123471766,-4.427686595880272,4.043592408283924,-9.451586458705464,-9.777670220714638,4.524944237941557,-4.332627257077121,1.0253261442116175,-6.229464689634417,-5.875682983609659,-0.5800702623017688,-13.829538653624505,1.201158307768143,-7.762119944368715,-3.1966922644913005,5.494453130776202,0.0714532427657879,-7.921210626062332,8.392210993634272,11.413389512602176,-2.5041631442781966,5.826937427039121,5.397687310819807,1.0393177139051648,-0.1324817105169096,9.347111011958951,-8.665164701699718,-5.952926671490635,-4.266194662224017,2.6063194296717906,9.527338097933658,-1.96978524666351,18.48581809144728,-8.664309365040411,0.6843563632631415,0.6459524054996715,1.0198244142775605,-5.936808905035118,5.325549716203163,-7.976427754894216,5.161394462968984,2.811788181228402,23.207731520574008,5.37296327237307,-2.1849410210280915,0.8135293482566262,4.571893187028724,-8.820534433046573,-9.038861601108875,2.183375304078691,5.882070372124682,0.9583688326065758,10.517893929046148,1.4774797450433823,6.4177586353463845,-6.383003450543983,11.88660453203389,-0.1426665256522508,7.985562959820279,-4.528204141312702,10.074541181094892
neuralNetworkClass 	class coursework.ExampleEvolutionaryAlgorithm
INITIALISATION 	AUGMENTED
SELECTION 	TOURNAMENT
CROSSOVER 	TWO_POINT
MUTATION 	STANDARD
REPLACEMENT 	TOURNAMENT
ACTIVATION 	RELU
COOLING_RATE 	0.0011
TEMPERATURE 	100000.0
TOURNAMENT_SIZE 	5
maxGene 	3.0
minGene 	-3.0
populationSize 	110
maxEvaluations 	20000
mutateRate 	0.95
mutateChange 	1.6500000000000004
seed 	1646684373006
random 	java.util.Random@3ada9e37
numHidden 	14
numGenes 	129
Training Set Training
Fitness 0.027835725249673936