7.284307990110193,10.64336463254008,-2.5245768631868044,14.533911889894766,-10.04876364501935,-6.595724270248436,1.2351194255166167,-0.7760473494572473,-2.288695993660797,-10.460974294652528,-4.012718380003872,12.568911719602543,15.759115787621663,-19.7231091826351,7.517482138101633,-0.20759331962376537,-9.217658721576925,2.65304373768729,-16.604865937238685,-11.194659787994391,-8.88518788849689,3.2885773825441458,5.8121766452007995,6.725598468562122,3.4589480611004193,-6.270546360027698,4.305509895469886,14.592923702565228,3.2949296471772334,1.0671667093262895,-15.450063985000986,16.48202286692328,-7.207915818277043,-12.841166349063316,-9.02484124734427,0.28065075878176593,-5.726499682984632,-5.803152861917841,7.464689632717262,9.250572998060921,-0.292073284938688,11.0481457886448,12.836307939970574,-16.772010640782106,-9.736432238989423,0.14058012169412848,9.433017118621057,-8.353830641183837,4.2564241309055175,13.702487492344938,10.817839021189771,6.326722673070403,5.561383914433881,-20.32569166054592,17.339262084487117,-6.1628995050620405,7.427307792235691,-3.725046903237426,-3.09115428299034,-6.949406544789083,8.447905952818699,-0.3248565247983919,7.495992432596589,4.121266971785726,5.488245680776329,4.134757561417588,3.9439356589474075,-2.400056750532084,3.1522794757395847,12.155721467388206,1.9494941918959894,4.568513325096577,4.5998276300409895,4.415869438985474,-13.176160663939488,5.258534135192473,2.8819975782956426,-2.8130889058485087,0.9999878752719358,-1.503763814929675,-1.98793068803452,2.1682804176529507,5.5671372883823675,-8.170259136090975,3.7244216370612104,-2.8989342872579336,0.5662534138076101,-11.954543031808797,0.04712251380043231,-8.15386469919297,-2.676880548263391,8.269300003506663,-11.325647747579808,7.968003882276596,-7.225647839771257,-0.9754545922102764,6.972877476146435,3.410897922619517,-7.541312666105343,1.2818051437660989,7.392336486971024,5.435907213944677,-10.39986722263371,0.587781915432263,-2.2778513714012973,-4.391972489594021,-1.798613870449067,4.648133752497834,-1.151597967610745,7.329322384637263,13.84520919091915,-7.884053033608376,8.662126856378958,4.459354050228365,7.418250136598797,-7.799005219209903,7.304983748443243,16.766013988348963,-12.7197004650392,-8.91995455283526,-5.737682495219911,-0.6366620734958719,12.480180529714097,-5.3807522216170085,6.2051181272277045,-3.3561669813744377,2.94461244969355,-15.592099589160421,-8.639050072883474
neuralNetworkClass 	class coursework.ExampleEvolutionaryAlgorithm
INITIALISATION 	AUGMENTED
SELECTION 	TOURNAMENT
CROSSOVER 	TWO_POINT
MUTATION 	STANDARD
REPLACEMENT 	TOURNAMENT
ACTIVATION 	RELU
COOLING_RATE 	0.0011
TEMPERATURE 	100000.0
TOURNAMENT_SIZE 	5
maxGene 	3.0
minGene 	-3.0
populationSize 	110
maxEvaluations 	20000
mutateRate 	0.95
mutateChange 	1.6500000000000004
seed 	1646684373006
random 	java.util.Random@3ada9e37
numHidden 	14
numGenes 	129
Training Set Training
Fitness 0.01805498881822882