-2.4604904863863304,5.841461973526771,-1.2689484660836357,11.195957891073572,-4.362512785943552,3.7761683774928247,-1.6222958135835839,-4.7882401941095925,0.9332716401516095,9.430847146603117,5.676112367019664,9.564851286898584,3.4273054664426477,-2.4685708426916317,11.947178349656312,-1.885927854530462,6.504303380670559,0.5362937041775586,-0.4092830942581438,2.7804910720142404,-1.295270864255862,-9.601965556894093,-3.583046905982801,-2.786846597110637,6.119264516001152,-2.5522620323310248,-8.376339222348536,-5.610016999083321,16.165534788103088,10.643364171651692,-0.9454233244141292,5.913980048920132,2.430965051030899,-8.29219803466669,2.0930786718190273,-4.80740582647885,4.927752607109815,16.10365840868647,-0.4990180553239161,1.5033863049048728,-2.6944533176301073,3.400824705913341,7.205661585056418,-3.8981747274480494,-2.495460473097257,1.089344302346479,-4.080426906830949,-4.3326994608495575,0.2562807695184537,9.224095924416908,-8.65540147014547,-12.2888305666381,1.1016358762075527,-5.240714174395,10.969507595348533,-8.064114524985627,-4.555080241922654,1.7397299219104965,1.8621819156738253,0.936995530118323,-7.249653885985829,3.862390588035786,-7.7608911453282925,-12.71997699906623,7.561540456404376,-0.244384465758686,4.463013065977919,-5.538008014088182,-2.9630218197317237,8.695013294562736,4.175349651024187,-3.717421952900467,-6.656185718584833,-5.366118315582495,-10.23625323025962,-5.997389276432269,-9.110318538869365,-0.9774078568460212,1.995340872720127,1.157880843807236,0.24664640650720493,-8.824685401736765,1.3153096757860236,-6.776052948207882,-1.2163815266737332,4.31395608509571,3.71576576190631,0.8928638590307738,4.023116289799315,-2.321835247729741,2.4235340662023415,1.9754934494032756,7.025410133026272,0.9367414302746679,-8.413804367153867,2.1832925961396095,-7.272339512514414,8.169781108477604,7.154139805525669,-7.428794320213839,2.877790473743552,-2.9876470952147907,7.762224564829793,-8.061474925909181,-1.5975664167427635,-2.8404899652511926,1.958006761896891,-11.512683528591747,-2.1145912435644796,2.3789089396908207,-3.6956385121217266,7.478240646231717,-12.292213426030631,-1.5887041158669484,-7.297329547812152,4.801337565818839,9.512716669137728,-3.739391690087219,2.438616224214263,2.494573203561637,-0.09220266448781267,-6.215578250733358,-0.8040172844450941,3.145683893755259,7.604878067583277,-1.3580461659411194,0.9647175013362141,-4.146912950695906,-10.728206462756328
neuralNetworkClass 	class coursework.ExampleEvolutionaryAlgorithm
INITIALISATION 	RANDOM
SELECTION 	TOURNAMENT
CROSSOVER 	UNIFORM
MUTATION 	STANDARD
REPLACEMENT 	WORST
ACTIVATION 	RELU
COOLING_RATE 	0.0011
TEMPERATURE 	100000.0
TOURNAMENT_SIZE 	90
maxGene 	3.0
minGene 	-3.0
populationSize 	110
maxEvaluations 	20000
mutateRate 	0.95
mutateChange 	1.6500000000000004
seed 	1646684373006
random 	java.util.Random@3ada9e37
numHidden 	14
numGenes 	129
Training Set Training
Fitness 0.029901836035886455