4.20719219416086,7.521705209421846,1.9619768350853661,2.037610413368885,0.8646323049708258,-13.509257045980513,3.9724210648168934,1.6973446669649999,1.7193168766119369,-4.593408674396857,-1.8907061039148445,2.549818807366761,1.1454356816933933,9.356258644354693,2.211795220366861,10.855475314481874,-3.322934862201409,-3.1402674676196574,-7.179288143197212,-7.3942151641405065,19.945273724743643,-1.9195020835457726,-2.4092840552981887,1.0406717744688345,-7.651613705433405,4.823602705146408,3.7662947391202923,-3.0003522341415216,1.24489378923447,4.495999134907153,20.805858980584077,-1.9734119881897376,4.299506747787351,-6.534661672022967,4.060988315046066,2.2811942203261735,6.27537369446954,-3.82907918176217,7.767462912786721,-8.93506035812274,-11.057573889991927,-7.749499578601352,-8.762256489127395,-2.4248188304369354,7.915211788234947,-16.161544674180846,-6.087198329304573,-9.252097760340561,3.834821545095717,1.3763733098566,-3.9511596678219814,-8.207403404509744,4.4115597354866765,6.004617746668355,-0.8855168467546912,-3.723831243977651,0.8437269885887746,15.742331127062611,-5.924676456699437,-6.126730786798327,-9.114695559072944,13.192631899341833,-0.4311000361467947,-5.601469956362184,-3.6697458672094623,2.576557328110587,5.586830885354792,-5.228283904881685,-12.086432468482814,3.9536006163840627,-9.61798189833419,-0.7101509229171237,-10.650879837008391,1.0784891873843359,0.9074982166086176,2.640914449190232,3.931808977265158,7.123146883288561,2.769692964667431,2.0418023269807173,0.7763739353485022,-11.340421499301533,0.9424827393190167,0.418685166048141,11.297723149714123,3.1037155535244523,11.489697929822437,8.871078149435613,-7.3424914506097165,5.112054826937219,-4.7177053144255705,-10.52862226068836,-5.140885969419429,7.152220734371758,-12.827344463651487,-12.850280876064366,3.218146412930798,1.7878656587325565,-16.01082568544815,-15.63680874731468,4.603634039823094,-15.873288651909538,-0.10956107789253,2.9895997715934177,17.579485244096688,4.3500766426853055,-5.0766497107883835,-2.539730328356005,14.732696787947123,-5.896145329087321,-0.7204409192982784,0.99458877048062,1.870692851684618,-0.7213684832855489,9.076035165501692,4.58772661002511,-7.374634009837893,-1.8977094227418796,-13.575209479875843,0.30248537969485056,3.4354673461797427,12.591817326562811,0.8339393036339056,-6.247016476615311,7.416817912663498,-16.910174575492302,3.779169308566397,-1.3366963917734012,-0.9352376124005524
neuralNetworkClass 	class coursework.ExampleEvolutionaryAlgorithm
INITIALISATION 	AUGMENTED
SELECTION 	RANDOM
CROSSOVER 	TWO_POINT
MUTATION 	STANDARD
REPLACEMENT 	TOURNAMENT
ACTIVATION 	RELU
COOLING_RATE 	0.0011
TEMPERATURE 	100000.0
TOURNAMENT_SIZE 	10
maxGene 	3.0
minGene 	-3.0
populationSize 	110
maxEvaluations 	20000
mutateRate 	0.95
mutateChange 	1.6500000000000004
seed 	1646684373006
random 	java.util.Random@3ada9e37
numHidden 	14
numGenes 	129
Training Set Training
Fitness 0.034738681140674015