-1.9272845871870956,-4.49937518511523,-10.996884011962287,-8.420969752800753,0.3492469771141593,1.2025631848958191,2.3881197703430423,-10.450897977256725,-1.2793364184366816,-8.16371721525591,12.957272483347515,-4.440159303266037,-1.7254516391763532,-7.759200314513155,2.6437855436883844,-4.437826414108269,-17.23762113997336,5.118403994573056,-1.4843219343660792,-2.205033939609719,6.020571331381307,-13.167600390542598,7.205777409805696,-1.32921786053228,4.123696746117383,-5.547993338872455,14.518309091891323,5.349506718396626,-2.492319389943069,-3.1568579835240254,0.629293942362045,8.28223897273009,0.9818473873657023,7.399086770062295,-0.5079559496213033,4.634056483253687,-9.428358926326059,0.21624573169734518,-8.990182133703836,-6.516811880574357,1.888678344487048,-3.438482034530354,2.8040866655603534,-0.571923639960918,-9.622511644196043,0.6570975211907655,4.233041615829783,-14.768141144531434,-17.31678783291349,14.075318468837597,2.5286371809639068,3.0693439845097306,4.666959330084522,2.0404556211941642,12.171643014297599,14.264603708891691,-5.234557890851871,3.676191015474096,9.512845226193356,7.717852742735762,0.848924599202431,6.916749079272428,-2.375288168167028,-3.0316699547291472,5.276451495029255,2.6665049136814982
neuralNetworkClass 	class coursework.ExampleEvolutionaryAlgorithm
INITIALISATION 	AUGMENTED
SELECTION 	TOURNAMENT
CROSSOVER 	TWO_POINT
MUTATION 	STANDARD
REPLACEMENT 	TOURNAMENT
ACTIVATION 	RELU
COOLING_RATE 	0.0011
TEMPERATURE 	100000.0
TOURNAMENT_SIZE 	10
maxGene 	3.0
minGene 	-3.0
populationSize 	110
maxEvaluations 	20000
mutateRate 	0.95
mutateChange 	1.6500000000000004
seed 	1646684373006
random 	java.util.Random@3ada9e37
numHidden 	7
numGenes 	66
Training Set Training
Fitness 0.0147912728784767