-1.2862772380044332,6.324627640732934,2.113408301896828,3.7177891056707555,-1.5572566748894774,-9.421558031008832,2.360287232136759,-8.630676941667119,1.6825377989025698,-3.8504595493434914,1.801213321369457,-4.630563953290121,9.11100690046505,-0.46218784169945604,6.051592270635093,2.628825776577534,0.2743134589599492,0.4378482336669647,3.7153755442629164,4.120862579583897,-1.1897551629041527,-1.4758068786238105,4.753936955530939,-3.3870489420863237,4.503189293294169,-0.7112853267319155,-8.697743993089425,-7.430438786960838,1.7359979008355375,8.477297495692692,8.882638922072141,-1.5549693218190255,0.5832992999894482,0.6992371513008866,5.314258192414631,-8.870836470586113,1.607632970899962,-1.353617507355703,3.602333146175546,-3.7589270031978987,0.3740612627123845,-0.0897539761250763,2.113827470927081,7.03663487690683,-8.159279871815617,-2.176023760878317,3.5070811770348556,6.2523452174293155,-2.93793724659925,8.182254040341789,-10.469156865278848,-4.59670869301465,4.508349231598219,-4.344150783494387,-9.456281191227673,2.7853726720851464,-5.140769116935433,-2.181253688613524,-8.521908049468056,5.451827648678066,-7.3289247765706,4.344417459236442,-0.36687227267572897,4.841542511799839,2.996974516424639,9.553995353804222,2.579510832892363,-0.5184556178486308,4.455178297837486,-3.087232405065139,6.244119730938882,1.8184995667277066,0.6959849168494809,2.872590500451372,3.3158842081818953,3.7039594764026047,-0.9910724076787663,-0.9535129645284197,0.2246206250983045,0.31552189285549703,7.89138349261245,-5.672131338370507,2.54268640002679,-0.45900665479249625,-7.0834654190367,-0.7695078721261801,1.3948418090981702,4.285062382476959,-10.157096629110844,3.2264338041415215,2.2347541140308325,-0.27208463396772586,-12.750515036591748,12.09803627806531,-3.642873836641832,-2.4273535857617174,-3.6402065741864984,5.045952983645284,3.112477787853373,2.363238462019107,0.9849361671496153,-2.340909724817644,-0.22284352178566635,-5.262689912914211,-5.329869719981634,2.05341625183976,-4.045801014322445,3.247748448319596,8.070866530169745,-0.9247212482875069,3.891213882632795,4.944768253961312,7.564228291787277,-6.408952754070702,-12.050498603908684,-1.9951420043538581,2.7676668130833972,-5.201437451493334,-1.9558268722123366,-2.8244994794411857,2.7918324660978158,0.6470543299996638,-4.751917342872394,2.974470437100859,1.7958577385441847,2.040853915044858,-1.4370770560979516,6.289940356970703,-7.657215743020419
neuralNetworkClass 	class coursework.ExampleEvolutionaryAlgorithm
INITIALISATION 	AUGMENTED
SELECTION 	TOURNAMENT
CROSSOVER 	TWO_POINT
MUTATION 	STANDARD
REPLACEMENT 	TOURNAMENT
ACTIVATION 	RELU
COOLING_RATE 	0.0011
TEMPERATURE 	100000.0
TOURNAMENT_SIZE 	90
maxGene 	3.0
minGene 	-3.0
populationSize 	110
maxEvaluations 	20000
mutateRate 	0.95
mutateChange 	1.6500000000000004
seed 	1646684373006
random 	java.util.Random@3ada9e37
numHidden 	14
numGenes 	129
Training Set Training
Fitness 0.06128766087520194