1.2400890304985994,-0.30484305551771573,8.529425460996066,7.453220416799889,-0.6633236704679097,-1.940322170732169,-2.836915990312783,-7.023491386792163,-9.587740434998622,2.454465807498611,-0.6286153916704968,3.613645295473141,8.083786679274574,18.843652060532364,-4.8375037847680105,11.535144542324769,-1.1613232171765682,-10.990647624826556,0.3685223295936364,-5.075922802573277,1.2853906025847532,-2.0513616420309733,-4.102611306837226,-4.820138645197034,11.329884881633006,-10.151024354012948,5.551793422131121,0.04633997372105991,-2.072989811702292,-9.56281359189235,-4.860132925265608,17.595724481952836,-9.083542279439929,0.25441466822361214,-6.268514783754094,-6.573842439192189,-14.649089042869544,1.2044929255028096,16.130972689031488,-10.405683794695127,-0.990398229387452,5.405533097875312,-2.60876270069548,0.5556523704592209,4.163518251809675,-15.20551604040975,-13.21383499608775,3.773536599033397,-1.1309406681621654,-7.508176858610074,-8.712591692370143,5.284744818789152,0.41497763154654255,-1.2215321277180937,2.1084939140155807,-2.9276016246241294,5.982997888695844,-0.780583309052437,-4.066524470868904,-4.45135908643025,-0.9944532371739179,1.1885509178814626,1.6891501333460308,-3.1119945755492004,0.3645756101817099,5.256450677641314,-0.7008417324309502,3.628598417678176,-7.976494752053556,2.2979997796622245,-3.4749186535458185,1.2219007495080838,-2.180131714980968,2.8089749419858263,-4.546051568477113,1.2631536351975665,-4.830728909730442,3.040740893625462,2.0833607216979253,-8.277027528572402,-7.658153776753068,-0.5304112022376444,2.8347390754401776,-1.3729972198250393,8.270409745880293,-5.68781778981806,1.8419965581892646,-0.5058957259477301,3.6350884261785144,6.180995169769572,-2.432763543100152,8.14471984044988,-2.8077745112043404,9.543546196094802,-15.713131000640018,-8.27024027586948,-12.77407784627735,-2.2433405797381685,0.7208438787784797,2.5565023484576983,5.448620279462016,10.391900487385628,8.444483076489064,7.251685183425545,13.21267371583176,-5.049240535233427,0.37670551795501694,-3.346869854631099,-4.532090449242663,4.888075129652374,-8.869776208392237,4.659921596132449,11.96072018168936,-6.9803843221295026,-4.461404932923921,3.947325555334901,-15.13171922821116,-2.115347407016441,2.2918025478287776,-10.983689370880095,6.997027431068778,-2.483211692746721,1.166341101406143,8.648703319555832,0.4475834437438051,-5.80378188789062,-11.772419318781198,-8.67231629529843,-2.0411362502615322
neuralNetworkClass 	class coursework.ExampleEvolutionaryAlgorithm
INITIALISATION 	AUGMENTED
SELECTION 	TOURNAMENT
CROSSOVER 	TWO_POINT
MUTATION 	STANDARD
REPLACEMENT 	TOURNAMENT
ACTIVATION 	RELU
COOLING_RATE 	0.0011
TEMPERATURE 	100000.0
TOURNAMENT_SIZE 	90
maxGene 	3.0
minGene 	-3.0
populationSize 	110
maxEvaluations 	20000
mutateRate 	0.95
mutateChange 	1.6500000000000004
seed 	1646684373006
random 	java.util.Random@3ada9e37
numHidden 	14
numGenes 	129
Training Set Training
Fitness 0.009835664964634982