8.301881913893052,5.269151638381698,5.119473594971346,8.079689920201485,9.339577072274848,1.8915064330740758,6.668572550540556,-4.4403621279993475,-4.675534399286607,-0.30045938830625385,1.0133560493788623,1.5535225843397615,5.950070920918589,-4.66474024451497,3.6061650073492117,12.99164839940296,0.23893430898624324,16.643606747468663,-2.9488032224383183,-3.895952976719954,2.8422462451502666,-2.2468516679324546,-14.453684774754647,0.4061985391273648,5.648711104747193,11.512446586434717,3.226009215985245,1.4962939422493164,1.3516616866865752,-9.736689004306877,0.29035727307556325,-6.041582085612616,4.593558929807866,2.29443044176272,5.446847592901349,-3.1747899919359703,-10.879122333870464,0.2749397103208646,-1.0223552365931505,8.506492677036936,1.7399980580177914,4.267279672769518,-7.925612694466803,-4.612966503834181,2.266088309540624,9.362264819161574,-4.84415838912178,-11.412960929017608,1.9520821914872952,2.616576887995147,8.650730901375757,-9.236841999775999,-6.876278400552208,3.2039574784427973,-4.661201433475435,1.9056992811405555,-12.670747784227721,6.966177930413471,-3.452340413818562,1.9594527610903807,0.08872649026209523,-1.931581481917613,3.001233711304946,8.060928200351285,-7.752013466070915,-6.3740052260474,-10.242452233531937,-9.455992052370643,3.706265879327275,3.6254223499447633,1.6594360569174214,2.16893975186923,1.6939663412990553,-2.237382535641122,8.201160079732475,-6.573725813203426,-0.571465962021577,-10.035415784216466,-3.4627891560658295,1.557781848368423,5.171474792223465,-3.751755693403629,-3.2234503385265354,0.37056501970589206,-8.151582700044179,1.4511205116416748,3.016285069921109,-4.601491823440967,1.4267489316582869,1.8933889012022762,6.623275902664027,-5.3131093055611665,6.2217167471506025,0.3993698445332172,8.270392599025044,21.24141633687517,-7.827997043050692,-8.481167195873146,2.2261612082257747,1.0420921913834218,1.7396517630440016,0.2945441722376909,18.83225677027469,-7.724679733437345,-3.6031584945866744,-2.1277075979525577,-1.6671954175176769,7.784244590720915,-7.836637087815036,3.643178944159586,-1.0073098205663022,-6.772173806006311,-13.64621795590429,-1.6047308572363548,2.30907172946828,0.22329793725971925,10.582133235114918,-10.217249584597832,-3.7689705630868175,1.174581022602931,-1.2953953077283291,-7.754448568968702,-1.0432202034358529,-9.48907515216443,4.957046552684952,-4.669070749806524,-1.4238754964339027,13.625461151005194,-0.6857514782309826
neuralNetworkClass 	class coursework.ExampleEvolutionaryAlgorithm
INITIALISATION 	RANDOM
SELECTION 	TOURNAMENT
CROSSOVER 	UNIFORM
MUTATION 	STANDARD
REPLACEMENT 	WORST
ACTIVATION 	TANH
COOLING_RATE 	0.0011
TEMPERATURE 	100000.0
TOURNAMENT_SIZE 	90
maxGene 	0.7
minGene 	-0.7
populationSize 	110
maxEvaluations 	20000
mutateRate 	0.95
mutateChange 	1.6500000000000004
seed 	1646684373006
random 	java.util.Random@3ada9e37
numHidden 	14
numGenes 	129
Training Set Training
Fitness 0.030380291260845814