2.7648011526819447,-5.030491499255497,-12.537975539421858,6.298211688061293,8.972685830349926,7.777894101835946,-4.708036274084879,13.482586593382793,-2.0477832026471514,4.136760249715705,0.7991156854533266,11.315469627485221,2.625250935175522,-0.8447134165636729,5.449567438439019,-1.6691643455864993,5.160384721365832,5.074763111359698,-3.451313367266394,-6.846258222841728,-9.137178056481812,-7.508737306555949,-13.111988637999268,-9.012609429883945,-18.2273747048786,-17.17949869079976,7.922844664824169,2.626664304520057,7.109058486613301,9.795425802729152,10.718455252286118,-3.890821487549231,7.402243127234838,7.55620916027803,-0.0374454820855501,-5.8597085872181545,-2.4806316401955293,-0.9760259165623548,-9.286017745104807,-4.233600704685552,5.071207737059414,-0.7562932381490679,10.242301889984647,4.071236049555317,8.975713896083459,16.23846205814145,-15.739729482530166,-18.36721268214565,6.508975905258911,-5.413896258118614,-7.189086128648565,-15.09618063539944,4.9898411666889295,-4.088537846125133,1.3932037554265593,9.516914005217199,-1.5269816102585043,-7.969066041005236,9.745099577480193,13.71529141680986,-4.383505538616893,-3.9568118926142724,-2.5000178620085958,10.22359259492393,-2.357387102944797,7.078783180775976,7.892272741915898,2.1481855783894916,4.628178448871177,-18.14685756699251,8.660297223067772,-0.8155521900352429,3.887466220074634,9.711472223756916,-1.9207808924806509,0.8588695982920864,-14.646968829663054,2.410851334299984,0.9541325013490818,0.04671344399690902,11.512728192038255,-10.79614114943937,0.6631708954015867,-0.8186452255160264,5.277369327786637,-5.9302513996871795,12.412752607655008,10.359319699385031,-4.6180404816002385,0.9333196111538209,6.251851323853486,1.7954272848847754,-3.3855307265061167,1.7182715248925309,-12.91055659934698,3.995333079949253,3.1696163302679796,-16.999024495181224,-10.280948945667825,12.338162396406869,-15.558854048000553,-0.7877685819325158,-11.923434403584997,-5.500188560879872,7.294613774218453,-11.971277275697718,0.5422995219000546,-0.10211414474837088,-1.7463084530701227,11.902520838960818,-6.254515649314257,-0.09786338716365695,4.436531109722244,-2.853867954171858,-24.96080663009529,-14.770356687999396,2.1947379467335915,-5.777779806228663,-1.5140626289951005,3.4318867759484686,-1.3639786706703454,-4.21872138183091,8.92894472277812,-8.318758466684493,-10.147396306185938,5.497166558429413,4.1214038492512275,-0.422688199169162,-13.369013225523478
neuralNetworkClass 	class coursework.ExampleEvolutionaryAlgorithm
INITIALISATION 	RANDOM
SELECTION 	TOURNAMENT
CROSSOVER 	UNIFORM
MUTATION 	STANDARD
REPLACEMENT 	WORST
ACTIVATION 	TANH
COOLING_RATE 	0.0011
TEMPERATURE 	100000.0
TOURNAMENT_SIZE 	90
maxGene 	0.9999999999999999
minGene 	-0.9999999999999999
populationSize 	110
maxEvaluations 	20000
mutateRate 	0.95
mutateChange 	1.6500000000000004
seed 	1646684373006
random 	java.util.Random@3ada9e37
numHidden 	14
numGenes 	129
Training Set Training
Fitness 0.01947294800706623