-2.2112876543543685,10.224796008422684,-6.004807210766316,1.4306424593486557,-4.087330074231321,16.23818001311698,12.099265983238352,4.109753423434478,11.810575419839042,2.9699891428585907,8.33989014727255,4.926254842201795,-4.4561625298725325,-0.42528532847930567,17.242478464453594,2.30770630494065,-6.194324494077298,-11.260472834008047,-2.789242419648172,4.305280404469739,-5.181127067768564,-5.328247355717467,-12.773668290668052,-4.340339400117616,-10.571112997688566,4.411072511709155,7.636201224790588,10.011163933692986,-0.295637443647772,5.375272683353476,-9.401319990750203,-13.455251926678345,-3.3917277113780884,6.221413749995162,11.378080595235568,-0.34763581480539685,0.34157194283733805,-3.2351568883238837,7.83595941041891,12.324408797311268,3.3374386126414546,-1.8034859116371589,6.3116316908695715,10.298827212551538,-5.752176078668961,11.124625329757569,5.317092937722117,9.550718633721175,-10.734766719935338,9.139641647596507,0.941401495549429,0.44708761125693197,-4.238691648790818,-2.7876985348858465,-12.632999160281404,5.020686219296476,2.049965519065047,8.782267059175542,-11.254618912761908,2.8336850613701774,1.5465127689127538,0.9806152994083783,-10.938097365675638,1.9562108732330499,-1.3046583740188051,-0.19758112852114262,0.13952343215655283,-8.573415886255322,-2.6725403944340576,-4.34378794582851,-0.8114016171259735,-12.76061401442795,-2.314697297042101,9.115180658107073,1.2548351800838446,5.374283935077724,10.915939654522818,-3.2195333383296125,-1.950082284494707,6.982837295042472,5.18494958216494,2.890020538940587,-2.2307712402516993,1.0923067163317635,0.001927556931825336,-6.083014747553934,8.008522292136401,3.9147828051237203,-5.875254187944116,-5.000361517514573,-4.013676311593092,-4.18324930018777,9.073367241526373,0.5304706930763672,9.061251428971977,4.508501198858816,-20.36481692322777,-10.344979822124778,7.503381919340989,5.904596574154649,0.38251554542229993,8.141636235137986,-2.2638042745586153,-6.014102129525211,-4.500900567583146,-2.368615858517792,17.710568242428806,-2.389545689906706,8.5760302981016,1.2128580642170093,0.6546897179060585,-7.8751452362113366,-0.6611655816222104,-6.660290271081465,10.413720069784963,-1.2305621995438125,-1.7440083234915091,7.869251212274333,-15.999593169582106,2.500051481426663,-0.24458718676577185,-5.901465628590316,-9.727183853587688,2.4658548689969297,8.389043426361606,-7.640140958930138,-14.062251948803326,-2.7630540441012172,1.7369407805013939
neuralNetworkClass 	class coursework.ExampleEvolutionaryAlgorithm
INITIALISATION 	AUGMENTED
SELECTION 	TOURNAMENT
CROSSOVER 	UNIFORM
MUTATION 	STANDARD
REPLACEMENT 	TOURNAMENT
ACTIVATION 	RELU
COOLING_RATE 	0.0011
TEMPERATURE 	100000.0
TOURNAMENT_SIZE 	90
maxGene 	3.0
minGene 	-3.0
populationSize 	110
maxEvaluations 	20000
mutateRate 	0.95
mutateChange 	1.6500000000000004
seed 	1646684373006
random 	java.util.Random@3ada9e37
numHidden 	14
numGenes 	129
Training Set Training
Fitness 0.020329555332689347