3.8202041777707674,4.316595868714363,7.363750425590593,5.161764019742634,4.628445903150503,-0.6617885593003789,6.570763856398864,-9.684743133031835,-7.323201010570282,8.92848982472498,-10.890540980877155,-1.4897018553747285,0.6230834953914766,-2.5989657287371344,4.167826839993017,14.170088989445059,-5.064997505794938,-12.164762393356705,8.884795980063252,-11.017765775345167,-2.3752913878289568,2.6707770095746,8.30243434327437,-4.51009269025433,-2.2715181849310744,3.2241631548497676,4.445884868554272,-11.15385866371151,4.2671755515071315,4.052553251200024,-1.9909242304529213,3.806648876314167,7.335978446838418,-8.056450331317448,-7.106614697445165,1.346339085931005,-5.002570667061738,7.5757235710285915,-0.771918178843082,3.6069660266896904,-3.610485114120979,-3.6268822238283924,-6.854499609127414,-12.631891743035272,-2.388931842393478,4.217998838025107,3.2405584236158615,-8.169055273824638,-7.04042118059493,-5.410355670572582,-0.03664752601029697,-4.2359418590059335,2.42191483166401,13.912965960296308,8.175220004550152,5.332761970008546,4.606347162152137,-1.7207139372825564,-7.707210418470881,1.718214002438435,1.7546592060843866,-4.15740044382684,-3.4988153705491114,4.079843585926865,-10.613987168306734,0.7981696457025107,-3.263314977341469,0.47438646412848096,3.2996347662952683,4.566321057704136,10.520793593063779,11.017086046451663,6.501276296854214,-3.9671895533836166,-2.4782074370175735,-2.6946141392917475,9.668790992579376,-12.611831779281005,4.226518042902853,1.5727038214984193,-6.164935045587771,0.5619234899128887,-0.9257802020653103,5.7996436306200385,3.0919252058054885,-0.8863624537637773,5.686014682381888,2.4822655975137486,7.606542472841842,1.771188193006906,-5.082417600260577,5.991803569957239,-1.3577650319058563,13.147762214844564,-1.4806061695971255,1.1574811470682596,-0.5115295420624761,0.6725295768720905,8.557901147597939,10.763845302084045,2.6302547976826345,-0.7640124827088624,10.782761542168549,2.4263018323781753,3.42498542844287,-12.270520900256464,6.219304999314847,-8.006697735233402,-3.4947609426442554,-0.05059306575032352,8.722098904145595,7.420897137632633,-10.41114667759422,-1.5098236069220565,4.144601950108462,-0.62486264152398,3.0530533600965146,8.91592095280929,0.11154037185828791,2.590069453640293,-9.182736356779293,-0.6704243698352386,11.874780862312619,-5.356162291758302,5.679637647724469,-7.2011187190808945,-2.909885513043382,-4.987329879380172,-1.7847731779168372
neuralNetworkClass 	class coursework.ExampleEvolutionaryAlgorithm
INITIALISATION 	RANDOM
SELECTION 	TOURNAMENT
CROSSOVER 	UNIFORM
MUTATION 	STANDARD
REPLACEMENT 	WORST
ACTIVATION 	TANH
COOLING_RATE 	0.0011
TEMPERATURE 	100000.0
TOURNAMENT_SIZE 	90
maxGene 	0.9999999999999999
minGene 	-0.9999999999999999
populationSize 	110
maxEvaluations 	20000
mutateRate 	0.95
mutateChange 	1.6500000000000004
seed 	1646684373006
random 	java.util.Random@3ada9e37
numHidden 	14
numGenes 	129
Training Set Training
Fitness 0.02953926716783062