-7.823079442342275,6.333285975590076,4.000333214443653,-6.943137217449431,-4.759270067230176,-0.7252730955215956,-13.120425714909564,-4.392102037838293,-0.3818131053554481,0.11084249381531297,-7.529000908061029,-5.441204337481794,-2.4977809941436817,-14.158513769258471,0.5840658413647271,-1.4005072565419763,-4.36134907525355,1.0911054083550802,-11.619229774207007,-0.600522222561148,7.651806358674786,2.5629308446647734,15.565862336834273,-10.589903769051567,8.612128887905488,5.824525523287214,0.9500824954053879,-8.137435365192438,-9.432118482987448,-3.840455572883374,12.31452842666036,-2.6677146098151443,-10.02803606653236,3.8139153571372297,-14.342998158326212,6.177168168821382,-9.218621200300625,10.695510030411556,-1.5585845239485403,4.182267507479459,-5.659146154758971,-3.6452642129700727,-1.700923730478964,-5.694842503588063,4.083619481294942,10.629335530435457,3.495896203046822,4.866077071800752,1.3913183353035201,5.880044321009484,5.182312993220503,-4.286017296791843,-0.09848646133073524,-4.925389578268424,-1.1670573172796326,-9.275739054986738,0.23524319317044373,-6.553954605175228,-4.639284240807745,-2.2040421184619046,-7.161444626463846,9.056832798397629,-0.494515766131423,0.31599426752989324,7.940939135726701,6.694177300375653,-1.9501766958456255,-6.905056401162787,1.0300554355368767,1.6522419885317774,5.454983251516005,-3.0464382990153362,-2.4738467743208004,5.075675829192553,7.787682239866257,-1.348638244782177,6.311040752126143,1.394596355630588,-8.87633382314571,14.19814265519891,-3.4745309500949206,-6.025449733674783,-0.2333051693900856,1.9764846625958477,1.7952643676078281,1.5858330310775872,5.011847623244909,5.227837380926221,2.530535358294454,0.9149109686467796,-13.390221156150762,12.366933584007356,-1.1362383403407739,-12.653454172228823,-4.946215910057753,11.138872530945784,-3.398442031344887,10.98858313476883,-3.685724843059602,11.070324855121832,2.661388484197512,13.642221988233738,-7.464504047280464,0.6909219534022473,0.798494772388473,-3.511051361920721,-1.312956883347164,-0.13699969820037605,-10.200218603195037,1.421170664489269,2.077994923013426,2.857481722293154,-7.419609967687942,-0.5130511239302384,-1.9058207997363374,-4.44921907493327,7.465175840339787,-2.7999137582568974,8.859353563706001,-1.3077631769689866,-1.0287143831327814,-6.114810788936753,9.198797320955903,-4.046319387942218,14.679519998850429,-16.066821893250037,-2.650944024590137,8.772355324033615,-10.408852447441978
neuralNetworkClass 	class coursework.ExampleEvolutionaryAlgorithm
INITIALISATION 	RANDOM
SELECTION 	TOURNAMENT
CROSSOVER 	UNIFORM
MUTATION 	STANDARD
REPLACEMENT 	WORST
ACTIVATION 	RELU
COOLING_RATE 	0.0011
TEMPERATURE 	100000.0
TOURNAMENT_SIZE 	90
maxGene 	3.0
minGene 	-3.0
populationSize 	110
maxEvaluations 	20000
mutateRate 	0.95
mutateChange 	1.6500000000000004
seed 	1646684373006
random 	java.util.Random@3ada9e37
numHidden 	14
numGenes 	129
Training Set Training
Fitness 0.025432629236371882