1.3166240277469008,1.4209425070371307,2.082351108219303,1.5637422923228401,0.8231950736658873,-1.905654430155462,2.9492847183004436,-1.5061452865008627,-0.4095118992182356,-1.6669283109550306,2.108449623221473,-0.26040695052205853,2.3052208592169894,-2.228741448179017,0.42754305659912273,0.20112489920728382,-1.6662578851474983,-2.8436421529240956,-1.4132021852346155,-2.2538338502384914,1.1322313395819323,2.082351108219303,-2.3187512869017306,0.8422415239679424,2.5381557683553817,0.35700658844511013,0.5157224653072259,-1.4598073333854114,1.3941394716779643,0.18745052492947334,2.022354099168002,-1.1804893308117457,-1.9866481941137828,0.41749329877909513,1.9328407650599946,-2.6545866346262996,-2.228741448179017,-1.8981312806007191,2.3540034023858656,1.466636142538393,-0.9637641880994314,1.551634554931037,-0.3535376765917708,1.663129925690905,0.3316116208964548,-0.7869754495792698,2.6439740790451767,2.601386599592585,2.9492847183004436,2.1806320978493785,1.845119999311776,-2.973195591657129,2.8284858593127655,1.783243850522199,0.9888312087438047,1.2793529783355604,-0.01548306520854048,0.8638881864321517,-0.4095118992182356,1.6279740472621915,-2.834722174836144,-0.6849850230827146,1.8258135206219714,1.2793529783355604,-0.019199936282824126,0.13088205795869268,0.12120804275960761,-0.01548306520854048,0.7663625036870729,1.5637422923228401,0.8937490882078301,1.4904866057073747,2.270029733542877,0.05452385958908579,0.33776359759853225,1.8022223616263275,2.9492847183004436,1.3770533722111757,2.471397056699657,-1.0345558331382587,-1.0391839230166229,-1.1675390844094409,2.6152565337507845,-1.6582207314843018,-0.5193174393811892,0.6111683915220922,-2.9996223206900954,-1.6399360016103248,-0.38003963241753347,0.8091256203740191,1.3726471644210285,-1.3312562726511141,-2.347468263824741,-2.2842381698586687,-0.590823081782311,-1.7023014431460117,2.5529667168806034,0.40290947070950445,1.0740830832054833,-2.5764744434757647,1.7617186105119096,-1.4590536080126375,0.43132120098028537,0.12268217872503673,-0.9516764042097554,0.04638848538890272,0.6151049483509601,1.1023413197184038,0.8091256203740191,-0.047355140976476306,1.1336905923417095,-2.975051109035404,2.5213054424065016,-1.9866481941137828,-1.905654430155462,-0.6356771877085028,1.7244501171728341,0.24994683242070392,-2.733107925660824,1.7735818713221656,0.43132120098028537,0.7622516411880635,2.329265831242539,-2.4506793169640413,-0.1871790250995029,-0.845969264640611,0.8091256203740191,-2.6547266560108347,1.9567599619966058
neuralNetworkClass 	class coursework.ExampleEvolutionaryAlgorithm
INITIALISATION 	RANDOM
SELECTION 	TOURNAMENT
CROSSOVER 	UNIFORM
MUTATION 	ANNEALING
REPLACEMENT 	WORST
ACTIVATION 	TANH
COOLING_RATE 	0.0011
TEMPERATURE 	100000.0
TOURNAMENT_SIZE 	90
maxGene 	3.0
minGene 	-3.0
populationSize 	110
maxEvaluations 	20000
mutateRate 	0.95
mutateChange 	1.6500000000000004
seed 	1646684373006
random 	java.util.Random@3ada9e37
numHidden 	14
numGenes 	129
Training Set Training
Fitness 0.06691770856656172