-15.587372397399353,5.836452101208918,-2.185237674247306,18.242568644435437,8.239447455921923,17.83324850404818,-10.702212433758751,0.23510711341543988,-2.766981406335587,3.0972835141831236,10.704183424071331,-14.18682039158116,15.131079859166531,-0.7543511123648603,-7.710314262630943,-0.265895098724263,-7.71089910984534,3.1104906042091347,-1.3257485743936908,-0.36994359963665513,-6.8437942647605325,-9.447633093913073,-9.234229177510088,15.876566601567893,8.166605081165038,-3.299903695840678,0.38070185254631816,9.857952054055994,-14.98018675235168,-9.494878497993504,8.84799145418966,-7.708296089069568,8.608477000856126,10.680834798711574,-0.9130558896334318,-2.0249329711627,1.3756894173530592,3.517234213777879,-3.8085013290451304,-6.944301804423356,21.09420609051905,-24.331297855286515,7.132665941039195,-7.245532505999455,0.6580318516746573,3.50761526059077,-11.792318223368444,-13.567859936305528,-6.9376089067283,-3.281075045603311,-3.2812772468811424,-5.007156586474434,-6.9788597417870015,9.330760194380284,20.80583200131624,-1.8940971903381403,-6.168768968434368,18.38353282571154,-4.312002406001122,2.5037931938888667,13.691877672081201,-1.3150545930700366,9.733121975324702,-18.622365641772035,3.971628009521991,-9.369277627828717,-5.1680786035155455,-18.55717903521223,8.339587592022685,-6.759191253622259,8.74258708328232,0.8360579023943533,-9.31241025442903,-14.081798289576646,-9.647661137353019,5.781236876502608,2.91815413739881,-11.817496602737517,3.0687989898588723,1.525267695989415,-1.091379879150944,1.0627016039080281,4.358409482995571,5.696145008519616,-6.6151064773230175,9.403613290007584,1.1909153031279622,-2.1257935157189385,12.698783637171772,1.4978405562000532,-12.371770722552833,4.2937078873307195,12.050964542552382,-3.6999842647123593,5.262795890591457,-3.1444860606526905,20.33713256177449,-14.03746739950781,2.6648628902418885,8.18287538198013,-12.382015647323517,-18.49811969086607,3.539871646691826,-4.609067192932793,-4.3258156933320056,-12.037875770549983,-13.373529313488287,-11.483235572824755,0.5555381778986961,-10.363008751153439,-4.167546500059641,-17.47954059446071,-21.380864728297297,15.994448630751611,-5.039777863321836,-9.431121718694834,14.024270261174316,2.5675795692496113,3.915169917175687,-4.197572627739318,17.612500263810166,1.5829838960589289,3.7696789293929776,-9.938649169589025,-0.6007571477976459,16.1928550650836,-9.37778069272742,1.061711165763489,-11.211136502001597
neuralNetworkClass 	class coursework.ExampleEvolutionaryAlgorithm
INITIALISATION 	AUGMENTED
SELECTION 	TOURNAMENT
CROSSOVER 	UNIFORM
MUTATION 	STANDARD
REPLACEMENT 	TOURNAMENT
ACTIVATION 	RELU
COOLING_RATE 	0.0011
TEMPERATURE 	100000.0
TOURNAMENT_SIZE 	90
maxGene 	3.0
minGene 	-3.0
populationSize 	110
maxEvaluations 	20000
mutateRate 	0.95
mutateChange 	1.6500000000000004
seed 	1646684373006
random 	java.util.Random@3ada9e37
numHidden 	14
numGenes 	129
Training Set Training
Fitness 0.010720866913054822