-13.877158438762878,5.672790925709359,-16.24007410538968,6.400945542040075,-7.76824915202859,4.0695141140502225,5.27867670596796,0.6564123152329415,4.077266308639382,8.312007784857173,1.091783881912523,-2.5092924946756296,-0.6045790305372662,7.014284315772309,6.890973156473541,-3.2644603936195473,-6.663282525579865,-0.7255054012969229,4.2260360715520715,-5.59848601315076,10.703511207203773,7.926565492934743,-2.5558668632358206,-7.351055248335172,4.2880348080551975,1.2987377825195372,-5.883352759599465,-3.0747235506789474,-7.27303270961676,6.117857173375793,-1.1978925508264107,3.2827761631567585,-5.924433753953637,-4.955239391821264,-0.8754333303890052,-1.3696102286288028,5.428985079708488,-11.739919923374947,5.615175433355887,6.851390246548995,7.030510110608622,10.591271801224439,6.220550905052877,-2.266318760245868,1.5060604193061309,1.180663568298007,5.42490394622345,-4.387646468029541,2.4014045441021024,7.890798391450038,-6.586257408212081,5.014325147415134,-3.8268466620244235,-4.22266690280622,-1.8246687130604498,-1.8273686829107332,1.4467029494164345,2.7312395783276378,-1.558055193416835,-1.1568355194220281,12.703907124614634,-4.6489615443661485,1.916314831585396,-8.49060019822111,-2.8496298838537175,-2.8477218732362655,-3.5404738673186475,9.90087386898322,-1.9631417347670306,-4.644540476196432,-0.16502098129422293,3.62892095114775,-0.17855964913576905,3.615088692031866,-5.141104501506621,-0.5415956563457875,2.658574860646331,2.3615254659544833,9.951201422172835,3.386915143956582,-8.161528915664242,5.6737790082125015,-1.5885160533170817,6.743144389245791,-5.925338118448199,10.43538748139765,4.013074133717369,-0.40612920147960896,-1.2501665919070462,3.8970020425895395,-6.635829119907092,7.114237343614517,-2.1704305951379075,15.978279960558755,7.5282787727125715,7.128728491810994,1.390773147322112,12.438176346734707,11.227091369838748,5.02049101747346,-4.763857320262528,-13.17329087915484,-2.932687967364852,-2.6156239630556364,2.128183430743558,-5.947247159160371,2.088763815453736,10.014317753927475,-2.8741495198823177,5.011407325356985,-4.375501482833174,-10.931607562899769,5.7440239290608055,-3.8390354085252962,4.944473871859373,-13.554857634626085,-1.069370346580663,-2.326512087638764,-4.777269855354156,-0.5175212543199557,0.8183251745587619,13.154497238189167,4.223852368424095,8.605714871163757,-5.992716202583935,-0.713759160374928,-10.202131886127841,4.054013348419326,-3.5772846761011508
neuralNetworkClass 	class coursework.ExampleEvolutionaryAlgorithm
INITIALISATION 	AUGMENTED
SELECTION 	TOURNAMENT
CROSSOVER 	TWO_POINT
MUTATION 	STANDARD
REPLACEMENT 	TOURNAMENT
ACTIVATION 	RELU
COOLING_RATE 	0.0011
TEMPERATURE 	100000.0
TOURNAMENT_SIZE 	90
maxGene 	3.0
minGene 	-3.0
populationSize 	110
maxEvaluations 	20000
mutateRate 	0.95
mutateChange 	1.6500000000000004
seed 	1646684373006
random 	java.util.Random@3ada9e37
numHidden 	14
numGenes 	129
Training Set Training
Fitness 0.02538316419585689