3.195877981514787,-4.086103155203771,3.88072543152569,14.97937772795221,8.602048868042502,13.70614258196935,-11.748013319100032,-13.508318155853098,5.217366631003747,17.741563110557593,16.2865838560268,15.975847419541024,-5.363340685633679,3.7073256585175134,15.345282733738745,-21.778430059933108,-0.14964084922605814,4.429790565630823,3.699496262748964,8.139043614415076,2.8547079122671857,-11.114416594787098,2.497237019695291,20.71651212535543,0.8393575207146693,-13.03835398511436,-17.83473408042679,-11.14159983941226,5.49534755413308,7.014883534499424,-0.7778198556935365,4.0380775320843,-15.71059130119637,10.527614421213835,-19.440316890905144,0.6829669479503977,0.9860233663297766,1.157552313110612,-11.380286855896628,0.3254017908432498,-20.57764275368124,6.954274500098512,9.359047302668618,-11.053263596605499,-4.4135903649678205,-10.745079406017501,15.360135747966835,-0.5737347208068142,6.71165167726245,-5.0288804765528905,20.938600587316436,7.510548105370058,-10.96762890562876,-5.289307437923604,-2.4192681212352145,-7.196222653339968,-5.772937421788292,11.636662060709074,-2.2531675759220136,-17.07717883023222,0.7652547119824593,-4.474601648221217,-7.221615690821956,2.119046391087899,-1.3428150232411689,-12.037622604855812
neuralNetworkClass 	class coursework.ExampleEvolutionaryAlgorithm
INITIALISATION 	AUGMENTED
SELECTION 	TOURNAMENT
CROSSOVER 	TWO_POINT
MUTATION 	STANDARD
REPLACEMENT 	TOURNAMENT
ACTIVATION 	RELU
COOLING_RATE 	0.0011
TEMPERATURE 	100000.0
TOURNAMENT_SIZE 	10
maxGene 	3.0
minGene 	-3.0
populationSize 	110
maxEvaluations 	20000
mutateRate 	0.95
mutateChange 	1.6500000000000004
seed 	1646684373006
random 	java.util.Random@3ada9e37
numHidden 	7
numGenes 	66
Training Set Training
Fitness 0.016876081721502796