-6.318380446321998,8.044292994872972,-0.9524939784743287,5.105366996920742,1.9854450777727788,7.486700949396383,2.4919483824335913,-5.450532255387052,0.17603054879229152,3.5744890736741315,3.3339168361257316,-8.194994388318495,-4.587286900219812,4.266984451387942,-0.6954892295925355,6.843163577987399,-4.557193991563549,1.6574927616701034,-1.800035694584892,1.090355786783336,-4.38969681436086,2.7585486527636593,4.461354820318875,1.1896707022511723,-1.9601970259186285,-8.503787499089446,4.862871652088078,-5.476329036307285,-0.11437704856939845,0.28859042478655983,-4.194645954560511,10.13124651481401,-2.767633096857817,4.494106432778299,-3.9512762919807765,4.12719351770238,-2.1392563170343495,-0.4433436456035267,5.385099262163195,1.640419357228497,-12.198772379030018,0.897625779036165,-7.846204013156475,-5.124850374245948,2.5381879827116567,4.958854759571363,-4.669923535988714,-0.6307600020056121,-6.8015946039800586,5.435984665508306,-3.9185668096566655,-3.0753278645596005,-8.389569086529347,-10.641777269134444,-10.121652636957352,-4.082460111322627,-4.044966434841279,-3.6815868317630738,0.9208829469624682,-1.5916921319835784,5.592020613150107,0.8364037753246354,-3.15186170694656,4.117851771218537,-3.2049961790853905,-5.600950918799249,-1.815508071422351,-1.839234258688096,12.753224898113494,-5.288206879102818,3.7947443290063325,2.4346492402555118,5.40834068151058,0.569625413423994,0.5696692721295333,1.1025618369211676,4.034110030616603,-4.940693514469005,-1.6058454281162535,-0.3744385849935252,-2.5617889993261995,1.090109610770786,-3.0879749442594173,-7.4967823767818835,-5.032042221103308,3.6169284705339013,3.6948046889754895,7.01221885515144,-3.8645248412387323,7.3674503166708565,-6.3039110160901775,3.846667820671044,-3.3070728534139864,5.164197173638397,0.22886334275854026,8.20838721053807,12.484686047004901,-1.8574113807444226,2.4400158110066297,-3.228466294737215,-7.069133086572066,-2.4422190466374243,7.174458477680038,-4.0969554083749475,4.955441641519922,6.745889719849613,-0.7793159341867177,9.458918752233123,3.462185457844507,5.059303819407106,-8.689750183630784,3.8460591907233326,1.1329985261071247,-2.268849089175327,8.005593841908926,-9.709617838860886,3.2256838021679806,3.44057555502428,-4.046246317889127,-17.01587695292909,-4.517948738047254,6.548342910877421,-2.0920295285455195,5.9987470705730015,1.2222583913182827,6.5013829253995565,2.474826807560116,6.39459857967891,3.5475848425571623
neuralNetworkClass 	class coursework.ExampleEvolutionaryAlgorithm
INITIALISATION 	RANDOM
SELECTION 	TOURNAMENT
CROSSOVER 	UNIFORM
MUTATION 	STANDARD
REPLACEMENT 	WORST
ACTIVATION 	TANH
COOLING_RATE 	0.0011
TEMPERATURE 	100000.0
TOURNAMENT_SIZE 	90
maxGene 	0.8999999999999999
minGene 	-0.8999999999999999
populationSize 	110
maxEvaluations 	20000
mutateRate 	0.95
mutateChange 	1.6500000000000004
seed 	1646684373006
random 	java.util.Random@3ada9e37
numHidden 	14
numGenes 	129
Training Set Training
Fitness 0.032956577222740105