-1.3471498918968159,-7.732728354384999,-4.790815908968005,10.352369700754343,-8.164683252427764,-12.416162348402953,2.3835253954049076,-1.8755713666609743,10.305959455226438,-1.244266361676182,-6.158272660090372,9.656352127324595,-16.008835844292598,18.52850454391873,14.146399217283761,7.3276980983436175,3.7749673647115216,5.265319671932229,-4.1861871766741885,-1.5299604819652188,-3.1913913769163447,-4.320957243056169,13.055592859094961,-2.353540155774895,0.39158193466991964,-2.5901910724481763,-15.352289468645496,0.24539767601038598,-24.307270741597044,-7.936179246649317,-8.254871315783088,-1.5659567800870215,-1.4235977571976761,1.1099308622325221,-1.3993212002969182,-9.408901751362794,12.13270429201542,-13.751058204132201,13.524486626946583,-6.5491792544147724,-6.1176923629724795,8.676411959919509,-1.6145035605378837,2.6898861609025575,2.9353257910349377,-8.896885718821398,0.9593779111636058,-10.874296474246249,-6.7197938761461895,-16.07184447030908,16.11733684805553,-3.8805620645299888,-5.237409613963365,14.728123925065447,1.7780798908263762,-0.7109032753605105,-2.464422412342408,5.7314891025926435,11.910423662291429,14.437648697394556,-5.4281948041550345,-0.80915732579059,-5.223229980245616,-0.7617469529695002,-0.6757482908939743,-2.953579740774125,-1.902097380617243,-9.056714316263404,-11.143353986494265,-2.5572859296094634,12.897297069910016,1.1459599549935948,-14.214144712291688,-5.184164694706549,-2.851630053202684,0.3729452066156016,8.137604749480097,-1.9873484034661626,5.550825146942502,1.7235010223243195,7.713369686098657,-4.266418685663815,-2.8975068461997724,-11.204749512369625,-6.9497360448869365,0.009286735212295394,9.610790186829151,-6.5511744075159974,11.877231983448347,5.477366357196519,8.803161550415151,-1.0867705867494841,-1.7701631917773781,10.368506979441442,-5.101395115292117,-7.529133081608777,8.38242203082506,5.7924168728188725,20.942605630021525,-1.9641933660273132,7.94040810398422,-15.06778309460556,-0.5144491990369513,-7.349055127933783,-13.793031585248531,-13.738170183756576,0.5499206296574428,-6.020648395055266,16.947315929357814,5.094264826750035,15.13429364036207,4.652191480245775,20.270313688938423,-5.450444099102785,4.4924335383558045,-7.43978457377054,-12.218890480471226,0.2994684532265417,-5.096539058956861,2.387935776298507,16.02997550142696,-0.9980470431527984,-0.5856501042364606,-2.5608012490367678,-2.458477159500628,9.23167880966007,-11.961282143772777,6.089986895110302,14.204940892574118
neuralNetworkClass 	class coursework.ExampleEvolutionaryAlgorithm
INITIALISATION 	AUGMENTED
SELECTION 	TOURNAMENT
CROSSOVER 	UNIFORM
MUTATION 	STANDARD
REPLACEMENT 	TOURNAMENT
ACTIVATION 	RELU
COOLING_RATE 	0.0011
TEMPERATURE 	100000.0
TOURNAMENT_SIZE 	90
maxGene 	3.0
minGene 	-3.0
populationSize 	110
maxEvaluations 	20000
mutateRate 	0.95
mutateChange 	1.6500000000000004
seed 	1646684373006
random 	java.util.Random@3ada9e37
numHidden 	14
numGenes 	129
Training Set Training
Fitness 0.017442844295567014