-1.4262559805086443,-4.3708862855948265,5.35667516462351,-15.2572359563078,15.448010382955713,-5.174665784463951,-19.414668855723995,7.917498633378097,-5.972401199601543,-4.183497721152225,-9.93953541912964,8.077687466765227,-1.1036404613260204,7.967564821611161,-13.94734898754319,8.127141029432854,-0.7718429984672834,4.270116114767284,-1.6831693384230988,5.2534053276369805,-1.5669828027386883,9.899663017778753,-2.797653379591818,17.131669530980915,12.714563008760411,10.321553316832182,1.23455090471343,19.81047535447297,-3.5792878349669905,12.788784128463902,5.064547467158082,-4.652426139499527,-6.452295330265686,-2.9483138164930613,-13.182553422636246,-17.479663181257415,-5.3789792868293045,-13.932230332976559,-1.4831617685641465,7.879314166552009,8.32615043415283,1.6668045971215903,-17.7006899445443,13.095887379444559,6.368392116400459,-1.1318358307822631,2.0740309831215527,10.836789599792622,11.646307049078224,3.336281842459149,3.715467734830902,6.853931423085539,-10.348165088482991,-4.003489597273417,-7.2112883386449,1.213110283612771,-3.2571635242485097,-4.807461883553996,5.59387108279909,10.77937623788421,1.1679312436834106,11.508455689163082,0.8301689206805332,5.4443302585060245,-14.733851958658148,5.0027319117531945,-1.155258012690326,-20.805829525918682,2.119357380720559,-5.678611260788237,5.396112646980892,2.458144352795685,2.2005353943855486,-8.206729421834805,-4.175527418247626,0.4513026649554419,2.6856650711681214,-9.319872483174944,-2.037034551252553,1.337654175593677,-16.262120953250104,-0.8572725046385665,-6.995831719457884,1.5205952880437295,-2.8654824831471712,2.371174760552811,-19.031280258920688,6.0354182238067855,-12.968191057292149,8.555138599959403,3.616196317443557,-2.0450060100831093,7.660813448669851,0.6992978592810486,5.153405321457193,7.503300357766058,7.770449353572191,2.1792469280172,-8.993928449190095,-4.957492801110661,-12.309113692244155,8.344885774784967,-9.864676637083743,11.949538950613533,9.80491153377883,5.780409725049605,6.633371962353705,18.0147264577261,8.522584259469102,10.09982676922656,1.970885883288993,-11.219217173010463,9.542053207092833,1.738972416260836,3.154189417822003,-6.932801221492304,2.1476040540013983,1.0862610502688241,-5.728966495111644,-7.0416461289386465,4.374485365826117,-10.104380539823964,2.7493787017221623,4.590726963907794,-1.4466525386611906,11.868363817241573,6.268984316265257,3.058991056946125,0.7233570058671983
neuralNetworkClass 	class coursework.ExampleEvolutionaryAlgorithm
INITIALISATION 	AUGMENTED
SELECTION 	ROUTE_RANK
CROSSOVER 	TWO_POINT
MUTATION 	STANDARD
REPLACEMENT 	TOURNAMENT
ACTIVATION 	RELU
COOLING_RATE 	0.0011
TEMPERATURE 	100000.0
TOURNAMENT_SIZE 	10
maxGene 	3.0
minGene 	-3.0
populationSize 	110
maxEvaluations 	20000
mutateRate 	0.95
mutateChange 	1.6500000000000004
seed 	1646684373006
random 	java.util.Random@3ada9e37
numHidden 	14
numGenes 	129
Training Set Training
Fitness 0.026210399365198946