0.23218632245320414,6.000938436110843,-4.387692873267726,2.2733060464105472,-0.029640704346665103,7.046377303237696,-14.910268070119935,-1.419219081698066,-0.909109246609658,-2.51615753438025,13.182626895919379,3.4962610292535956,-4.106248230390646,1.5782851584505595,-1.4688759401487488,2.0829528719234425,2.179161754556887,5.901246891095656,-4.0363838695458725,8.876017105289923,10.143280491136547,4.375046408342888,7.131153318888719,-7.725776282772779,6.963794100787895,-0.716261915914961,15.135364511043333,-5.423430916317415,-1.638924796198947,-0.10888905584939579,-1.677890122745893,3.3890892535085104,3.978021972642699,4.835297913278982,-12.810762168501569,-8.224855267106715,1.766599088949187,-3.6136412667491538,5.2704989314973485,-0.4919942014336396,-10.198471588278412,4.157499017244794,-4.891167189366508,-9.942390831200248,8.761498700576112,-1.147616940505345,-8.879076708332155,21.053905481147062,1.6756829971383906,-10.889702822919174,3.981084002982678,3.9172644192297845,-1.721722167109558,13.877713687437184,-1.183789034640256,4.981950318883413,2.49619796482276,0.9391074260076504,1.8047091910995645,11.811728617042272,-9.535018022854285,8.231667939758962,2.0109746689710555,1.66720990266405,-0.22461154607752398,0.9478524328068909,9.113180558621744,0.7325847500625358,2.4480807619172067,-3.253482211069417,7.39579299052428,-9.355048088339867,1.7162240174390968,-3.1523306062104055,-2.1205890674106573,1.9924847164033954,5.665736240389142,3.9776590301645776,9.249197318108802,4.858232738635262,-5.809639565871484,2.3109637466879693,-6.430659617455712,0.034397764112934937,2.563644642348228,-6.828528603334027,-10.615344355899321,1.967474633446348,-10.787661622345421,-3.6895021365978478,-17.688387848025542,1.9676891083840564,8.345638783896257,5.620556891219511,2.5097370462957596,-2.473281880423629,4.702136236591356,7.723200218676427,7.450524684844582,10.13571749234231,-2.178761560346712,12.036042647026324,-20.83535128392912,-1.36876323784099,5.728265205884195,-3.2216156013694563,7.8494481416326725,0.6196394068968676,10.292336898644388,-2.883362307108184,-2.292671872284851,3.8412020141558125,10.223593630440794,0.8300650108425538,11.411891050026846,-6.666894438276133,4.521210159275135,5.744129354532339,-2.037717915064489,4.7360840121519985,-10.083911233834185,4.383057132996255,-0.6625923248280379,3.8625392451167073,4.572037833955138,4.185008264770871,7.800357429149322,-6.095520777621169,11.266662804999937
neuralNetworkClass 	class coursework.ExampleEvolutionaryAlgorithm
INITIALISATION 	AUGMENTED
SELECTION 	TOURNAMENT
CROSSOVER 	TWO_POINT
MUTATION 	STANDARD
REPLACEMENT 	TOURNAMENT
ACTIVATION 	RELU
COOLING_RATE 	0.0011
TEMPERATURE 	100000.0
TOURNAMENT_SIZE 	90
maxGene 	3.0
minGene 	-3.0
populationSize 	110
maxEvaluations 	20000
mutateRate 	0.95
mutateChange 	1.6500000000000004
seed 	1646684373006
random 	java.util.Random@3ada9e37
numHidden 	14
numGenes 	129
Training Set Training
Fitness 0.016105493324502892