3.091352470647868,2.8483554953178523,0.9771651409408442,1.1607335299976977,-0.855751076415312,-2.0237741678786794,-9.411565756839321,-0.6328187382878934,1.4424486432183414,-3.1377043155517548,2.602248878785301,0.6326349022043285,0.6449431236450796,1.377299324880382,3.803450604358575,-5.3237038093728755,2.4628490711277458,-1.8963879515130664,-11.247096054146125,3.779231196032849,6.14267153678095,2.106408472189794,-7.897833203036663,2.5551175449021724,-1.067480324172899,0.02323384942005724,-3.3768624238593548,1.3364184517448283,1.3592899063287147,6.482323520002279,2.8070639060691933,3.554875364749675,-2.2305587814625385,-0.9060016106935596,-3.1943489957888236,2.272951562023959,5.148096886467133,0.8809404667334135,4.392874376057144,-5.411914621862001,9.230814425484231,4.92214444627662,2.719454855618898,-0.11564721606799377,-5.2405206297562446,1.4818198451527573,4.5628169817406,-4.153628997406751,5.758380971226887,1.4785063079079914,-6.406290439392656,2.6280063943499563,-3.1313556511802894,5.871146507950094,-2.263473160662648,-6.41630909507332,-2.0212013008638148,0.9978482590371365,-7.4562708913169065,10.022877451655214,-0.7236287334841585,-2.350451994663949,0.23561766844153142,0.7384079917507975,4.870007692283359,-4.055223547007851,0.7750851428914092,-0.3627077088903219,-3.3062738100335802,1.8932083607253496,0.20281210800934213,2.017640643382088,-0.845474560317089,3.9946644023238234,-7.0482503333240665,-1.6117820432496472,-12.62832775229823,-1.0332837813301223,1.9405801138517056,5.467329873522774,4.230607487636155,0.3280318343380024,5.364212065753467,2.2254781525537837,0.8865154679953102,2.486082248840118,3.1052211959441074,3.751463361429999,4.752212849297173,-1.8131877018582152,-1.5664887340163576,-4.375656950223537,4.442123108801889,-4.019632671679352,0.44232815376211043,0.8638904412961494,0.618709534028242,-12.459051759674272,-4.562883639620004,2.809930756759929,-1.900148225219886,-2.2496463408942446,-4.150428758099765,-4.453830512712919,-2.264740664444038,0.3137509476515241,-4.307403339647357,6.036858190434005,4.097123264591733,5.772702622938536,-3.697262392136844,-2.3651187127763915,-2.295180569034212,0.014462062210519822,2.08501705242762,1.2475775911850127,-3.184415227081537,4.09803014457154,2.680966409501874,3.411848636358993,1.2126961297501628,-3.773544278548531,2.4239960839579577,-1.9171622832765625,3.7097926867904274,0.5413433208888749,2.4771152139430486,2.13069856055722,-1.2354085011047866
neuralNetworkClass 	class coursework.ExampleEvolutionaryAlgorithm
INITIALISATION 	RANDOM
SELECTION 	TOURNAMENT
CROSSOVER 	UNIFORM
MUTATION 	CONSTRAINED
REPLACEMENT 	WORST
ACTIVATION 	TANH
COOLING_RATE 	0.0011
TEMPERATURE 	100000.0
TOURNAMENT_SIZE 	90
maxGene 	3.0
minGene 	-3.0
populationSize 	110
maxEvaluations 	20000
mutateRate 	0.95
mutateChange 	1.6500000000000004
seed 	1646684373006
random 	java.util.Random@3ada9e37
numHidden 	14
numGenes 	129
Training Set Training
Fitness 0.1084133801625785