-0.17624749271812146,6.353194122069192,-5.327387203120851,1.5400226358092368,-0.6144229529637366,2.9792031516297333,1.8186134041317943,-2.590847376022407,0.5627531637176357,-1.0395006839263523,-8.70970907226198,-5.886243634504787,7.220295681214905,-5.572107727208331,0.1829975096416474,8.890561517557519,-4.02685051393897,-0.004680440245914852,1.3789956057343948,-6.2756686732675,2.613450623590669,-0.1638074875346014,-4.466330677928465,-6.574434495778391,-7.140714188355086,-4.398817197153464,3.001903529707807,9.006935979260525,-2.768667056984177,0.991548977334797,-3.87121004449443,-12.211232241468505,-0.7163095048860137,-2.95610054107936,6.467488100608181,13.824421023642444,-3.077377098357035,7.011584294013957,-11.836756156698844,-4.115521147361761,6.841872058768798,2.4947055991944707,12.756238494610324,-4.225808736387309,-0.5643937528855139,-2.2749666659712835,-0.9428868648263946,2.4316725263309937,-7.679998142321594,-10.69609041170116,3.987686376602586,-3.3351024464380243,-1.9981299567362756,-8.329477276080905,0.20555352115107617,3.483586084487577,-1.0723300168120184,-3.3052725532760547,-11.005071675631653,-2.182383777455755,-4.371335404684015,-7.207114199210631,-1.3427402572916032,5.486649874057459,3.5979015084271007,-7.793000868630649,-0.5761700896364879,0.596202583879176,3.2921214453940575,3.866699493856837,-0.9112935190621663,-3.216562711197228,-0.6033792617818188,0.7704666826923092,3.0241014336584513,-6.528492781864301,-4.02648828556126,1.5767288302393014,6.291353552617588,8.264319709224349,4.783752489240652,0.13730862034610913,-5.650571030930029,5.124142130308447,-0.31926501013355946,-2.315030565264588,2.1390020428093077,-6.527485169234999,-9.08185537931803,8.603612206355695,-4.466147083477582,-1.3595157380214662,7.8472247785101725,-2.6360256076098505,7.402490260141881,-0.9827826078241415,-0.4014966106702733,-4.500524679783278,-2.1384223270400433,-2.7433967642467847,-2.9995411980837314,7.326151596768615,-0.8210846165464396,2.499496420900053,4.282525447004568,4.677422649505645,-5.302598206470249,-8.045197890823188,2.4422607346884186,-1.8712786945082716,2.8025684789556635,3.105650734272083,1.2764165790732194,-3.9211742500836735,-3.6050438464388703,-0.23254256573786547,-2.6669181135312794,-5.415980108153452,7.20477193053719,0.9727059640209497,3.6869827453772044,-4.141987204102141,-5.55006351707298,-6.957152913089531,-3.7275502588282023,10.854838038809783,1.439805397751706,-1.1692555594559444,2.828483209392143
neuralNetworkClass 	class coursework.ExampleEvolutionaryAlgorithm
INITIALISATION 	AUGMENTED
SELECTION 	TOURNAMENT
CROSSOVER 	ONE_POINT
MUTATION 	STANDARD
REPLACEMENT 	TOURNAMENT
ACTIVATION 	RELU
COOLING_RATE 	0.0011
TEMPERATURE 	100000.0
TOURNAMENT_SIZE 	90
maxGene 	3.0
minGene 	-3.0
populationSize 	110
maxEvaluations 	20000
mutateRate 	0.95
mutateChange 	1.6500000000000004
seed 	1646684373006
random 	java.util.Random@3ada9e37
numHidden 	14
numGenes 	129
Training Set Training
Fitness 0.03280806764494312