1.8597173545256522,-11.342990663592001,8.389854385020513,2.346760910547591,2.8379270173874778,-7.9853813501659445,-7.222124810112078,-10.571246548419827,-4.605811130591122,-1.0469174708193831,-1.9477227188407138,1.5981926592746918,10.483560936822757,6.4699316652569205,8.714656615282689,8.33880617538486,-4.537555452541389,-15.902945250282793,-2.4585751958038866,-9.667292311489206,-10.741917843849356,0.28698623261081124,-5.335802963127024,-2.527381411005818,-5.533817089185794,5.309434133691596,-2.3567057300242267,7.017041629840096,5.3604523275840865,-13.1266298103313,-2.9883134377923826,4.476944063279468,6.131787852612625,-10.24163993260321,-6.355552669025527,-2.165373601557164,3.7963859690299477,3.4446713945456517,1.6240164087588758,1.5950544940081706,-10.829009709315974,-13.174939565362603,-6.425692611145825,4.207045860250008,-10.390003905814067,-15.388008154480946,0.8269277495157752,-6.38368975915882,-6.316891906850878,2.9224088848123726,10.460517304628363,-1.9755471841207006,3.993737112678459,6.178032397373393,7.169439041283466,1.0776579491017442,-2.402699488002936,1.952519948034678,7.270797827881756,3.495882651743438,-1.2749198700908462,-9.272316010958106,-2.801007508175496,-3.07200538898363,1.1532739195163861,-2.8606797074790755,-5.485259069649474,4.680402696759343,0.5283596431290043,-1.9509375180398072,7.270755784574236,9.266335619631064,0.9188788834538633,-10.12796680986181,4.52897815238111,2.210032947973593,7.610228238622637,-11.72907344452048,7.164515649049012,-5.335275856076926,-4.756967619359685,-6.404487526315625,3.969160427451814,-1.5346218576941415,4.867157526562559,-11.697586521123156,-10.46739725155919,-3.963181271054631,3.5424063919523707,15.833365957515774,0.4321860511071449,12.514905898952541,-2.636577142810939,-0.3889666761033137,-8.597716198035279,-8.586902522295919,7.720317259494454,-4.070196512488941,1.0821167910642098,-3.9711891350511603,12.978007596183955,-1.225144054376452,-14.0439413299831,12.533615942123603,-12.583743889903122,-22.503851346787705,-2.8467838326644364,1.6784006166116763,-3.8311326807866948,-1.3051690173045571,-3.3366988639709243,-0.2307440377875265,17.98449468131085,2.8479503563121673,-4.496449519726782,0.63194239999536,-0.5470109670448648,-3.8468232307206787,4.9366789226064105,-9.417596480442109,2.9002076139553576,-11.531366418747474,4.092588805848807,-7.742094028655782,-6.649316050255622,-6.94622395946576,-2.0132074747990005,-2.3620075580693536,3.0915458603213573
neuralNetworkClass 	class coursework.ExampleEvolutionaryAlgorithm
INITIALISATION 	AUGMENTED
SELECTION 	TOURNAMENT
CROSSOVER 	TWO_POINT
MUTATION 	STANDARD
REPLACEMENT 	TOURNAMENT
ACTIVATION 	RELU
COOLING_RATE 	0.0011
TEMPERATURE 	100000.0
TOURNAMENT_SIZE 	70
maxGene 	3.0
minGene 	-3.0
populationSize 	110
maxEvaluations 	20000
mutateRate 	0.95
mutateChange 	1.6500000000000004
seed 	1646684373006
random 	java.util.Random@3ada9e37
numHidden 	14
numGenes 	129
Training Set Training
Fitness 0.030147443901435318