0.8531916977919787,4.66471454407118,-7.072036356567096,6.643504266593535,-7.211451597214335,-1.9636946882251038E-4,-0.5262707933133175,4.474882360217173,11.170476119080485,5.871271904254211,5.930100582031814,5.006513254833191,-13.947318258186364,-7.150395823887441,-15.84774079593305,4.236633667356842,-4.755928657155261,13.825997686193213,19.452835650859548,9.117714524332163,8.634354545234421,-3.377030896822239,7.84448031043663,4.982626405334006,10.698824086339732,1.2568328096801564,-4.131060079618915,-1.4420158757460104,0.6376938010995445,5.398546436979778,-4.273969717875708,-7.898011179752569,-4.9004808964657425,-5.935813459463214,-1.5337124610356714,-4.054901067922513,2.4448644299304636,-5.486417797451148,3.2239703792438927,1.9653789996889426,8.925522568064757,-10.604600585024798,-9.907524381332644,7.346389566869252,-0.21376744496328648,-0.8507640249566428,2.282121169527052,11.143997704609916,10.089981053852993,-8.139948559036473,-3.4493592029599967,1.0795035712910135,6.57461593534328,-8.542478018396485,-5.940374841664049,2.2799928703894246,-3.0323613958090787,4.9126772003385035,1.135534520570686,4.152841963161276,2.9676835486160993,-5.693561038301732,2.3518001121546845,-2.8401820124209,0.34533468556964175,-2.5205490270264033,1.9489194604880224,6.2972302680856895,1.6725670952857161,-2.530149161884484,-0.07765546368045495,-2.357892525679973,-3.6407548852757117,4.105403700459595,7.383349717495779,0.7903883111673995,-2.0432528590850536,0.7386810926616105,9.185958324920009,7.041630729366176,-4.067071319333911,3.798735074519005,-12.336602460925011,0.7257595961897563,-4.370724122251,2.1799828242145374,-10.16955916660766,2.370888052215495,-3.8197580176929424,4.098782582512419,-9.866611285806405,0.4272643267651439,3.0563997449345823,1.6704475769117608,0.06732916822026169,2.540910581219136,-0.41281516908051064,-15.605789696480143,8.580708966725975,-0.4884632660703945,-3.324356752903542,6.88091484161137,-11.349861160043625,1.9228267060130264,4.286739050960183,1.0679801963260553,5.78374477902146,-11.750788505166092,-1.977582058985043,-3.46155475609833,-7.700730291910698,-6.478241985886886,2.190762655972474,2.595667704217219,7.523519759930226,-6.773180614529936,2.383217974796324,-7.707480216266104,0.7226391702551505,-0.7853937703592759,-0.25699772220049155,4.073684820249619,-0.7519095195361709,-5.889143539654379,11.53946482307606,0.9119272309823172,4.271105390207735,-0.8467053638470379,5.307286436769442
neuralNetworkClass 	class coursework.ExampleEvolutionaryAlgorithm
INITIALISATION 	RANDOM
SELECTION 	TOURNAMENT
CROSSOVER 	UNIFORM
MUTATION 	STANDARD
REPLACEMENT 	WORST
ACTIVATION 	TANH
COOLING_RATE 	0.001
TEMPERATURE 	100000.0
TOURNAMENT_SIZE 	90
maxGene 	0.9999999999999999
minGene 	-0.9999999999999999
populationSize 	110
maxEvaluations 	20000
mutateRate 	0.95
mutateChange 	1.6500000000000004
seed 	1646684373006
random 	java.util.Random@3ada9e37
numHidden 	14
numGenes 	129
Training Set Training
Fitness 0.01243826568909236