-1.4731652548863412,-6.423357079077263E-4,9.27419390540156,-0.4801454987328855,-11.281785874570854,-18.740542825968554,1.930942431294588,-4.826722998007268,6.729809869461102,4.546456908694911,4.176497352840569,3.2413124222035252,4.334096805846062,4.019641995786023,-4.483179118644537,-0.6341214755794606,7.944218113113098,-1.4702661665908359,-1.397965225740741,-3.5526017917831467,-2.0296131377562547,5.653451422313171,-5.793635468533296,1.9703771074069216,4.555962037008175,-2.7882893374957485,1.3564044166756721,12.704848664418016,-6.144605576558292,0.17067103622329594,-3.1068593562487132,3.1233258769224026,-0.36540292550627473,-4.547432726692235,6.865279557694858,0.7443783447164964,4.130151881123315,-5.901495945740248,9.251035399511238,17.272941788869602,5.597128398734718,-1.121878337464537,-8.557356271527965,7.4539466313088,11.206143639493243,-4.868722189134946,-1.0475246534869065,-8.41015790861643,7.118657885352962,8.554622493981045,1.8117333265353794,-2.8559284340731885,4.225354970877604,-6.088819178674019,0.8823275853961015,4.311543927465577,-2.6241806462287265,1.7937893212320688,2.939629227347229,4.533625830734763,-6.441421604565641,-3.336532585052325,2.8084165154617065,-11.38083272971265,4.208939935460784,-4.638458891979859,-4.453566517397695,-2.745444604687947,2.4279136115053177,-4.390432333685617,8.319593998977986,5.444777024913464,2.538863293874111,-2.836152567322368,7.799967573241071,8.223954484174733,-2.1606007393331117,-1.918459714360801,0.4923011665889305,1.5078020300872081,2.3743748241403217,0.6331418817219454,0.8569313003102108,4.28193823063913,-5.4882848978905345,-5.1886943848848475,-2.10344167936912,-0.22103065807378464,5.946163529124313,-3.0612658798966175,10.36145855813101,-5.5562523003394935,5.236889438234345,1.66809607934566,-10.44767852812962,0.8201900579582571,-1.346738540114302,-9.355341153263426,1.512009028204052,1.3645265443865555,10.608952198940871,0.417562890795522,5.247142547611086,-3.2011645343252564,6.657893584297053,4.288398167554963,-5.292468542834229,-2.6347953503892256,6.0064691076380665,0.22597434668376426,-0.6239294897170877,-2.075160449484945,4.664680804699395,-2.046083734739379,11.23383679726607,-6.932070050884549,0.8648955930175157,10.532944920590847,-13.185268189730893,-15.890933665465282,3.8701291224652232,3.2624425850845045,0.3011199572228218,-4.160518599195408,-4.275312744570245,4.666132675672198,-9.813473616095711,2.5913803605483325,0.8683458375041821
neuralNetworkClass 	class coursework.ExampleEvolutionaryAlgorithm
INITIALISATION 	AUGMENTED
SELECTION 	TOURNAMENT
CROSSOVER 	TWO_POINT
MUTATION 	STANDARD
REPLACEMENT 	TOURNAMENT
ACTIVATION 	RELU
COOLING_RATE 	0.0011
TEMPERATURE 	100000.0
TOURNAMENT_SIZE 	70
maxGene 	3.0
minGene 	-3.0
populationSize 	110
maxEvaluations 	20000
mutateRate 	0.95
mutateChange 	1.6500000000000004
seed 	1646684373006
random 	java.util.Random@3ada9e37
numHidden 	14
numGenes 	129
Training Set Training
Fitness 0.011050863238833024