1.7277352176742236,1.528835073783021,0.20863807736725803,7.800217611626299,-3.498409269347486,0.19486329094374621,3.407230321005162,-7.562866992184713,-2.7619843700747735,6.221198943626628,-2.869070740772881,-1.1724740281509325,-6.407699949966416,2.553895752862362,5.6128635661868085,12.19310624374977,-1.8655257066401365,0.1754872966894716,-0.08555390541976982,-5.949329131738681,0.9658043085606378,-8.55950078826558,1.142031967170098,-5.521845244132621,2.717150095748371,-0.8240841004472852,-0.3860624792114482,1.6474830021939548,-2.2737541719889083,-2.0935496064339736,3.780936380729683,2.519819702744017,5.04994255206708,-0.5421701781414363,-2.1439231114368855,-1.3140854668156168,6.763942207129548,1.4221646478668872,3.5999053365958558,2.7588607688041598,0.13653304224400564,-0.1121671262974333,0.9849078376004461,0.8886841733139477,7.334322047294068,-0.3578350861398838,-1.7217759493264158,4.317795154935547,0.7269456288297058,0.39858047050958145,8.43441487915814,-1.2165557502322701,5.904220362658213,0.5306821302353528,1.5303056485672015,-3.7020720021328435,1.9531856352737673,0.3641730136324357,4.051655418974677,0.749408639934753,5.413968692677736,0.4333259312958808,-3.2933566443515154,-0.9841890566663127,3.2423914162231178,5.002086986670996,-8.206109308453936,-4.478622444711539,5.9537193382239835,-3.7692386345415816,4.642979481827728,4.39006785557566,-9.144059951378939,-0.7124175796274375,-3.226846722062411,4.012097318406275,3.6524407508497267,5.910330255438866,4.031130627817741,-4.410476729388728,2.802941257436152,1.4165219144545809,-5.378311903002084,7.363892316362101,6.778020322462102,5.14155423248368,-1.2150945672112812,2.653572799346521,5.9265594554335825,-1.2974572250630199,-14.34829380381722,-4.95949214400407,-7.803086115153977,3.641457393427946,-4.425448347301606,1.0957314902910715,-3.5884001351528543,0.34451446019174714,-0.6671131539524975,-1.979900370920526,-5.858221252561898,-3.134354342356727,2.853172599584516,3.3512995814638424,-2.7382032324783774,3.65022347544235,7.361065163551772,-2.049691621228579,-7.164473322932074,-4.788919719081746,-3.651452191145685,0.9800806230756223,-1.8547582263666413,-0.7477792747599512,8.891545730322708,-6.1236430494036895,7.9202361961653445,5.316483452700826,5.393796579049989,-5.314908465316834,-1.793610604400227,1.6517694850397087,-1.8395236535207689,4.903107917009253,5.289360379633183,-2.50368687917912,1.2203220674443198,-8.841798409941168,4.193076163256619
neuralNetworkClass 	class coursework.ExampleEvolutionaryAlgorithm
INITIALISATION 	RANDOM
SELECTION 	TOURNAMENT
CROSSOVER 	UNIFORM
MUTATION 	STANDARD
REPLACEMENT 	WORST
ACTIVATION 	STEP
COOLING_RATE 	0.0011
TEMPERATURE 	100000.0
TOURNAMENT_SIZE 	90
maxGene 	3.0
minGene 	-3.0
populationSize 	110
maxEvaluations 	20000
mutateRate 	0.95
mutateChange 	1.6500000000000004
seed 	1646684373006
random 	java.util.Random@3ada9e37
numHidden 	14
numGenes 	129
Training Set Training
Fitness 0.1122962029499676