6.261944166472215,1.6181667061714533,-5.551152621594909,-4.179815633471593,-14.766532594983039,3.974758372133776,10.379294322220977,-0.9531309761914288,6.346781237775778,12.083146867530928,-0.30816529372240087,11.833702423881203,8.71620184009602,-3.25887801674393,1.1290520470489298,-16.425623115459945,-6.63281077576792,0.6267449005239545,-5.331471405871248,-5.523259561979981,-4.524101276525821,1.1775455793178473,1.4108071373724194,2.910327392461893,7.763206750749081,-1.1043473817294585,9.375950895869087,6.159282415805174,17.262682950584576,-5.183021502096358,-5.494685857557712,-6.980612714707472,-2.829351298168014,-6.156872507761387,-0.5274308888258759,-3.8928061797440474,-2.0373626305704153,3.1327444587366076,7.252947828396595,-3.0339317084387423,9.42424169334738,-14.765432860095348,-4.117914510404061,-10.991757176262249,5.645505751865577,4.467491293606444,8.405770288816122,4.723773456399188,2.166691882214451,7.363507270764062,-10.57067116035494,9.016593999840916,10.189422761028862,0.5874098168504034,10.22029586829323,-4.705340890024076,-1.0691266815474645,-2.6172669698256303,-7.249559528489344,6.945460331005336,-1.4319407318286181E-4,-5.433591521011483,5.0831431036835735,-1.0300001132697512,6.06232292059853,8.105188964296847,0.06953794603242791,5.227602918168283,0.28995536225535634,7.254931630756504,7.36175852912061,10.910744136487855,-0.2507679776408178,-3.6206229461188233,3.88404631515621,-16.72663577521407,-7.110521841271754,-8.211890752868435,-15.327597958799243,-4.172053087902922,6.077119185703955,-5.356070216405241,6.950884594503783,4.60592294510507,2.299507673869117,-3.4620758942482315,-6.242419586144958,-1.457231275958117,4.075374183559845,-2.5839552110852084,-3.3843072723560104,-1.0965418381217145,2.210122297848116,-7.73591380842608,2.165116200623343,11.30572782780825,-9.277141482133821,12.118469164871751,1.3772898672360263,-3.7220892507113366,2.74822227486633,-11.031699633125845,11.971040178469178,2.204891149922911,10.329752063226408,-1.0002771156110315,0.6795478468240086,-1.9799720571585588,5.972693646559481,5.20661453033763,7.238494794368483,-6.857304760577216,1.4128322300949527,1.9522442696062106,4.022870355529326,0.9403803283896348,7.334098300267219,-2.735463236966968,4.554834846560468,-4.688918766913114,1.1813718849749688,-7.666850130341581,5.737463790483579,-4.463962157396612,0.9160786954008397,-0.40039127027808874,-3.160884679614278,5.94463329893931,-2.6491528845692462
neuralNetworkClass 	class coursework.ExampleEvolutionaryAlgorithm
INITIALISATION 	RANDOM
SELECTION 	TOURNAMENT
CROSSOVER 	UNIFORM
MUTATION 	STANDARD
REPLACEMENT 	TOURNAMENT
ACTIVATION 	RELU
COOLING_RATE 	0.0011
TEMPERATURE 	100000.0
TOURNAMENT_SIZE 	90
maxGene 	3.0
minGene 	-3.0
populationSize 	110
maxEvaluations 	20000
mutateRate 	0.95
mutateChange 	1.6500000000000004
seed 	1646684373006
random 	java.util.Random@3ada9e37
numHidden 	14
numGenes 	129
Training Set Training
Fitness 0.02044826102012872