-5.289501150023157,-1.8947640199129427,8.58585063872501,-0.34235739991472514,16.13640122969862,0.8969686407511777,-9.1311910292626,2.8756193732159545,-4.2144243665619,6.220750586462348,-4.115062079851633,3.4634474727805777,-0.27649481111046725,-12.14675560055838,10.07324386377706,2.763084259668693,-3.8842661002872454,-5.508527114964195,-2.629386698083798,0.0361258834576379,-3.734569734498903,-7.617606157348774,1.6031767363231504,-7.425523373081765,-5.577254152930848,-3.3590574920165768,-9.303636694173901,5.1701597735812115,6.155364332169029,6.786463420507552,15.188935679497682,-0.8564756136448572,6.095802307569374,9.225495677958602,-2.018782141419906,9.645901881016014,-12.205300495298768,4.9944253720326515,0.7301508430059549,3.2570596749856815,-4.339495017674811,-19.751433199172034,12.6237313247489,-5.710400993841805,-4.195360763304906,-5.155223037405058,7.2748118639626345,2.4417395197818044,-1.012615313375277,0.26275899500061506,0.46916264635649796,-5.993269596171528,12.423425327868266,-6.704245922475193,-16.014883657978363,4.001424479706758,11.907134088755647,-6.935629710641125,2.2220399492551373,2.5183492455170136,-1.8936275529649222,2.7178423387992705,7.08229866606246,-3.615095527120115,2.19974174997021,-5.614936772372868,-3.0537005308393343,1.5301144036662193,-5.05410149173184,12.873277070086802,9.562624764944188,-1.2863414846992045,6.074714116575137,1.2853662652157158,2.4951845598496654,0.8637008155059025,7.028736489520492,-2.6127827112857016,-10.223257063053962,-7.200663002548878,-5.290424465054059,0.9546923270916983,7.763092803545533,11.630273934691097,4.347517418055547,9.265282412341826,9.064574944597789,-7.419348339427824,-11.136169607649835,5.522565460812223,7.701560249349179,-12.074281281272293,-9.166089485707836,-4.187861487064029,-4.562062425777821,-5.590636357627458,-5.214422411510468,-4.16426079016365,13.94156655291064,5.927307721663135,-4.36949179324508,1.5058219564612934,0.603081484398448,-1.984945111925649,3.3279640781510462,-1.8441033869291168,-3.635646961669419,-2.3285021987461745,6.168644468428294,4.632487931432946,2.1153335640588846,-3.7716288045113795,3.7926643371157738,4.132619255562282,4.812937947226421,0.042542289964637714,2.769332354362603,-10.663728876395373,0.4080317254913006,-4.207574457210398,-2.832426837732415,4.056312102342806,-6.163482367402363,-8.248394409086622,-2.6154897809899262,-2.8110533789196843,0.6379398281743454,3.492046614917271,6.175901116742181
neuralNetworkClass 	class coursework.ExampleEvolutionaryAlgorithm
INITIALISATION 	AUGMENTED
SELECTION 	TOURNAMENT
CROSSOVER 	TWO_POINT
MUTATION 	STANDARD
REPLACEMENT 	TOURNAMENT
ACTIVATION 	RELU
COOLING_RATE 	0.0011
TEMPERATURE 	100000.0
TOURNAMENT_SIZE 	70
maxGene 	3.0
minGene 	-3.0
populationSize 	110
maxEvaluations 	20000
mutateRate 	0.95
mutateChange 	1.6500000000000004
seed 	1646684373006
random 	java.util.Random@3ada9e37
numHidden 	14
numGenes 	129
Training Set Training
Fitness 0.019718719351296935