-4.480744376671819,-12.662977995473513,1.3075200749437332,-7.63225221646673,-7.190785948897512,3.7365181469741895,-0.22606476003993592,9.565320707627496,-18.068710256854132,15.19439572477026,-8.557024574292097,7.546558324881853,-9.63502888414537,13.738441011257303,2.216143366796402,-3.6453316717709203,4.423473129369125,-4.5222132745327865,-11.533997602595841,4.321389512637884,11.848800309522712,10.372478042320532,10.702784856949162,13.156599259506127,5.442929902980383,-16.790631992175214,-1.48824072065519,-7.696939526318564,14.541398573098546,-2.411811292272793,17.758848662589862,27.13729889085991,0.7273797587577793,-7.789683756569451,-13.77745115095791,-1.194972205666943,4.563628297875301,8.538916505513097,-21.341764897105328,3.674457358503899,-6.713526065987201,4.712833754192799,2.936497284919053,-1.5767525069477735,11.060332350846798,-13.152244985444042,3.1201867072776492,-6.105214429751438,6.833010486105861,-2.5031467772391878,-0.3445914048725953,0.2168922587776514,4.1113695955939455,-14.23071148268058,-4.800262738199216,1.4209797711281897,3.8437134929204397,-3.6313878244367626,2.34648047864194,-7.617889533806006,-4.150438565125265,8.26429746693631,-2.3731334939751276,1.1203224240276493,6.929266624280974,2.7982856440594057,4.882570418175699,-1.8889849785200452,4.165233039149244,-2.795385198585911,-0.8009501725370107,-6.052894765134283,2.693285832605511,2.383863644010802,-2.174300693106547,-18.021911137253277,11.82704036840128,0.27532136527081086,-0.66811277304679,1.3210641081497805,0.45992094022611507,3.50846085018733,-8.091521050223845,-2.0538055018305474,2.8487675008544064,-6.758532530435762,0.6725021091064445,2.6840113707201496,5.949772615103867,10.608247475600185,0.2181533791193795,0.6343769541192907,16.48178470539169,16.146508984733117,-10.519604443046042,-8.82314597868127,3.133811159610171,19.918186542205305,-2.1620616866383235,8.089644342351338,1.1128513689454689,9.059643521998218,-5.4695556349271195,-2.6708141081011867,4.044987135676461,4.212767401535443,-3.6433087518262237,6.646081197806895,-2.767909239083476,8.367927486341896,-2.62184502755143,1.153639393770323,-2.9276167091658998,-2.222122252923941,-5.116682149667762,14.24090804361522,-4.577804087003697,18.812386575619854,2.6776666964724454,-9.278027101659687,-8.962385727151473,13.922054367554882,7.038250126299893,14.380203808602955,-6.534873297159189,8.057781236917984,-7.7853474527870326,15.371574706210918,-14.721559460988024
neuralNetworkClass 	class coursework.ExampleEvolutionaryAlgorithm
INITIALISATION 	AUGMENTED
SELECTION 	TOURNAMENT
CROSSOVER 	TWO_POINT
MUTATION 	STANDARD
REPLACEMENT 	TOURNAMENT
ACTIVATION 	RELU
COOLING_RATE 	0.0011
TEMPERATURE 	100000.0
TOURNAMENT_SIZE 	20
maxGene 	3.0
minGene 	-3.0
populationSize 	110
maxEvaluations 	20000
mutateRate 	0.95
mutateChange 	1.6500000000000004
seed 	1646684373006
random 	java.util.Random@3ada9e37
numHidden 	14
numGenes 	129
Training Set Training
Fitness 0.014020826296349143