4.470473478480535,8.414098837874615,13.487551433201492,-4.454440113179969,-0.8009965565624775,-5.01495630763423,-4.447461116762697,-0.06806952555794066,-2.512537369475168,-4.0212498168666215,-3.3277600642318648,-9.901914186948728,-0.9638069595908405,7.85804610369048,-7.7488327943213715,2.364190193493055,-1.1272808954460025,8.743904007246641,4.923418126440651,1.9725461504702162,2.9084269851069164,-14.31117058663275,-3.795359001625198,-3.046777251491048,8.162035343322753,0.30476934546942225,2.64599447373501,-3.350527205650957,-4.377493843113152,-8.00808057820019,1.778172199384426,7.01943217818899,6.501769177956243,1.3269107410014014,-1.9449481267549125,-5.113549287917078,-5.357123357687623,-0.5815291059088867,-8.134487810322012,-7.546233012634486,-0.24806730426819534,4.225761756082639,-1.6215589319916122,0.4800949833102628,6.312381071586695,9.109205805829978,13.61995152250442,-11.168946927475224,2.617965879507754,-1.6542774974693568,-1.3467048240763138,2.2772232738087874,4.225915660991074,5.83990563882938,11.190958690653128,-2.8970108695497094,-2.7153640680199755,2.099780967754722,2.7149026443589612,6.321159434422604,1.7804295494478888,-1.0796050340703482,3.2648962911059343,0.5067437839950175,6.675496961811508,-11.219407250968825,1.1763763320675142,0.6191072466848797,-4.125294814553942,2.357953228703728,7.15825207485522,-3.9749106996010637,0.5113485755302771,0.7039599108485355,5.047555189184449,-2.433469770091267,3.0323553242675985,-2.753906667014304,-2.5881783232393074,-1.015987656847737,2.741132835514332,1.745643175774978,2.3415776212293924,0.26447595026571413,-0.12852340125295791,-0.4103566150854858,-10.715718816226529,4.273736677524375,-0.58129754938341,-0.6675520598602676,-4.5824367685949055,-2.8842172417188143,11.694394910578067,0.37707014771064884,0.1935872751729617,5.57909742139254,0.7489026548811859,5.148519621381672,5.007839926054012,4.036104936574403,0.3209413089980133,-1.8390191451981277,5.454641170895428,0.1552023426357816,3.076401741968529,4.417785922630365,12.078154552777459,-5.4843045193263595,-10.211303848036769,7.8077414677776815,-3.2883444925922127,5.234319660617509,2.19070667576988,3.723485231762053,-10.7306948263334,-1.0821173711553804,2.5936375791404087,-2.072851672287059,9.663660243095043,-1.250071565832454,-9.529194951979887,-2.4742830029401386,1.9186306844582095,2.650178872024208,-7.655365896516473,5.74309142245069,0.7315866679113494,-2.9361302134068517,-6.007133549371863
neuralNetworkClass 	class coursework.ExampleEvolutionaryAlgorithm
INITIALISATION 	RANDOM
SELECTION 	TOURNAMENT
CROSSOVER 	UNIFORM
MUTATION 	STANDARD
REPLACEMENT 	WORST
ACTIVATION 	RELU
COOLING_RATE 	0.0011
TEMPERATURE 	100000.0
TOURNAMENT_SIZE 	90
maxGene 	3.0
minGene 	-3.0
populationSize 	110
maxEvaluations 	20000
mutateRate 	0.95
mutateChange 	1.6500000000000004
seed 	1646684373006
random 	java.util.Random@3ada9e37
numHidden 	14
numGenes 	129
Training Set Training
Fitness 0.02369395020835213