0.27866564295159524,7.775658838484107,-10.740735707577466,-1.9231087223109444,13.210842469949926,-6.059482542158664,-6.977182780248889,-0.6899619890798929,0.9920581299418032,-7.921627108505112,7.8284334485419205,2.9291958145061123,2.6288675835124566,6.222593324731941,-9.713502880680336,-1.318641360286124,-0.8943860494940603,5.260830179674765,10.125672737958311,4.140859279899489,-3.069163743535671,-0.7652735589607147,4.791178261713313,-13.01814085210394,-6.7026095991147,-1.1619835745128304,4.555984727160741,6.000931793747337,6.043674624056688,-4.142268135048451,-1.1412995199067923,-4.0969894259066,9.777959229894885,-8.212788668657353,8.500255895699572,-5.908297420860678,-1.0600716748859949,-3.8389019204563155,0.1373654488459204,1.9702064985831642,-1.0768462224327902,6.571492631800167,-12.8958978812871,-1.1381918333180439,1.7693265876043975,1.8209120453578054,5.923778412742351,-7.750841563846153,10.569684230814437,13.451692789725955,2.6916898446881135,8.859275860792248,0.2711808575201875,0.16295627505992094,5.515132632738858,0.5864479170514247,0.034554278963728535,-8.214755114586936,-4.359530144468156,-5.052057781130001,2.478556584814128,5.12941373039294,7.9278774252798545,-9.342329854602436,1.4192215938832775,10.760356058156004,12.852762217105882,4.28068238268412,7.675154388500291,0.4676179733229495,-9.181295921802764,-11.103391293426675,-8.39056516359142,-0.786055084826824,1.0601293520057293,5.452888895276136,-4.334161187666362,1.689288350208721,0.9937899389206573,3.678877598762683,4.2316881385714735,2.6317820273307397,0.7464735628617198,-5.140363129103535,9.921751831950473,-5.501315264834975,2.692235539239297,-0.5665310574377154,0.877228490253998,5.679269166601393,5.9757994695145875,-15.670027323938358,2.110949816622072,1.3381207620835127,4.4796343817768465,5.955642867369284,1.7045555939616124,-3.4387038188057666,4.010575319060742,-13.238234462653393,8.675498737219113,-4.950726396943061,3.787711995856281,-0.2054016692150551,6.731348319936808,1.5096127279111897,-10.793366501991237,10.430556328273854,-2.584031664804087,5.348726853385894,2.735971250410558,7.739361235635409,-4.123240126593833,-2.153848253990646,5.77054621719907,-7.004155573871543,2.5942612511861727,6.916183999768462,-4.22871709909955,-1.2236718014840084,4.665014778001888,0.4707422944561035,11.015414150629693,4.928247472206162,4.565712687118634,1.543790954101846,4.111357240308591,4.191902557977849,-0.6487523139130271
neuralNetworkClass 	class coursework.ExampleEvolutionaryAlgorithm
INITIALISATION 	RANDOM
SELECTION 	TOURNAMENT
CROSSOVER 	UNIFORM
MUTATION 	STANDARD
REPLACEMENT 	WORST
ACTIVATION 	SWISH
COOLING_RATE 	0.0011
TEMPERATURE 	100000.0
TOURNAMENT_SIZE 	90
maxGene 	3.0
minGene 	-3.0
populationSize 	110
maxEvaluations 	20000
mutateRate 	0.95
mutateChange 	1.6500000000000004
seed 	1646684373006
random 	java.util.Random@3ada9e37
numHidden 	14
numGenes 	129
Training Set Training
Fitness 0.01628954624471025