-5.925587003441446,-3.0102141881071756,10.699708432300609,-0.5679213303987662,-13.595951191588544,-4.567105682416406,6.442488035669578,-4.419209892751583,0.7139060712372283,-12.254889220768389,-12.734129142368914,-8.436529174087898,-5.654400499650583,6.650180166552474,-12.119058061447427,-0.6260553237270754,-9.608599886930445,-4.407797081328478,2.7953622843718273,12.063679363934146,8.778395847733561,0.24444502407303048,2.6197713292525,-6.620983597789248,-11.18969618937347,13.368599352867777,12.922780961318448,-5.7059655980503585,-1.7258939249311727,-0.5293737026540883,5.42199880728443,-9.186111251616804,14.0635911664498,-2.283897721560707,7.512193088468992,-16.89098649327785,17.254314187679206,-6.077700743042724,-0.26711866902496695,2.313622798111579,-4.315595880894214,6.336017152269569,-6.133702757722309,0.7324934283011029,-9.396926638320618,4.635486507303515,11.08286236692802,-13.851945329781234,-2.9563972298973695,-2.6885439670941853,-10.585038920284074,-1.4446343831702464,-12.989999467478343,21.936877207464136,-2.6090115604117687,5.975598699524173,3.736451883897491,-11.623606067760383,5.250314077572895,-4.190799791819646,-8.463898602036648,-10.483857253408706,3.4859755472451264,5.887945282459183,2.650630384620618,-7.288834213216996,-1.7244138345460298,-2.87935216324583,2.8945118550011903,-9.19796395272907,-2.9878834341929483,-13.499661355403687,2.7077520260055543,7.944090607322101,8.384878557007863,7.401265973926963,-3.9616563885968983,2.771963659615614,-4.8627869049696635,-4.407875899228647,2.5705831087854776,-8.16108810852269,-2.3589445691535555,-6.222541251853677,2.6978222712614253,0.7247156290734011,6.229722734424093,-0.847749801297919,1.208147791329794,-5.6022590973443815,15.11894200572918,-14.184785692344139,-4.191094767133352,-10.553956492293208,8.922306003473992,5.284416076742197,13.110904677310286,-8.4908101117328,5.4810189578770165,-6.655668054793059,-4.224434134517095,-7.803228373963416,5.728964027516417,4.176547772645103,-6.601814013869905,-7.378616952313996,14.40279850147031,11.28682219636678,2.157932152690468,-9.296870016452065,6.582951159202695,12.58929555741199,1.0600833028293382,-2.430465486702807,-6.884928322135787,8.444170387347798,-11.271531630059778,4.328997227714717,-9.88734772892317,5.218234824104879,-3.6740297255726713,9.787776729466222,10.080212040465712,4.798149302658573,-10.311615100554983,10.909738995099096,5.522610722049334,-2.4655376178183808,-0.14815182833489438
neuralNetworkClass 	class coursework.ExampleEvolutionaryAlgorithm
INITIALISATION 	RANDOM
SELECTION 	TOURNAMENT
CROSSOVER 	UNIFORM
MUTATION 	STANDARD
REPLACEMENT 	WORST
ACTIVATION 	RELU
COOLING_RATE 	0.0011
TEMPERATURE 	100000.0
TOURNAMENT_SIZE 	90
maxGene 	3.0
minGene 	-3.0
populationSize 	110
maxEvaluations 	20000
mutateRate 	0.95
mutateChange 	1.6500000000000004
seed 	1646684373006
random 	java.util.Random@3ada9e37
numHidden 	14
numGenes 	129
Training Set Training
Fitness 0.009143636061032813