-18.355161875768516,9.269966140012713,1.2695367304922414,6.3954307067416085,17.698807389901752,-8.933406166655477,-3.2494573189515368,24.16443648828693,-1.1265948436604347,7.829948820005329,2.329096852194459,-3.6353392249368035,-3.832784264349659,15.540919456849904,-0.8133514345835646,-0.3079842667807906,8.4089511984413,7.312614755366178,18.57201719371308,10.438783424950396,0.8142586535736678,-7.093647473993159,-3.0514161079402324,-9.96214432859985,0.8159349488960537,-6.650284658246273,-14.34418742465008,11.935483235834665,-18.781958138731085,-3.1163315018370614,11.046430477455935,-7.367865131013174,16.00002394845807,-4.118794961863072,-1.0285545934087796,22.707244678881167,-2.4640407024666295,-10.270999459461613,-2.179244503907542,8.805761023107873,15.660395529271206,16.573361491550926,-14.923420694905959,-9.343685386317185,-5.85088445581187,11.905341856487556,2.6901752367405436,7.938005882683871,-1.3037528058693342,2.3281984495926746,9.66260401398768,-8.46185055496421,28.578078097434734,-8.151624757716455,-10.50804182294989,6.194316984583432,-8.878095143742069,-7.815187953478683,13.15784750375367,2.5222281605412036,-5.088550548780178,6.176060321589989,0.807287099090237,13.083775536660934,2.9474792272081274,5.711166771138954,6.286997408446638,6.289701596094447,2.7568851549397237,10.594276807992113,0.3354802421220615,-1.340818690059029,-17.59442855548358,1.174389117737273,5.204099670035644,2.8237981853279734,-13.029869521311468,0.6806792968309479,4.169750791352968,-8.133863429317824,0.36037572135068885,7.850294773897657,-0.41743662167580275,-0.6765540829762049,-13.840576327187968,9.619506016953814,-6.789557717350705,6.464567350347389,4.960117877784969,-7.829413088847735,4.198110425782229,5.7454370757092725,-2.4764115107424356,-14.694112064937515,1.161172683259922,3.4391082833581645,-10.59497589022088,-6.3370213867378435,-3.174316758508896,-7.291834352959922,9.260038920979742,13.727314344768038,3.077351695425641,14.22085297823254,-21.587053022090316,6.284964725918256,-8.109286589825544,-3.8296032973741223,13.04984390968568,-0.20695919098268867,6.052431203161241,1.1467224253733157,4.08002295171286,-0.5571810066591389,3.3972926089191846,-4.868736076550018,14.11894741984225,4.555962163406399,2.1954541688221045,-12.274806540645978,4.90323530406415,1.6556892840156294,2.6946727540487974,4.3107252125062505,-8.478501996745557,4.240547029232579,8.68301302693163,14.110489185491483,-3.5989139777652355
neuralNetworkClass 	class coursework.ExampleEvolutionaryAlgorithm
INITIALISATION 	AUGMENTED
SELECTION 	TOURNAMENT
CROSSOVER 	TWO_POINT
MUTATION 	STANDARD
REPLACEMENT 	TOURNAMENT
ACTIVATION 	RELU
COOLING_RATE 	0.0011
TEMPERATURE 	100000.0
TOURNAMENT_SIZE 	10
maxGene 	3.0
minGene 	-3.0
populationSize 	110
maxEvaluations 	20000
mutateRate 	0.95
mutateChange 	1.6500000000000004
seed 	1646684373006
random 	java.util.Random@3ada9e37
numHidden 	14
numGenes 	129
Training Set Training
Fitness 0.015298979902040856