0.2552815681202203,6.362266998431583,-2.3739005792518615,3.5749993440806147,12.740765487050489,21.95239133377995,0.3049056627327147,2.6693430498714736,-10.494688912184946,-2.7221287632683477,1.301469521482871,-4.427343215448906,7.949768251588482,-8.558710747685483,-1.488986635593708,-7.239060333117147,1.6479087362878304,-9.545263909618285,-4.4033911334547415,13.663466425436956,14.044987477149188,-15.469646192193863,-1.0367693330680225,-23.208708174493616,-1.6031389935174225,9.406564335505152,8.879197603733143,-5.497052941035191,11.024163261328443,1.15117863147211,4.739617883103259,-7.539170872680414,4.0181472294524,5.004073187960033,-16.427685564726715,-10.40297463310918,-7.815589623799996,-2.218901619716388,-2.01993435949867,8.360040147978488,-1.4021678498462724,-13.842627213228324,-14.856143734162094,3.654135011037452,10.11666049148923,-0.06790196583171948,-14.069806427011116,22.460719799559058,7.615792593928112,-13.551484155312599,-15.448598812535826,2.746471467554694,7.39890820602017,6.2016120511378325,7.771163555877687,5.565590672009247,0.5862170162307825,3.76265596480581,-0.0215453052405854,3.053838745989742,-4.700801426415747,-1.1663492436415845,-3.678658645641896,-9.960264644662505,0.37581514119171366,-4.783748838892073,-12.051986765326618,-7.286472535341469,3.3492929376606373,3.438691631754045,0.0957483555367471,1.5972785546549781,-13.889325619495288,-11.769248085314667,2.1993867276562113,6.299659574036996,0.8499510740607716,6.270771675166687,1.4592379242225402,-7.433244670854824,12.43270233929397,9.050208738870667,-2.9357859696271458,6.655439870217634,3.0687672158865533,-3.0897788668310806,-5.840665478767805,1.3586031494909,12.666591161680419,-1.6987611020100122,11.677610339287172,0.10174856196918647,-8.608502621270748,-3.7995276821388497,9.57467446059339,19.90821566945438,3.858241011040686,-17.956210288365902,-9.589615337289512,7.795514899334567,-5.262185378274513,8.937385108150284,-19.635016014275067,-7.1320037809352055,10.045582684511789,-23.88886633647666,18.908263633715187,-11.338690698747927,-3.8475681471319367,4.609523695208056,-5.741467129579982,-9.578153811803466,-11.477266070178114,9.337535563182394,10.624059210362907,-7.080410524916632,-3.567473108061778,-0.96217816363197,-9.886998406003533,12.945529303125799,0.05842888285508252,9.422027918272878,9.928719441374382,-9.814960201624132,11.802410070009358,-3.136922251428482,6.985698910632065,-12.663654063331261,2.1296567586523256
neuralNetworkClass 	class coursework.ExampleEvolutionaryAlgorithm
INITIALISATION 	RANDOM
SELECTION 	TOURNAMENT
CROSSOVER 	UNIFORM
MUTATION 	STANDARD
REPLACEMENT 	TOURNAMENT
ACTIVATION 	RELU
COOLING_RATE 	0.0011
TEMPERATURE 	100000.0
TOURNAMENT_SIZE 	90
maxGene 	3.0
minGene 	-3.0
populationSize 	110
maxEvaluations 	20000
mutateRate 	0.95
mutateChange 	1.6500000000000004
seed 	1646684373006
random 	java.util.Random@3ada9e37
numHidden 	14
numGenes 	129
Training Set Training
Fitness 0.010661357893343703