-15.901175849018532,9.452887102104548,-7.383269513540634,-1.1286479483912948,6.629928270720656,-6.281418380147079,7.337088501993344,16.065574521218068,-7.935009310260169,-2.8428115485769565,-10.895801735620521,-5.830232204701534,1.6004776381948655,16.187756211889266,8.552861748462764,11.199271794865691,-5.539844371820548,-3.9458535919689197,-3.1544694036651393,0.9885166227953648,-10.843932357465386,-4.547992694295048,1.1318691484781551,-0.4500945303157833,10.937584621711103,-5.2747111182190265,-2.06345378389421,4.615393172602712,-11.478365377320678,-7.098132438428913,-8.126366039378958,5.234037131194219,4.792134448681893,-2.695355453612626,-4.100338535158275,-2.1656521778423246,0.9890716467704284,8.328780911557288,2.0185430208026016,11.383311439867487,11.527603445364221,7.317525574051821,3.8402733336892414,2.4345025921536276,-1.7050337582906399,2.4483946052922567,-6.578545981009039,-11.944244854750615,-9.532095556870921,-4.841749169573426,16.179386519777367,4.8624040482189965,1.3757563867313163,5.140135618509527,-9.427359815363328,-0.5948434667089941,4.104250172432618,-0.41350283841650803,-8.170326338885623,15.122202133607335,3.6924905446720007,0.33275870959206433,10.233262630409792,-3.486786195313268,19.920534951515606,-9.278033662401608,-4.06784429687238,-2.321559776780668,4.067379851537456,-2.5844466577257172,3.7025554406097063,1.3391395632603293,-8.86089616856124,-14.132945743763417,-2.6793105386634437,-8.68385471209195,0.12432926623427232,-6.54510185447684,0.533912904495101,0.04140906282895607,5.829093507092013,1.3872110889370894,3.8814508081056998,-0.23709417132731758,-1.3743637965983897,7.795848295914157,5.0170651878891,2.8763386316289132,-7.380464772972731,9.178679732540434,0.12460014563626753,8.577623653372672,-3.902956146466291,5.5284457005176915,-1.2064690060591756,10.578184113203337,5.15940477171222,-7.846701835582793,-2.5646819880021727,-0.8393704751478177,8.833336148712391,15.29843767853628,7.272532657032302,9.175443373550927,-17.58319031164884,3.720056864238348,-5.978601221240104,-2.9101535267709906,-1.7233383771583002,-6.5079070084720865,11.11456458999647,6.14805445687186,0.20949755546933613,-1.1569051116124411,-4.575411545818108,-6.3123079023610345,-3.9902240589763274,-0.07519921365456383,12.34979896401339,10.280173573820347,1.3588775664705173,-2.6941751785162733,-3.5871437954496974,-4.626594159339449,-15.59361282697998,-4.136856955936774,-9.501481486829764,2.013221420059655,2.4597384454051063
neuralNetworkClass 	class coursework.ExampleEvolutionaryAlgorithm
INITIALISATION 	RANDOM
SELECTION 	TOURNAMENT
CROSSOVER 	UNIFORM
MUTATION 	STANDARD
REPLACEMENT 	WORST
ACTIVATION 	RELU
COOLING_RATE 	0.0011
TEMPERATURE 	100000.0
TOURNAMENT_SIZE 	90
maxGene 	3.0
minGene 	-3.0
populationSize 	110
maxEvaluations 	20000
mutateRate 	0.95
mutateChange 	1.6500000000000004
seed 	1646684373006
random 	java.util.Random@3ada9e37
numHidden 	14
numGenes 	129
Training Set Training
Fitness 0.04449803123536812