-4.044862354506008,11.79329114806254,9.109693236783038,4.300521693531687,0.3301806680548651,1.9140912665152428,9.753121782750805,-3.0056206012302242,4.467778176154199,-3.8309299953137312,-7.473566144989929,0.4670509916800487,-6.100602299143246,7.914866387436756,-8.38327597427547,-10.072989182113671,3.987443570874773,0.5966482968635232,-4.686211404032451,1.31118411365222,-3.199764728075108,0.814625431928846,2.0416400620960715,3.896696679953174,0.8265693366415565,1.2818399289657192,0.47007802699107337,14.137881683150994,-5.777568688960999,1.2864057454175066,-1.966937039343775,-3.5694197306911883,5.8976578961270345,-2.229022028775044,-1.5103794162062671,-6.375865586571367,-3.5719164219308244,-6.670657362254724,-1.115506391686071,7.082331100223341,7.568942010109168,5.09462482305886,-5.075261883564072,-13.63708917259439,4.873023567674498,4.180726577464941,-0.3900520574124835,7.041120473640575,-3.017670976058719,-5.411789768772606,1.9877752447838635,13.696143243921332,-5.385310191285079,-11.552042795820183,5.75289803107988,-6.164897645012997,10.607062392081342,-7.149463228780465,-5.883428178275841,-4.102309764056956,12.854937336484987,-0.92866644501294,-2.704614989020122,-1.5846599300729363,-6.447461254819986,6.20108813108499,7.826824516696078,7.567210033818133,5.891221926369028,3.6286158107114783,8.890738973554143,5.506113525843325,-6.786282554525802,0.9470790461496463,-10.800224478592288,7.4958871474128035,-0.7504055187814886,15.567296840399209,-1.0816541816716638,-0.39245285700317734,-4.852438792090195,-2.128816300955047,-5.121333866266422,6.964945294414527,-2.2020539166990583,2.300522291927006,-2.7911032569326535,13.186493247849507,5.853943257525496,-21.849119684097246,7.6223923722936995,-7.162114175899139,-8.412061925059188,-6.547405577343859,-9.36144054451972,-2.6583895580482206,2.684460986329147,5.320349980139866,-5.6601997563988204,3.15739084822921,-0.875942455408353,-1.0600006432402331,-2.9344928249088786,-11.371425842431215,-0.24740882213255055,-7.714134169938002,1.3530579483889031,4.457825038042594,-0.7917668363951593,-4.676106366295004,6.107243214799885,10.581356097128898,17.618626986237757,-4.0943883995155455,5.1385435877753505,11.404276953074895,7.058450543440337,2.0949884381176247,-2.6928396154775607,-13.484489740593705,-1.077168932809661,2.544866255744507,0.7436835548165552,6.469075067744709,-11.500195572130554,8.401769208353468,-8.311230614548272,-1.8255958282288862,-7.509754996633193
neuralNetworkClass 	class coursework.ExampleEvolutionaryAlgorithm
INITIALISATION 	AUGMENTED
SELECTION 	TOURNAMENT
CROSSOVER 	ARITHMETIC
MUTATION 	STANDARD
REPLACEMENT 	TOURNAMENT
ACTIVATION 	RELU
COOLING_RATE 	0.0011
TEMPERATURE 	100000.0
TOURNAMENT_SIZE 	90
maxGene 	3.0
minGene 	-3.0
populationSize 	110
maxEvaluations 	20000
mutateRate 	0.95
mutateChange 	1.6500000000000004
seed 	1646684373006
random 	java.util.Random@3ada9e37
numHidden 	14
numGenes 	129
Training Set Training
Fitness 0.022830757425678656