0.041082761339266916,0.5695936625569499,0.7438680994044634,-0.6374839366935643,0.0019478041715249583,-0.7151870721214979,-0.6624147272866125,0.8055156679181089,-0.48997439656268305,0.6781446505425882,-0.7145052541077512,-0.796577536134835,0.12600342060097558,-0.45637109255321184,0.44182070853369304,-0.34480996325181157,0.37460422603082477,0.8576687660348307,0.528833523435832,0.06810583606061538,-0.20121568901088538,0.09065912030744172,0.5034456052813084,-0.9900247866007058,-0.0945955590254901,-0.7037865362587565,-0.7790492901849903,0.4498954765512352,-0.7971242114259632,0.3117889388605176,-0.023709227798132337,0.10911627865929374,-0.8808291885577332,0.1330272883182383,-0.0026262998258550496,-0.9717514236600467,-0.511018641733771,0.06514382441796729,-0.22839283527848764,0.6543503583821834,0.511696228177012,-0.3917875052208921,0.20595299789106136,0.261182026393051,0.6072614254864482,0.19921112080311454,0.05244826745700781,-0.16180914048051642,0.43487596826685115,0.9122062968888481,-0.22472017081310414,-0.2814506226704794,0.48986864749027925,0.009072112959660372,-0.9078613176645786,0.16383749234779954,-0.8430106189607952,0.8366544664887291,-0.20827768068506125,-0.11727521446096523,-0.12625829541052158,-0.01769323406372547,-0.8891069445204293,0.03327460042938146,0.1452716974640148,-0.17176163826254687,-0.05085822509208304,-0.35674343960237587,-0.4472793231600747,0.6861343121214768,0.5046459672919971,-0.4198790468581348,0.6098385265123892,-0.4529811759102049,-0.4646473787306489,-0.7879467374737216,-0.6519539132716496,-0.8526488366782846,0.38015693429483244,0.7237925537385571,-0.15197501648116396,0.530859228993629,-0.8806122670964623,0.6856642674069885,0.5863041228754075,0.5766294198654672,-0.18954791406853522,0.9215416028742817,0.4282027739526656,-0.9325099278562167,0.6036318865059233,0.9812177294002881,0.37388083544415485,-0.21126175691218418,0.7246651002654515,0.5949340199243397,-0.2478628968590868,0.8757777488026574,-0.19511383750680777,0.372578054193902,0.45698756495178017,-0.8297494859878577,-0.15365977161871225,0.7073276934561222,0.034946094598420685,-0.3022404048983325,0.22842532394025128,0.3532858594300491,-0.04367988794843747,0.5462973277054449,-0.40574011288565526,-0.531085496069142,-0.7582745333240534,-0.5969914806143028,-0.8008893735255912,-0.9471574833601565,-0.23458583669734723,0.7979329696413467,0.3598586813391108,-0.3541118441154121,0.019900390222716502,0.7068888901832716,0.013621294987986698,0.932901851900987,0.9017596444074362,-0.41832744898172924,-0.9247125767721801,0.4503005497414606,0.16636776871260894
neuralNetworkClass 	class coursework.ExampleEvolutionaryAlgorithm
INITIALISATION 	RANDOM
SELECTION 	TOURNAMENT
CROSSOVER 	UNIFORM
MUTATION 	STANDARD
REPLACEMENT 	WORST
ACTIVATION 	TANH
COOLING_RATE 	7.0E-4
TEMPERATURE 	100000.0
TOURNAMENT_SIZE 	90
maxGene 	0.9999999999999999
minGene 	-0.9999999999999999
populationSize 	110
maxEvaluations 	20000
mutateRate 	0.95
mutateChange 	1.6500000000000004
seed 	1646684373006
random 	java.util.Random@3ada9e37
numHidden 	14
numGenes 	129
Training Set Training
Fitness 0.11739259197172433