-1.266258852031645,-8.94501252226562,5.2335498666783264,3.1140972747356557,0.8523323321195884,12.014052964574821,-7.181078295143031,12.700752471609562,-14.042477346086558,2.8656308779190898,-16.825414554662316,11.446611768366012,17.56413756827935,4.865200116217608,12.982758163753386,3.9791038417362197,-5.723945789445244,1.267814741501244,0.3253607706238153,3.9662778976741944,0.1598618448068425,3.559430117682858,13.952742228351598,17.12995996402332,-1.4922189660151552,-0.30164135179310403,-1.060335136572614,-2.402279895655367,2.5013915260940944,-12.869419667880546,4.5418593309794435,-1.9887834269140328,0.7220600312670751,14.155461271774376,-4.299940244969712,10.556674705828014,10.82939998555745,-7.239757204637966,1.6384055640559314,-11.033145581540843,7.067964048878343,-2.3749646054395033,15.989920660914361,-8.77474312384268,-11.56354317951923,7.280264406586969,2.867306475873204,7.103063171881324,2.954759824232185,-18.99700779575734,18.338232057125403,15.833002133944701,12.496581064452855,5.25285011558915,0.4069656381826414,2.4824397836887107,3.5971895689315883,-9.090325677169913,-12.508699512347814,-10.515533316874617,-11.223445207097486,0.3151803542788132,-7.441665158820005,1.5197446428122579,-1.7134299499194654,-4.701260170764911,9.644781887804884,14.163359303415138,-0.5531008416052465,-11.96255124340311,-2.818794559551124,3.929709384946646,12.252457156246956,-4.310919458027854,-7.353897827910965,3.8927140814243293,14.8328357025364,5.4372238681996325,4.355110023012822,4.586179840469713,-2.428938199988645,-2.1341686152339747,3.693060360064278,2.3772254961787826,-2.6093106442504084,6.198237654914031,7.749603215198947,-0.9810245228953445,-2.3638423023595863,-4.124397578659606,-3.5946565753303084,2.238596347621961,-10.424169503544777,-9.332355317152562,-0.4267991029341456,4.378217168397404,-5.841882383594912,7.078619234040493,3.044559571822555,16.496699706358925,-15.938835487310818,11.948395146625606,-1.6295283007437895,14.324291158812676,1.7141910902037552,-5.502522802196292,-18.130984976284928,-8.59223350200297,6.131893718180539,1.474481418452271,6.090933784324735,-13.635418634320308,-5.523961141240392,17.41036572351734,2.98616964630005,12.72465965628044,-12.72333174726975,0.8964019202549327,21.896276874937513,3.299833799799657,5.808270266075784,-3.708024715940038,0.5526104504552629,-11.249354490999085,2.4186594028043364,3.74041630680456,0.2867139503625289,-10.198195649648962,-2.105148822923982
neuralNetworkClass 	class coursework.ExampleEvolutionaryAlgorithm
INITIALISATION 	AUGMENTED
SELECTION 	TOURNAMENT
CROSSOVER 	TWO_POINT
MUTATION 	STANDARD
REPLACEMENT 	TOURNAMENT
ACTIVATION 	RELU
COOLING_RATE 	0.0011
TEMPERATURE 	100000.0
TOURNAMENT_SIZE 	20
maxGene 	3.0
minGene 	-3.0
populationSize 	110
maxEvaluations 	20000
mutateRate 	0.95
mutateChange 	1.6500000000000004
seed 	1646684373006
random 	java.util.Random@3ada9e37
numHidden 	14
numGenes 	129
Training Set Training
Fitness 0.006361235301072106