0.14847124556706603,-0.7050762036251648,0.7203443087945676,-2.5208234985870206,-10.502106472904767,9.79083363951997,2.607297915340633,3.696789505665791,-4.24162338673418,-10.018248470292619,5.066361764841663,-3.6471423649397128,-6.69344635894819,11.964624346757278,-2.612342206219566,-2.983148031720612,-11.356536200417981,-0.8280311382183694,11.166863577362745,-2.455616906364156,4.631344451774476,7.297181509106606,-13.719390249092587,7.386674803687933,4.46570622284241,-0.6502123004339211,1.7510489767572457,6.59133589832957,2.957361772537091,-4.412726061317072,5.203367746966743,-15.353262535646353,-0.22709320581730097,-0.027901137970023804,-5.724908421495824,6.05550589156941,-9.181519826800413,-8.333067548481914,-1.1463878750085108,-2.531655083596309,0.050457402764232384,9.458125733261529,7.048441307690197,-0.9823969060723616,10.258060781388597,-0.21313280670032775,-0.5527213406164098,-1.8892933539480055,14.486697344786647,7.119433643949373,-5.189946931621034,14.126780216517277,2.057163296616766,-13.447601947030543,-17.477319758466486,0.45548129159448614,2.484682793615965,11.72560909858542,9.112354845599738,-5.274722229903462,2.36307600221679,-2.294789785996736,-6.8312259421052275,-0.7609000266082813,11.403180071449222,2.5509198439538245,10.420767428544098,-2.4314965983918766,1.8009751534283733,14.99624696024947,-7.514612995829584,5.353179822180602,6.009694536712868,-4.002731042508974,-7.76341178076852,-6.139141651971803,-2.4484727566078988,0.24505329116536423,13.083211520475345,-1.266658491713767,-14.021651124203741,-1.1112443948894706,-15.998947835401431,-5.122376482579561,11.577245570091998,4.530881941787958,-11.418615811199755,-1.593257891837263,-2.5845780870370554,-1.7168454705097584,-5.711618334674506,4.7932176549363295,-6.319585170481943,0.5108744533075118,5.260460335623453,-5.681363410706562,3.2953611458956216,-11.404372887868822,-0.654361575151782,-12.213860030453422,-1.8746048866128469,3.9606302753884606,-3.021403808765056,-8.791720228580068,-2.4599181656488565,13.979976353307404,-12.312810684612549,6.790910021971635,-3.141881633858736,1.7824756967398168,-2.0912482854916448,-1.0955179101661052,3.1243641655502294,10.812758121477634,8.251599328751595,12.917316996276316,0.6055899759624879,-11.62325416160059,2.8547265138537634,-4.088869294223253,-11.609838035471913,5.425561716633062,0.4287634652265364,8.45729108109082,-7.361792592865617,3.8213916105422525,2.353841213127824,-2.84701078482472,0.4026346369834801
neuralNetworkClass 	class coursework.ExampleEvolutionaryAlgorithm
INITIALISATION 	RANDOM
SELECTION 	TOURNAMENT
CROSSOVER 	UNIFORM
MUTATION 	STANDARD
REPLACEMENT 	WORST
ACTIVATION 	TANH
COOLING_RATE 	0.0011
TEMPERATURE 	100000.0
TOURNAMENT_SIZE 	90
maxGene 	0.9999999999999999
minGene 	-0.9999999999999999
populationSize 	110
maxEvaluations 	20000
mutateRate 	0.95
mutateChange 	1.6500000000000004
seed 	1646684373006
random 	java.util.Random@3ada9e37
numHidden 	14
numGenes 	129
Training Set Training
Fitness 0.013146657418259261