-13.477192278712689,-6.6828927038400945,1.8184166644912096,-1.914585547257512,-3.341328426755765,4.910371723280131,0.036930132165192475,10.137316846728238,3.075910054033227,-1.8994278023817701,11.343536227344769,-13.460401295498666,13.039305578083894,6.375572209127359,4.838025763333739,6.820722815844293,3.1779481648674546,10.12992270481132,-3.4776377556778284,-3.3424527119417657,-9.74411145980397,4.817997537815048,18.369120876379533,-3.022237165479167,-3.320085724696339,1.8397031420859746,8.05036283060204,5.172391530908927,3.421102714634051,6.441813131663402,-3.093373767974504,-1.9307315034135613,8.056297352939659,-3.2353422375493626,-5.062917572633124,-4.738016794341149,-0.2911044083623002,-5.04567151383146,1.5370233342625976,-13.323938950453021,12.935328973887305,-13.255263019391235,1.8977126920973868,-16.714778992918575,-19.63564171436679,-1.5582020115089605,-13.483748429216602,-1.7846501200074227,-9.849201116756467,-4.886314917473762,4.88947533302002,3.2923880577116424,1.803533057641638,-6.493462251990655,1.9360165678125982,10.052626516411427,16.689659165128738,10.164178375864955,8.35453578191152,-0.010030338324225951,-3.547631205667617,5.233327118285651,-4.766261282759379,1.5645230036605202,1.409635801943402,9.832482220349013,3.5311662977155613,0.24041955415748317,0.02404324237178379,3.4530635383826978,12.932860621624943,-16.341896574887983,5.201066163330583,-4.904404093133984,1.4448773638827035,-10.172656200854163,1.533870646960108,1.8716396366296841,-13.29976783090402,10.00205725238162,-0.08281847811039356,-4.8261458761168035,1.3912361194103138,13.46657081979394,-1.7489864291448267,5.082011211364684,8.457291943499122,6.875263285246721,-6.352947091859134,-13.368046310591742,5.172090530031483,1.5935764324018393,-8.21378228288055,3.0274248931709327,-1.4182361438466873,0.1381929913008122,1.6554195135459633,-14.72862570845497,-13.0530819202373,-5.092267358956395,5.014788411189484,0.08377417913036922,3.1365875838583754,-13.41737809486616,-8.486382005684026,0.1571620365732107,5.01101771161109,-1.7461511283726994,3.484027543152737,-1.7209472893330515,3.3128016950611237,-0.1848821168260235,-3.504168298472008,6.822044623598161,13.012263775299182,0.27147446052219415,-4.895650298173338,-6.782126572611379,6.373098178452519,10.179775039383381,0.16487847191455707,-18.209153336931827,18.168140751041193,0.2924311346565478,11.623296288114016,0.17902235674179146,-6.317233025725942,10.125661921014984,-3.328244330429964
neuralNetworkClass 	class coursework.ExampleEvolutionaryAlgorithm
INITIALISATION 	RANDOM
SELECTION 	TOURNAMENT
CROSSOVER 	UNIFORM
MUTATION 	STANDARD
REPLACEMENT 	WORST
ACTIVATION 	TANH
COOLING_RATE 	0.0011
TEMPERATURE 	100000.0
TOURNAMENT_SIZE 	90
maxGene 	0.30000000000000004
minGene 	-0.30000000000000004
populationSize 	110
maxEvaluations 	20000
mutateRate 	0.95
mutateChange 	1.6500000000000004
seed 	1646684373006
random 	java.util.Random@3ada9e37
numHidden 	14
numGenes 	129
Training Set Training
Fitness 0.03695093449242813