4.349079408198483,6.665722645717198,-15.614332546729525,12.534083131686081,-1.0159963580387075,2.1164856359503936,7.930989122848386,3.6718384864356404,-1.8083861054191654,12.547474714350535,0.2184757940490325,-7.559120323085764,-7.951353649285872,10.476874527861666,-11.913614889943496,4.126439400652259,-6.994553839638641,-1.95450663705922,9.301764217661754,-7.026001101437084,-4.5193897016619164,-14.076342032899603,-3.247624084857824,9.739600695755035,-6.149841610179479,-8.221950845473742,-18.32373290167199,-7.800254601714732,4.6982868359431595,-9.11764755408265,-0.6354897824117316,5.394367463951134,-2.5030002116551504,0.2565138119120327,-21.100165932332402,8.652132151997247,6.247351754286984,10.186744620680182,-11.690304660457421,0.527698161844258,-0.49408416738815575,13.658581040194004,-4.383692621751704,-11.330784314117796,21.345185147033433,2.850156218484857,-1.782898144630611,3.6402653520128965,0.03674778515815191,0.788063245326942,-5.697226638380377,-5.13050749072926,-20.95606305550259,9.251193704642928,-6.283564285373395,13.5528960777508,5.667228723570381,-9.006740923670845,-8.016576518976724,9.206608224184748,7.281347574384332,7.1111721559048515,-14.68040494924078,9.256474387841918,0.21762680060171835,8.137980563559676,-3.4234153262437363,9.922762538348474,-2.4824125167989646,4.367902831867749,4.849737854778692,16.687479011105836,-5.372602236462026,3.171837927990084,-4.147402818904328,-6.772090911556381,-6.148703904832343,-7.699471852085431,-15.201255950674412,9.922932931293827,0.6320467775100393,12.9194999669377,2.583149876736636,8.268000706766234,-6.576878518196219,-2.289903730954494,-17.095352475804305,-7.181239913262239,2.9677453493536667,-0.8988863996099745,-2.467877402391081,-6.944764672532813,8.74935618208908,-13.229397463568665,0.19573477320497545,-1.4333856721352767,4.487258644922594,6.827310140215053,19.346863502059982,7.916036401569309,-22.569320865263066,-13.353726095202719,-2.7341492728427212,10.0263944614677,3.6254694706663537,-4.459940429253408,3.244506904857288,2.3510350556902395,-14.073092499327654,2.2109634611028985,15.989368639309886,4.938354639075353,-9.136610482791482,-4.831378013951027,-12.832660631069729,13.39790633642274,-23.47313254655296,1.1620117143522144,2.350661645969491,22.906397931241926,-9.113198932646679,-0.06293755156141678,-20.43335933515491,15.316903721883772,2.7395784590738055,-8.596140381647709,9.12340607511431,-8.06172036732056,6.011179960243114
neuralNetworkClass 	class coursework.ExampleEvolutionaryAlgorithm
INITIALISATION 	RANDOM
SELECTION 	TOURNAMENT
CROSSOVER 	UNIFORM
MUTATION 	STANDARD
REPLACEMENT 	TOURNAMENT
ACTIVATION 	RELU
COOLING_RATE 	0.0011
TEMPERATURE 	100000.0
TOURNAMENT_SIZE 	90
maxGene 	3.0
minGene 	-3.0
populationSize 	110
maxEvaluations 	20000
mutateRate 	0.95
mutateChange 	1.6500000000000004
seed 	1646684373006
random 	java.util.Random@3ada9e37
numHidden 	14
numGenes 	129
Training Set Training
Fitness 0.021689954711592952