-1.2199571566480643,-17.264289944540117,-12.425235653873617,-0.8949959511965444,4.4568300272183805,2.514449080543123,-8.316992396398962,-4.259504579494241,-0.02934741735733759,-5.707512159370216,8.592111355043997,3.1378952966260325,8.910237609403907,7.257301356121422,0.23648339656255057,10.67335487770712,1.3587350118193369,-5.387834624990553,-2.905869316773451,13.25503649147888,-7.3934908811822595,-2.858663611568545,1.1166220632599853,-0.8981916499569493,-3.5527045523347685,-2.1584115557278167,-9.09943346171879,-3.3967687923067125,9.31845140196659,5.715505660653621,-13.063864861979729,-4.689272298403306,3.6925152574382167,-10.747213470383052,-3.141597214059333,-4.965565467698924,-9.238725851897591,-0.20582285177317416,14.455007766202293,11.082343855792898,6.575021231987906,11.378509965900662,12.048869219812287,6.87795529414738,-5.291327955316791,-4.633316702355117,-1.622565045514751,3.4297638005245785,-18.927109964797467,1.0672748124735945,6.430165176241848,4.200522157602878,-8.477640786424505,-7.29315356166409,-9.416306654221538,6.086322712146732,-1.6651773864159782,4.293850747993473,5.989339652861016,1.9151558044271129,3.9934934604783194,1.1184147596054927,5.37038719675904,0.6117085603858525,1.101927048380099,5.061131346158994,1.4767634460536527,12.749780240768736,-2.1055724652273957,7.802350858265796,-7.9274931886389055,-5.574203689656464,5.626547908019365,-2.0706756764839778,-1.0533687410839416,-0.8634850388839936,-4.010774665392924,2.4319075535532635,-1.859265512759027,-5.118869888177823,-13.313421338971683,4.158397405888103,-3.7230671734785012,2.9825808720729494,16.451379941500043,-9.028571093059895,2.0474384190126536,-16.31500998899383,-2.8063055527830043,3.5497200420899953,-9.907671985069348,0.8337621101058357,0.03717083812302757,8.024815747901,3.89478957057441,1.2319813512091944,4.093943957782985,8.322834957447057,-3.236635103945103,-10.758641958056632,2.7131000098651454,11.449589754037127,-1.1015591572661823,4.908084068273153,-10.640862680210939,-3.7366988384128756,11.15547901816832,-9.056436307427775,5.6858403052339535,-0.577502244096336,11.82020448722529,7.377099197963238,-5.13253336539945,1.6275422689172796,1.8512097002280736,3.6722172257491597,-1.4168622326514564,9.892589554983585,-1.8768330407832154,-2.639568634433397,9.871798077394345,-13.459359997183716,-5.380928653718417,4.1458504420937015,-7.315896855576488,12.307710791043387,-6.677323153524439,-13.228857973059515,-6.045928105598687
neuralNetworkClass 	class coursework.ExampleEvolutionaryAlgorithm
INITIALISATION 	AUGMENTED
SELECTION 	TOURNAMENT
CROSSOVER 	TWO_POINT
MUTATION 	STANDARD
REPLACEMENT 	TOURNAMENT
ACTIVATION 	RELU
COOLING_RATE 	0.0011
TEMPERATURE 	100000.0
TOURNAMENT_SIZE 	90
maxGene 	3.0
minGene 	-3.0
populationSize 	110
maxEvaluations 	20000
mutateRate 	0.95
mutateChange 	1.6500000000000004
seed 	1646684373006
random 	java.util.Random@3ada9e37
numHidden 	14
numGenes 	129
Training Set Training
Fitness 0.019193260052679455