5.496335966787489,0.06716499482600469,-11.811311981557989,-8.939561211194368,-8.335222493425965,-7.746648966039222,-7.2533607650955165,14.399373016493795,-2.1694356888222615,-2.4560884387999344,7.018870951088118,1.8984721680718968,-1.9285297349487465,5.112842992846916,-15.11307903593953,1.1947674797791308,-14.274089307482322,-11.437272545939834,-8.165458529362185,11.640638922576862,-6.966065278045858,-4.7514372521158,14.045989328717782,4.333051155997487,-23.77847088091135,4.563440599039556,-11.42911574887669,-3.681116068295407,-6.5894875612753125,1.2202762602262496,14.10490464710941,7.099749324993608,1.3963563827523071,-7.198749946827335,9.28313344686082,20.359388004327776,-2.8997414327644613,0.3795633330922126,0.27397733666796054,-6.916679983084299,-5.637924238146668,-4.588039396303883,-5.822444648226687,-4.021738380740085,-4.335696465190887,-9.428303715362098,4.779566855089957,-1.8538358016470768,1.465495779602155,3.2077334139655003,4.735982912107339,8.835003918322577,-22.828795505317473,-11.171196227223213,-2.3541398771195574,14.952522231351741,18.59567511729096,1.5405647168529848,-3.769322480657898,2.424822266401481,7.4594403214652,8.666957853031477,3.3702903393375117,2.7579462761280897,5.005075351756779,-8.241847539274486,11.829191670083762,12.214234605508544,-7.131044748364742,3.6520813376841446,4.048457392608489,-0.3080442806778141,-0.9802328572135002,0.6285125245114651,0.048257948837870046,6.2076249919175,5.258311007603876,9.910742139223323,1.0079322078210282,-5.476778446006313,3.356855738612037,-12.573616808067264,-0.6316750953186085,0.22985938098124414,3.637067843854455,12.043139844956261,-0.2496496709846543,4.197197083598816,6.401694027720906,1.686971853039962,11.114713988771166,-0.6406977102371467,2.6851694457011215,-6.693339047858769,9.472914076366111,-7.439321458442361,1.4434009150098692,-0.39847287384965036,-4.230837483428385,-8.257261252841303,2.5367813361575315,-0.9447989842900428,-12.39564169566802,4.547664322950469,-2.0349635636605194,20.050668443941078,-11.246922983269597,13.269675620680214,-0.9353873054560546,-5.42228761279963,0.5837542353835925,2.256688617772623,4.839471403835834,10.891037365105534,0.41258152711406204,-3.7889159011800633,-20.202325852482836,1.0741839427166475,-0.9469867476716818,-1.0082903622642014,-0.8798652753453249,-1.2735573708725738,1.7582120819215685,-0.5078366584537513,11.542726444198035,-6.406725727158559,-4.414353028726056,6.853797162978564,-11.548524812840041
neuralNetworkClass 	class coursework.ExampleEvolutionaryAlgorithm
INITIALISATION 	AUGMENTED
SELECTION 	ROUTE_RANK
CROSSOVER 	TWO_POINT
MUTATION 	STANDARD
REPLACEMENT 	TOURNAMENT
ACTIVATION 	RELU
COOLING_RATE 	0.0011
TEMPERATURE 	100000.0
TOURNAMENT_SIZE 	10
maxGene 	3.0
minGene 	-3.0
populationSize 	110
maxEvaluations 	20000
mutateRate 	0.95
mutateChange 	1.6500000000000004
seed 	1646684373006
random 	java.util.Random@3ada9e37
numHidden 	14
numGenes 	129
Training Set Training
Fitness 0.03952801049273965