6.004697139330972,11.507735139458335,0.7030442619644832,14.705641822552955,-2.8281899682498626,-2.077184781285867,-0.35584779696289637,-9.86333863380448,1.9129869119605392,5.211495315915801,6.521808498480369,1.6517458956016835,-0.9934125110855536,-2.5067907338533297,8.048976620511763,-3.909357577670816,-3.5591972070198405,0.7455315063534371,-6.528087190706572,16.13648309484735,-4.223455798609377,4.376942985382798,-10.835080870005422,8.910112189179316,14.45290438978637,-16.092917280614465,-2.2717637302420917,-5.121880878879123,-10.629321269968917,18.124251584977927,12.657958542385824,-12.848822731960633,-7.559398107962915,-3.387025436899547,15.526777395934591,-10.508915060756891,5.171632181189501,4.904981865545421,-2.1782179266442867,-5.575799528728382,0.05078247551200299,-1.7949899695570446,-1.3195334881806255,6.27576127743269,6.329672975644913,1.2283753024812345,0.048515983254101336,-14.806124770413517,-2.8658497307217736,2.1103160733387307,2.452864022255616,-4.326235247415575,7.401989364070786,-10.492350334032187,-4.9590616349023495,-0.927853097729658,2.7298684817458927,3.061333435176654,-0.31806841662275254,3.018425465906301,-0.12552286648109323,-1.675930390521212,1.2583558086465363,12.78366798500284,-0.6962103786590563,8.830138306499755,5.746063631816499,-3.539857998151585,-6.116790028260311,-2.654809220502319,6.338336956212153,3.3834745898844574,4.957462452083269,-6.668218112287504,7.714568812621808,-13.903697532181955,7.502779352663589,-7.048033150508077,-5.613513131321542,-4.293426796027859,7.725102647977533,7.5013360213239775,-2.2752153008973286,1.635456926468854,3.71869351092891,4.029405953105248,12.526451954024214,7.279122821066032,-18.774285062861324,3.799333078598359,5.028017892645657,-19.274567325622215,11.601019552461192,4.47546489142963,-0.44766013143300043,-11.279097697588652,-6.6624455404812775,1.2002858044405658,4.946493834491413,1.2250748131713873,1.5964595653905276,4.782867723430303,0.7257462442800673,1.218749268052541,-12.737886793093072,2.968976601789583,9.433504796534812,3.849304773909071,0.7560465217478507,-3.601462840911532,8.559572071257566,-4.849342888850634,-11.005177556982607,-1.2707972806934151,-4.521055906472877,-2.3328204462905964,-3.484352160906873,2.0153249620039126,11.78082068295277,-12.209779494990906,-2.9803455757624624,-13.670335545654364,0.6524133297134886,-1.1673569709739757,0.546463599510556,5.300730540981354,5.614562062467968,5.971113089418062,12.74481391652018
neuralNetworkClass 	class coursework.ExampleEvolutionaryAlgorithm
INITIALISATION 	OPPOSITION
SELECTION 	TOURNAMENT
CROSSOVER 	UNIFORM
MUTATION 	STANDARD
REPLACEMENT 	TOURNAMENT
ACTIVATION 	RELU
COOLING_RATE 	0.0011
TEMPERATURE 	100000.0
TOURNAMENT_SIZE 	90
maxGene 	3.0
minGene 	-3.0
populationSize 	110
maxEvaluations 	20000
mutateRate 	0.95
mutateChange 	1.6500000000000004
seed 	1646684373006
random 	java.util.Random@3ada9e37
numHidden 	14
numGenes 	129
Training Set Training
Fitness 0.014227883397531881