-5.551469995716687,-0.5432452497934319,-8.382903692312116,21.370269493462864,-5.405072877933443,2.467356848902586,-16.687049073038892,7.0225181113933015,5.82804548852733,11.289751629553221,-21.099914550713464,-10.887082046130638,-4.798262404257853,-3.2282863370598527,4.433787569128755,-10.218547286629516,-26.54536786135411,-0.7934908658142756,4.426796204979359,3.6556916587514623,9.224960655919979,2.5855875229844356,-13.736709881034681,16.15058257649686,-10.724053367285709,2.158060067718381,-27.28953099684565,-4.478670929621211,4.342407060247947,6.155032554175566,8.034700949433661,2.995919910750146,-1.9206470817307935,-3.9217978732286305,-1.0559528376660827,2.9032862791508762,1.9993551752814636,-4.316050621069765,-6.759984735259705,10.40823535598165,1.6805817696012495,-11.189504501279865,1.95123260140815,-0.37128437031316963,-2.8410583963427882,-3.7318120456165573,9.321537853862432,1.3750582616997855,-15.369861362459387,22.436409561560005,2.7455242722799484,6.897201214442921,-14.673535275021349,-16.606830164878062,-7.14320456697153,9.561074635133998,-17.339100658539756,2.5155532539661696,-0.8543214203380405,-1.118811039878322,13.196315671682695,-1.2611971293226176,0.7421276069373253,2.1798193721715347,-1.4496720100312626,7.8489293386197705,0.6460271412103324,-6.625951660767782,1.1865482667108171,11.558347575370066,-18.77890125162738,-0.4397199305576356,6.020757797604718,14.026146635141998,-1.6599087131544152
neuralNetworkClass 	class coursework.ExampleEvolutionaryAlgorithm
INITIALISATION 	AUGMENTED
SELECTION 	TOURNAMENT
CROSSOVER 	TWO_POINT
MUTATION 	STANDARD
REPLACEMENT 	TOURNAMENT
ACTIVATION 	RELU
COOLING_RATE 	0.0011
TEMPERATURE 	100000.0
TOURNAMENT_SIZE 	10
maxGene 	3.0
minGene 	-3.0
populationSize 	110
maxEvaluations 	20000
mutateRate 	0.95
mutateChange 	1.6500000000000004
seed 	1646684373006
random 	java.util.Random@3ada9e37
numHidden 	8
numGenes 	75
Training Set Training
Fitness 0.01105822206602759