-2.827437993462473,1.3270028413185369,0.5168366138481142,19.991624959321165,-1.3201935617641771,-4.05956373849134,5.437495551946743,-11.024161092691035,2.06690553153466,24.827887647398107,-5.182170364039061,-6.1543291193387395,12.503471217663655,9.094744195578528,9.383674782549406,-8.122305198904913,1.1206857779238248,9.8567041032605,-9.17350792735827,10.954799583499819,-14.019866345525534,9.38373659207402,-3.2614625628724756,6.280090203805077,-15.2124416468544,6.200669698211408,-9.100541797685773,4.890146369064764,14.052118727337211,7.481281325746519,9.292210343784255,3.799091338485182,8.778028962889692,-3.849980761460234,7.685311190659839,10.478568052769623,12.897177541860865,4.397878318308701,-2.590580234834581,-12.22849082404673,1.0775485905375275,9.580933702169105,-3.2396825362645654,5.101953474682317,-6.191737624092212,10.684880822100501,11.477480370969632,26.61089420174787,-4.291358164670632,-0.39357871506621045,7.410518611436688,-4.143506262758036,-25.53060870574958,-4.897088287078244,10.806371001566054,6.0287251594469655,-23.319535503793453,-2.0763560653824786,-3.70803832033452,20.347724509020757,4.773175798241233,-1.1303541099634948,9.127876189848378,-2.8815217483202016,-12.789294514579346,-8.897319773842492,-5.664531984443408,-3.2634867309457345,5.6085543732598,7.810771299522714,-9.371344898804146,3.4423954228663414,-5.22370404894785,-0.39235557098023577,2.042428475302895,4.293195176470219,-18.32006074858404,-4.050234641354471,-1.2891787952938838,-2.149402826014591,6.364881350915292,0.8668370477328065,3.201850438234616,-6.1683460460393125,-6.345582404394621,-0.9600776093262322,-5.986315393835117,13.270461376204072,-3.6627562360166923,6.409185103668735,10.648817392292154,7.499968672950208,-20.9871953107234,0.5834190914918436,-1.7126851358395845,8.417295047346748,-3.8150473571620864,-2.0349678511409977,-7.054898364039759,-10.856572325471248,10.881856843780733,11.583517469211447,-19.10107742020547,-5.298625036874828,-9.258827099648983,7.442445845968297,-1.5668005785976815,12.40174950181884,6.012717970187959,-17.644838972360695,1.9433154223466271,5.53453999868249,-22.357047385254674,0.255485981985796,-1.3744847386875136,-7.824066327770987,-14.511080275999381,-8.602594120622316,14.571319032609336,-18.497674432710994,6.1793027062606605,-14.158596813436137,2.2484629282267434,5.165927307207122,1.2878313433655286,0.6558773894501639,8.061114111181958,11.514296270214768,-1.3456851810815769
neuralNetworkClass 	class coursework.ExampleEvolutionaryAlgorithm
INITIALISATION 	AUGMENTED
SELECTION 	RANDOM
CROSSOVER 	TWO_POINT
MUTATION 	STANDARD
REPLACEMENT 	TOURNAMENT
ACTIVATION 	RELU
COOLING_RATE 	0.0011
TEMPERATURE 	100000.0
TOURNAMENT_SIZE 	10
maxGene 	3.0
minGene 	-3.0
populationSize 	110
maxEvaluations 	20000
mutateRate 	0.95
mutateChange 	1.6500000000000004
seed 	1646684373006
random 	java.util.Random@3ada9e37
numHidden 	14
numGenes 	129
Training Set Training
Fitness 0.018104500993862155