5.69784714551885,5.472811203009428,-10.03502350969914,-2.398914559852706,-0.7658683444473553,-10.490401372676631,-3.495656396150145,4.012477739397125,-12.364432476808826,-0.4245160439590787,3.6122812112204468,24.309122200889384,3.941967748475225,3.1419376343143934,15.46249662670199,0.6697732442292601,-17.90189961497957,-17.62402007383161,9.517548528482457,-2.582844871184177,6.9379713118496955,3.131044814203843,7.805080459904856,-13.846364427807874,3.630494116958632,-4.169194141141528,-9.861510205419075,12.869543172601961,-4.279482413797851,2.4317917312269195,7.212685152161476,-13.688676883716022,3.589416760365215,0.8752285640608388,5.3769876278782505,11.545484342758577,3.680855302329819,-4.043807049282256,-8.713119414895178,17.587708591037163,11.192198167088433,-14.577827498628983,-5.518169058115135,-3.1937842319478866,7.654083745822435,-23.722456640556402,-6.871640988309393,18.76147677541983,-9.046675373051563,0.4661579564722764,17.00949404851881,13.951501746645986,4.516822243085111,-11.026573761623622,7.067593073980044,8.798488476831148,2.754184727782107,4.525680961786039,-7.659546336363251,2.2663968348458337,8.868485288638038,-3.561176191930949,-3.922960815419316,-5.058629436520512,17.605660274312044,-14.362960761815176,-3.065636254419278,5.456537443383466,13.322023592857906,6.305723449336533,-0.7401764337770214,-9.270171663789615,-2.354134889196149,6.273637676716822,0.6034929062507377,-0.6919369251594976,-4.106921963845265,13.937650900262652,10.432639174208902,-1.5773356876139042,12.81825231660741,8.4992988371914,0.28594209022890027,-2.988034402488042,0.1916479048178834,1.9257434655689565,15.457643245713596,-8.797807063463928,14.638953038653593,15.528580603468273,1.0443955684711907,19.241633967917778,-1.769989846835899,-4.079026451082736,5.211790901606005,-18.09020082769856,-7.0858686715374954,-3.7101179604844585,0.506147090943271,14.815382664038294,18.375979401971065,1.9502406174349396,-3.752088848521682,-7.2402225493243915,5.1897360710975615,-8.557106823085121,-10.287157055557403,0.7577127261500394,1.2312500327719818,19.467807851611084,1.9148624307858988,10.849030374849997,7.436729009525779,0.9319142926035315,2.3202187609773013,5.503720793805768,9.755777837995863,6.10065431828056,-15.60861972237827,0.9446200992291303,12.477019681238954,-12.427398318991438,-2.9330267773750336,-11.077672881474209,0.3817752469576545,13.258480043673096,9.494773433311847,-2.4258368302419466,-8.827498055844114
neuralNetworkClass 	class coursework.ExampleEvolutionaryAlgorithm
INITIALISATION 	AUGMENTED
SELECTION 	TOURNAMENT
CROSSOVER 	TWO_POINT
MUTATION 	STANDARD
REPLACEMENT 	TOURNAMENT
ACTIVATION 	RELU
COOLING_RATE 	0.0011
TEMPERATURE 	100000.0
TOURNAMENT_SIZE 	20
maxGene 	3.0
minGene 	-3.0
populationSize 	110
maxEvaluations 	20000
mutateRate 	0.95
mutateChange 	1.6500000000000004
seed 	1646684373006
random 	java.util.Random@3ada9e37
numHidden 	14
numGenes 	129
Training Set Training
Fitness 0.010549110492697543