4.227993462096428,-23.872088441462907,-4.412914829908598,-4.857910027067756,13.014349665523422,-1.96384466859537,27.948983938961405,-4.307106616336972,0.4459335407333782,12.208947260271705,0.20289649690214873,-1.3116003764143427,2.7911389803348534,8.657509101778576,1.576297191154607,14.006121203500934,-7.412676117630525,-17.05313529662444,-4.099779925768095,7.588742051367211,6.538407902418506,6.021712753922921,-4.9124663450130175,-2.378258865854157,9.056877684437925,11.773614979448187,-1.386132622896616,7.47751927625003,-7.612315186038225,-5.645533043155428,-9.308392735697685,7.638615397976777,7.754259271330364,4.028328313755286,13.973862493910348,9.493457027447443,-11.142903770456334,-3.771698580767369,17.05928888499442,1.2164471531861878,4.983104584850057,4.497252196964887,11.790140308113942,10.550054848073758,-0.7508548712915264,-10.15921817123676,6.194903499759128,-1.6000712956814311,10.055916081252692,-7.792038222924603,-6.876646807654655,0.9349176000418336,10.168581243197075,-5.910041621973065,1.0558554565974587,0.2022404981496262,24.368268500058967,-3.0612197464368336,1.390222931555975,1.523905334501876,-0.016198034333358535,6.457992065659859,9.918417748927832,10.133838015496767,-4.684235504429919,-5.195653230092205,-7.898122971803586,0.2460413765005356,-5.494778146174494,-4.3361013507023625,1.5382233738773436,2.1124636919034048,-3.27282389546816,3.2782691441913148,-12.366394832707744,-5.514886243678026,0.25404568642480374,-3.7536550362815957,3.2538967482668006,-1.4596771893693248,-6.912789808487549,9.56379933626086,0.22447405562479528,2.0039088974168093,-4.655114228053792,10.237436899648392,-4.167738067541629,-4.565639812025387,23.82233657235217,6.123468410005678,4.105239229204222,4.227014973258197,21.9556592263866,-0.5115632482699706,0.10356604391200452,-3.204427116046718,12.673113246860659,-6.221380619023574,1.1029882434471956,-1.1318688838814257,-6.741797610596304,11.008345699550798,19.78515340362538,-3.496698474868672,0.9264498998118889,1.0397749314149802,-2.879042538771415,1.987821812356052,5.783041269170916,-3.6737093051453993,-10.307968386377013,3.120432298679038,5.631244593150823,-0.42122255585042634,-12.158045963100202,0.9676529801283404,-3.1582460217886092,-0.661347452985865,-3.417237350022422,-0.7045495390024383,0.9708317239212274,-11.846360902617256,-4.846173034527613,-5.5633527687195645,-21.319635278888327,21.651872110601317,-9.210880143394922,-8.402717617905921,6.165680149438888
neuralNetworkClass 	class coursework.ExampleEvolutionaryAlgorithm
INITIALISATION 	AUGMENTED
SELECTION 	TOURNAMENT
CROSSOVER 	UNIFORM
MUTATION 	STANDARD
REPLACEMENT 	TOURNAMENT
ACTIVATION 	RELU
COOLING_RATE 	0.0011
TEMPERATURE 	100000.0
TOURNAMENT_SIZE 	90
maxGene 	3.0
minGene 	-3.0
populationSize 	110
maxEvaluations 	20000
mutateRate 	0.95
mutateChange 	1.6500000000000004
seed 	1646684373006
random 	java.util.Random@3ada9e37
numHidden 	14
numGenes 	129
Training Set Training
Fitness 0.024178982023595964