11.44241325956034,1.9275666004437637,8.774107649649547,-1.279420527457205,0.5017536855725071,-5.28473751832412,1.9405421010752484,0.5663940922488333,2.6747981272274446,9.537781289286121,2.87917389207512,-2.9380036717407867,-5.669057476368171,-5.752721898251182,3.128452671719817,-3.2316065313694127,-7.176732071390662,-3.5141635082593226,-0.8120810996954635,3.8373971470866657,5.859978031548836,11.842142526806718,-1.6725130908957384,-9.577724377380601,0.42055256664283913,10.724964566924053,-5.462154045251171,-1.125382241565763,7.322218970541035,3.1855090434870936,5.83285981064196,-0.6368140504819237,5.73726787790671,-7.712484369596842,3.52851152732692,2.536082923667827,4.2941583708947535,7.078254325455129,-3.4258867614683712,4.1706070978822956,3.565282133620938,-5.394618422350954,5.900173779621941,3.115713444045741,-3.5983223958637653,-2.5960877095345563,5.823488347470557,2.2300484133271645,15.519904880780285,7.944359645820644,5.363685001751825,2.904070238071137,11.528717663098774,-2.4126095852768943,-0.623363310472699,2.5278162346386965,8.653086925760316,5.582144397241734,-1.0011822166430626,7.726422801997529,-1.6794450565185608,-2.2753417962544056,4.022857295357474,0.03355291413716266,2.869819212202284,-12.640364936667126,1.9382107071457586,-3.1415692587270856,0.7738687534398734,5.813095931953986,0.9720478579605887,3.025232098963137,6.2899157745328615,4.185245925367479,-5.895878297627517,-5.325875867370145,6.705788336543067,2.012187762259707,4.4555578098999105,2.8112967594252103,2.9973718716863447,6.221906447296334,1.5151767709373694,-0.019127924840712573,3.9941076628166545,-6.135747948259148,7.018129140305588,-7.645370576670015,10.769481543612226,0.6864404910387467,8.530301284710514,0.44602550299982635,-11.719146685484894,-1.7451096828311234,1.6181147542397945,-1.296959925746802,1.527903772885928,-5.9589901457304055,4.447021164438556,8.06992250039324,0.03139537537223003,-11.707152557037759,-7.996840360401096,-6.219039408472728,12.753864667952936,-2.3436884047891215,-1.628678458833658,11.909943488138865,-2.9587120536266855,5.8889679580891485,-4.771465668793039,-4.602967692508702,-7.74031769777447,-1.0737851238045764,-5.923748403658991,2.110303494017508,4.03302575463022,9.913936181223109,-5.864693213358277,-6.027725021366595,-0.6911968098156382,-0.8364728965642794,-5.583539903009795,-7.507730185009192,7.63490602650122,-2.5355117653791197,8.955540241197742,-8.956475404462292,-8.273464172290081
neuralNetworkClass 	class coursework.ExampleEvolutionaryAlgorithm
INITIALISATION 	AUGMENTED
SELECTION 	TOURNAMENT
CROSSOVER 	UNIFORM
MUTATION 	STANDARD
REPLACEMENT 	TOURNAMENT
ACTIVATION 	RELU
COOLING_RATE 	0.0011
TEMPERATURE 	100000.0
TOURNAMENT_SIZE 	90
maxGene 	3.0
minGene 	-3.0
populationSize 	110
maxEvaluations 	20000
mutateRate 	0.95
mutateChange 	1.6500000000000004
seed 	1646684373006
random 	java.util.Random@3ada9e37
numHidden 	14
numGenes 	129
Training Set Training
Fitness 0.02570401680053785