-8.038190292212391,-6.973118919792393,-8.769565518816906,5.840787548457353,-14.901683949775245,-3.004719513869624,13.832894225965724,-0.9492922160196153,12.59059712784055,10.948905864328207,-5.115799613586475,0.6413014620677835,-12.35340586322799,6.705889457346496,-12.087258828428244,0.10775379794581497,-7.595170603381436,-8.714397545250913,-0.5911434721815709,4.1636339117051495,-2.479387853869275,-3.2752077711463325,-4.544505611299637,5.562716604103301,5.893777315401099,-9.726190764684812,2.498583346427673,-1.130071001777102,10.619386348628323,3.6421507275505896,17.19461314657112,-11.063605426988564,17.601811886512735,6.155905172627442,-11.57435780383549,-6.529352409321058,-1.0308964115961752,-4.479457252592084,-8.887809276700645,-16.02729093227316,1.0585254501717696,2.5508575471802715,2.6822086804015237,-1.8901820003679992,-5.634367783787935,2.7857223996307123,4.5195453945828294,10.512224181714327,-2.641758480232765,-12.101317981855601,-2.3319207001312066,-0.8454411117217759,12.303140707619711,0.04626480172885472,2.757903265287207,12.26290669992325,6.9873516750586395,-10.435744939536098,-4.252308904250584,2.4998123422694736,-11.362737260405334,14.328029020369966,-9.857387852796865,5.129066494925099,-6.452081836634525,2.6864119509516815,2.6998879144752372,-10.250776299698144,-6.918754446111107,-10.39062195618966,-4.025677331237831,1.6094116914989987,-3.5240222480786656,0.908272443116033,-11.316124026808673,-2.8168924584690656,-8.316480647964003,2.393092883318806,-2.8094252976028855,6.675157872786965,2.0029848109072734,6.12472914024534,2.894801234815059,-11.525564864498902,15.185124148032312,-1.9490810017563618,4.981226412921291,3.7391290141670277,14.058833238356373,-6.26696488145195,-5.717610471777668,6.163781901279396,-5.694565807192529,-2.1233187052286357,13.14116477257143,-3.223213398353507,-2.235108950979825,0.8724313978104545,-10.343914814158772,4.954173355428594,0.6546142060825115,11.083907100021593,-5.8162682384516735,15.660124933847838,2.2154885347899462,-8.461251110880372,-7.099873413913004,-16.463235704286305,5.97124739561098,-12.716107756060437,6.238307916019496,12.015370897232355,1.8462953833853124,3.409923941899107,-7.378005045936069,13.008292427089218,11.933571779278804,-14.319850304665824,-11.644512959913511,-2.8845762450575423,-3.0619747063813456,6.368364310275329,-5.292324253258705,-14.008760030132779,9.442761973738966,-12.634822729669004,-14.756717552719772,-9.23202564350514,18.753904680941915
neuralNetworkClass 	class coursework.ExampleEvolutionaryAlgorithm
INITIALISATION 	RANDOM
SELECTION 	TOURNAMENT
CROSSOVER 	UNIFORM
MUTATION 	STANDARD
REPLACEMENT 	TOURNAMENT
ACTIVATION 	RELU
COOLING_RATE 	0.0011
TEMPERATURE 	100000.0
TOURNAMENT_SIZE 	90
maxGene 	3.0
minGene 	-3.0
populationSize 	110
maxEvaluations 	20000
mutateRate 	0.95
mutateChange 	1.6500000000000004
seed 	1646684373006
random 	java.util.Random@3ada9e37
numHidden 	14
numGenes 	129
Training Set Training
Fitness 0.02850893242973606