8.526426597850804,-3.47740495714059,-4.511139385568979,-1.789893418632618,-5.116623367258737,8.652058258864448,-9.58319286502965,2.107597218229994,-1.1784992259501195,-8.64932228941963,3.345574040819929,-3.0639367805182514,1.6648378770315397,8.064186502749457,5.22968730263497,-12.00136864572529,-1.17435808442948,-3.1489714495536782,-1.5131687159068097,5.231155882632093,0.16475839475795206,-7.029002466037561,-6.485690757685488,5.341750811011452,1.5470555035397031,-16.501820829278735,-1.9571521927370288,-0.30884751100941,-6.263694345542721,-5.253012092087025,1.9989924615422023,-4.55089436925728,-12.759228418301568,6.320098237456534,1.3815148580192824,-4.66743635904874,-1.9566512344862383,-1.9575106984967787,7.002524483805811,-0.3679175250850184,6.314378158959507,4.865096891244593,-4.785454943813868,-6.2745984586369845,-0.18999135686501445,11.184693317978022,5.053204253473172,3.2710895524396513,-0.2822720256456932,-1.7057643168966976,6.179955414826446,-3.0018239235073967,11.370794547296816,3.5936563932033625,-7.9639620857902935,-7.804294580221773,-7.873139338193112,0.1929028906168453,-0.015183419010940113,3.1626417195359853,4.975430267351822,-0.4143194760750504,1.4521930480759226,2.11879248870654,1.2922608369158297,-3.3096357250728623,5.0523375196168825,4.678434763380398,6.612655637000828,1.238646253224351,4.734979772070807,1.6368509811268748,3.2419101034323905,-0.15381170975518188,16.721050122774418,1.6089310550137954,5.340001348123858,-1.7638142535324057,8.67649329697776,2.103294899659269,-0.12496345533415276,2.883412968465429,3.6059254562774896,6.912542394200715,0.47220024365730673,1.3683811920476492,-1.3445025919217763,0.3971306793158962,3.0758960068740437,-8.627551080207267,1.5633947086717432,-7.03487272865315,3.7645327729263425,-4.652118981170803,4.994996938139362,3.6256498689981314,-10.022450400330792,-4.91914862720616,8.557208357440697,8.178403860378808,-11.926586648197008,1.2011578959420817,-1.6914990600583621,-6.767384020912132,4.746095148734381,-1.9315274571612928,-6.202391650127344,-6.9686079846872175,-6.702219706346787,0.3685627290076674,1.8453539993954662,-1.9783666262923552,-1.968252059662948,1.246376672706635,4.645314160201032,-5.103768773403717,4.9748277310999445,4.4620775851003005,3.2199231336748677,1.4216894672382643,7.766083038182375,11.687655880950114,-10.314612143111466,1.1530473447809264,7.881733005606879,-2.057515834300964,-5.108584657836193,-6.337881808899179,-4.819614434837486
neuralNetworkClass 	class coursework.ExampleEvolutionaryAlgorithm
INITIALISATION 	RANDOM
SELECTION 	TOURNAMENT
CROSSOVER 	UNIFORM
MUTATION 	STANDARD
REPLACEMENT 	WORST
ACTIVATION 	TANH
COOLING_RATE 	0.0011
TEMPERATURE 	100000.0
TOURNAMENT_SIZE 	90
maxGene 	0.5
minGene 	-0.5
populationSize 	110
maxEvaluations 	20000
mutateRate 	0.95
mutateChange 	1.6500000000000004
seed 	1646684373006
random 	java.util.Random@3ada9e37
numHidden 	14
numGenes 	129
Training Set Training
Fitness 0.04212950263519198