-9.18777311539242,5.571493323081501,2.351571035934745,-2.7765507060122383,-16.113479261235263,1.5647607964242178,-0.053589745699216706,0.5313257145969619,-0.8137565701898062,-6.700621077276123,-12.392347413471967,6.469000549927754,15.546200480465263,-1.2833233978944127,0.49101157781772464,4.76493291839537,-6.029599010904641,-1.9985096245671734,-5.527390375403005,5.515956070183622,14.314168569937,-24.416605034244697,2.35380598172954,-0.920435693274646,-6.845103510991198,-5.8757318958884355,-23.20427203989442,11.673035841000143,-2.770439972972426,-7.637218109997452,-15.735454297566369,-7.642398184497983,-18.63016794743975,0.22352465572900382,15.215019874218198,5.6167311965937925,-3.0441153786260955,0.4730632698833688,20.973831428176503,22.45596015394895,-0.4123075575009256,-0.6826295768737598,2.0056908174900663,-7.142444237681949,2.5878865759545784,19.434644482984673,-7.6957949999178865,7.66666081382731,3.45294670861489,11.674663246119339,21.94596698835155,-15.733572572135236,-3.9402532173036064,-4.669577395830168,-7.719681612604829,3.2680066279151596,10.162211308909983,7.949916147054163,11.94871559114444,-8.65288070071738,9.478066733407665,-2.244473550009543,2.18661794463398,14.75229416714186,3.6684127120980055,-9.224395994970658,-5.492698871181073,-3.059281773205649,-8.546931346906701,-3.2325775481430608,3.2009799408626787,-13.983997549575623,-9.817614187497327,-3.6771955478768037,7.854111809427023,2.748027739606602,17.65145197769749,-10.152674279503552,2.052736949922945,-23.701606397418566,-10.05465343285781,13.791111605370025,-6.3698065240423976,-13.894148384590546,3.644341780915971,0.2838506797887028,1.003530510689556,23.204465320180304,3.395676571881146,-14.811240606963437,-16.435569631043418,12.753098447334754,6.823768174536742,9.889841392467481,5.399428349788931,-10.601809442825092,-13.596543667593235,13.713892776019687,-19.389290360260922,-8.327358307365726,10.41111322572428,-3.036682211378986,-2.057255697242484,-3.898016916804149,13.396184902207782,6.797923309991562,0.9915051238408541,2.144874716480901,3.6309628510841785,5.7534757290085095,26.031998197899043,15.988326159193749,7.249123850306679,8.321908019665859,-15.853678460653063,24.19889795265918,13.82380206376622,9.142678231713026,-5.581548977501928,-9.400498134290316,1.3637028285925377,3.2668872708518677,-7.516566855470241,1.69727416297326,-3.379010173551454,4.555374944781814,11.377657508328422,-2.46864171622948,-10.442576416082087
neuralNetworkClass 	class coursework.ExampleEvolutionaryAlgorithm
INITIALISATION 	RANDOM
SELECTION 	TOURNAMENT
CROSSOVER 	UNIFORM
MUTATION 	STANDARD
REPLACEMENT 	WORST
ACTIVATION 	LEAKY_RELU
COOLING_RATE 	0.0011
TEMPERATURE 	100000.0
TOURNAMENT_SIZE 	90
maxGene 	3.0
minGene 	-3.0
populationSize 	110
maxEvaluations 	20000
mutateRate 	0.95
mutateChange 	1.6500000000000004
seed 	1646684373006
random 	java.util.Random@3ada9e37
numHidden 	14
numGenes 	129
Training Set Training
Fitness 0.010505587796657138