7.343567496363665,16.721380250761904,-1.686349939342362,-4.58725300519966,-2.243061686425576,-2.038221458863031,-8.054792603060555,3.839628396126929,10.055108059263542,2.598834442086119,-10.132215415022392,2.6256084651858425,-0.4002718830954022,7.300532647992337,1.2999353551355197,19.972959969829027,-6.820142147076515,-4.412958141191151,0.5959003139366459,-14.488249596621833,-12.214796098396167,-2.2112586268122403,-0.6862489780488366,-14.220573992053367,8.374805873246572,0.21889421763344252,-7.837529297405593,18.565866116251513,-6.579448734461701,7.914858115155922,14.255596226806908,7.8932299224427345,-3.426739925398537,2.729465226392298,-6.788846269087074,2.821403048012396,-7.195058912220125,5.819430443735721,2.2372338074080957,-3.971160712382085,-10.625819253038236,-7.019611205969003,-2.020343895806225,-2.784929709387768,8.49248287204226,0.11839044213394789,15.132787493425015,3.4051487640570652,-7.712259865498901,-2.1245780799614664,-0.8233164064219372,-7.192232846285741,-4.033125741293617,9.491750841505846,10.453335814978916,-18.762216377700504,5.523044646275578,-6.159367538751312,0.8319127328898919,-3.0396297962396748,-1.536318855007191,-2.288856731947533,-7.362503261394513,-15.802020545889071,1.403958356557986,11.44264833060377,19.279923044362185,0.06281620403445043,5.776187613759627,-1.0203623729065159,2.6689415438582422,-8.113522295099152,-11.701037061538788,4.368405509486303,8.289026663554399,-1.8350817688419143,7.530752747989048,-5.292721458318067,-4.1682252226662335,3.720871765797501,-1.0990043658582547,-9.16016709657519,7.645933150193141,9.957353070466306,-3.4323889272503063,-5.554222532111756,-4.88528214149176,-1.8651553552679818,0.5931982147499717,-12.963089158365978,-18.29281440471415,5.101256316333593,-1.6869436607967607,6.605797611314089,-8.87496678112943,0.6877323738985979,-3.613482584168855,13.802541652526967,4.82830880637203,-2.1951354237004024,-0.9210572450631398,-7.419731118844645,0.7731289180262193,0.18285242950643044,-22.584906488267173,-10.697331733706887,-3.2183972244642174,10.995639461627563,-16.124555239001786,-1.1528297701076955,-0.5112227345042015,14.543034226916722,-4.374625927445629,0.5650806624880715,0.32352234615453934,10.186314059546826,-9.126990137754277,-6.024781284010164,-11.07011095408861,-6.658210061099636,-5.00510868936977,2.170345443176628,2.8725792781411448,-6.416703027856455,-8.150555953231107,6.805899642552568,5.544777636293906,12.788561046080735,2.6166398365651773
neuralNetworkClass 	class coursework.ExampleEvolutionaryAlgorithm
INITIALISATION 	RANDOM
SELECTION 	TOURNAMENT
CROSSOVER 	UNIFORM
MUTATION 	STANDARD
REPLACEMENT 	TOURNAMENT
ACTIVATION 	RELU
COOLING_RATE 	0.0011
TEMPERATURE 	100000.0
TOURNAMENT_SIZE 	90
maxGene 	3.0
minGene 	-3.0
populationSize 	110
maxEvaluations 	20000
mutateRate 	0.95
mutateChange 	1.6500000000000004
seed 	1646684373006
random 	java.util.Random@3ada9e37
numHidden 	14
numGenes 	129
Training Set Training
Fitness 0.020357491868122975