6.383185496832738,-4.8758408589067095,-16.088383759918766,-10.390502214747174,-10.393265208358756,20.388405637934305,16.57955707171233,1.5111666770624819,1.9389562353238885,3.5260856623465706,-1.2769062025230848,-12.726613065086193,-1.377052762710317,-10.023085648761842,-19.238408001106826,1.5843616820554818,9.918688508963788,13.642258101650823,4.487854356738963,8.020762624616971,10.74049894666062,0.9751009593926661,-20.6977456685196,10.388555077401582,-6.719918925517911,9.173409027788374,-14.694058431029676,-5.8579796903121615,2.2268669803321117,18.824832424421828,-9.894743005644584,-5.525969012839174,-7.924897326450257,0.06278915387464501,6.850977135805639,7.226490165570353,-0.8276520891397521,4.643587941671854,-0.5550080807834297,7.363211770354292,0.5668010757458983,2.4413543567023233,-13.906492809228785,-16.27163087579335,0.9010920757256677,10.682134929947916,5.369843704893324,9.782008541580993,15.57792303520616,-1.2993369245093565,-2.028607255391883,10.759974201242363,5.888168761898884,5.55288120708715,12.81426837935928,11.398959473013528,-7.4552162057446685,-5.845580291348211,-0.49431441728645353,7.898250436027739,3.7060992230675796,-15.260153821983371,3.118074058316302,-13.141906274029479,-12.000177356087658,14.799605371583977,5.410423425615518,-12.459524985821954,-5.775705457672224,1.8011827982328064,2.1013408540156924,-10.458541564418873,-0.4937171383539143,-10.911871629251053,-1.4052160027997687,-0.054907987749306386,-3.7151633728100055,-7.3248065473245045,2.893418840845623,-0.30275317974286153,8.718452580973414,-16.43006303596244,-4.043964478003842,-16.40638294557532,-2.1219605161872312,9.050772362299217,-22.535560490899066,6.86946363249387,-2.059093969134901,1.218528327303039,-13.488280056526941,1.4595490476525725,14.791227403285772,5.863215736065038,-2.492219279541489,6.3650662462328125,5.610179687894198,9.699792586676452,-0.1804930341947859,0.8202249324091477,-12.845829619177795,10.076334918161344,-10.278080431605698,-5.805480659256968,12.372323092017032,1.9451295469331926,4.6331576697486465,-11.952441763510858,1.104610137328474,2.1118104848223638,8.640114453466165,6.521700448074222,-4.570237957131429,-3.760224320876052,-2.7069678159004766,3.5135955361354743,3.697317466542012,6.1867259827210646,8.606350106146323,2.7590919547537434,12.280908965375785,9.787278058965738,1.2495822644472012,-21.353170131485633,0.9301175405597704,8.020216715206768,10.795985570726701,-9.30579928601634,-0.9740383068541592
neuralNetworkClass 	class coursework.ExampleEvolutionaryAlgorithm
INITIALISATION 	RANDOM
SELECTION 	TOURNAMENT
CROSSOVER 	UNIFORM
MUTATION 	STANDARD
REPLACEMENT 	TOURNAMENT
ACTIVATION 	RELU
COOLING_RATE 	0.0011
TEMPERATURE 	100000.0
TOURNAMENT_SIZE 	90
maxGene 	3.0
minGene 	-3.0
populationSize 	110
maxEvaluations 	20000
mutateRate 	0.95
mutateChange 	1.6500000000000004
seed 	1646684373006
random 	java.util.Random@3ada9e37
numHidden 	14
numGenes 	129
Training Set Training
Fitness 0.0206363205559486