6.584160322318935,-7.394619317718293,-6.316976858768491,6.387821494591261,-8.896088101923576,13.943990151613578,2.010870846206087,1.2340310177036748,-6.2880752772832444,-3.3913872233256317,-9.393092108123902,5.657488870104222,-5.721330719778457,1.9411332786093047,-1.1326999335316614,2.4667585146505555,-7.18983826496152,-4.091279707980581,3.4601674233899526,1.2120357022790156,-21.560489372547885,6.650629596828277,2.58060462219954,-2.3106343556962283,-5.6585901576001,9.927558801762286,6.305851135674766,-2.455608772717116,1.0951768137268187,-13.407391328445955,-0.6673450976315891,3.671443941654128,-14.262051355050682,0.8345474074440631,-0.6988615031738554,-2.008317686244081,1.6281662803489336,7.538213774133727,-14.755757713505734,6.294371399053404,-6.069508211849913,-0.7864637653172322,-0.2509147904579936,-0.8617116542652159,9.586818813457443,10.863786151586758,3.926348953220759,3.5856297748636994,-7.445947008534818,7.345322922159205,10.056057345331253,-10.121313373239735,-3.9321459354691637,-8.384769916831011,10.712887575903341,-5.680056452379732,-6.017452846774308,-3.3301180831112456,12.321417048393716,-2.5208498168384157,0.9909262867713173,-2.053378979019941,4.201473139899979,4.526302129205149,-4.206310650619432,-4.207632792337607,-1.6639786974718973,-13.22263955199259,-2.233241861405661,-13.802880553021689,-5.5712103100507395,11.339928716316518,-0.6342456275382613,0.7469527122695183,-0.6839030095900607,-0.7910022979056297,3.960416472503825,1.6702528477995653,0.9071138399940262,15.088257855667123,0.6077590175143648,-5.7674282598525135,8.149054051520551,-2.349628619066106,18.80129163437467,-10.970371664564341,7.898558703200912,6.949984401842103,-9.075370432388778,6.534618270855504,13.527800012772634,-2.783846860990593,4.391344070591332,8.925138657895907,-7.146400655622957,0.8762458389414043,-8.981082762956044,7.396673034639614,15.400117653409996,3.7012746461542516,3.0131792763258813,-2.236276572447238,-3.009556512959941,-8.586998505696666,-3.0693756920677355,-6.14368392249594,-3.740331055883537,-9.593946858567262,-8.010484983485355,-3.6612510479552336,12.491809128685626,4.513670213103101,4.166702392140392,6.559089020573202,-13.694812754570949,18.933607121706174,-17.154397744851735,1.4320684805369561,-5.604327963450559,1.1810891727566366,-0.22821332817090756,0.864669187897432,5.7444205924659695,-12.851375778309343,2.6761627558588446,3.0528257584733822,10.406545328750912,-5.022143089059069,9.541727863456853
neuralNetworkClass 	class coursework.ExampleEvolutionaryAlgorithm
INITIALISATION 	RANDOM
SELECTION 	TOURNAMENT
CROSSOVER 	UNIFORM
MUTATION 	STANDARD
REPLACEMENT 	WORST
ACTIVATION 	TANH
COOLING_RATE 	0.0012000000000000001
TEMPERATURE 	100000.0
TOURNAMENT_SIZE 	90
maxGene 	0.9999999999999999
minGene 	-0.9999999999999999
populationSize 	110
maxEvaluations 	20000
mutateRate 	0.95
mutateChange 	1.6500000000000004
seed 	1646684373006
random 	java.util.Random@3ada9e37
numHidden 	14
numGenes 	129
Training Set Training
Fitness 0.017851218383596705