-19.262433529724944,-12.189405783009514,9.941578421430338,-1.7868350733005034,5.699176937537789,-0.6805831436336316,7.818911772416421,-1.5828434603907606,4.343008388956541,-10.451471069144823,-4.623305882697766,2.143205974233262,0.2742744703763007,-14.446268423436825,3.1785294660261663,11.39931342635359,12.037351387276633,-4.226083333749905,1.496340898113182,1.2924064636765973,-6.046464148783556,-4.865674930226195,-15.378433435164878,-14.95797110640965,-5.9239617944572895,-11.774527921781694,-13.476679837475725,1.5007425112325095,-14.013586324259082,-14.281826954043245,2.9830329851754698,-10.994679768632835,12.439411253082586,5.704334384233024,-14.383874408620128,1.6615903753001273,-17.20010010552972,5.0748282347697184,5.988145288299513,-3.6013153410790304,11.74244240945787,-5.891505960699348,10.10987954674047,-1.1835597234142474,19.871650617812662,-5.75668977780549,0.5822647140321724,13.185316377061477,6.2303240092943915,-16.07784424056681,-15.942317569226566,-7.42635835473498,24.936274020584356,-19.117530544961944,-16.377067739918445,4.441475743488196,-2.447143441090452,-5.328619125475309,11.943755214698713,-12.990478189666076,7.679180227265096,-6.7075985807580185,-8.032911153025923,-6.231543254604841,6.60792986588792,-7.203719014469511,-4.138004042834281,-9.950893592791767,0.810036560815794,9.7196752979716,5.915209029985795,4.457191278856666,5.390542411192442,3.053819542883561,-1.4185223087856356,-5.376573668201766,-3.732800450175926,1.8623475475921287,-8.348554128699977,-13.537984535804144,-10.28186494655854,-6.685546010068297,2.709698585545654,-4.018692622882214,-11.519308350477669,21.18230239537055,1.1286546266627573,-4.080394474031558,4.630321714413155,-7.818715416842505,3.069867136112353,-14.470112724569608,10.447338826627453,-12.896593825232602,0.4389768837348118,-1.8537144835407293,-9.989255091949707,-2.2340057550289565,7.763198089438023,-3.6904063919162002,-1.9864933133319616,4.23954512690352,-5.175552927279525,6.874987684080889,-3.097731002730322,-6.19903601372296,-14.721901931538905,-2.27738774607106,4.302343965360391,-6.109205405942312,-3.064295369313017,-1.9598268144735718,1.2984127770072877,-11.620590710493378,6.786402173743728,-2.8562775186517175,12.438946705527979,-18.065651415978124,19.348298169974974,-4.028944848459728,14.400623779335424,-0.6432859623652103,-17.18585281572998,-11.136351087243506,9.49442458094219,9.959432266555309,26.270070741506622,4.099600753242838,8.438276164014148
neuralNetworkClass 	class coursework.ExampleEvolutionaryAlgorithm
INITIALISATION 	AUGMENTED
SELECTION 	ROULETTE
CROSSOVER 	TWO_POINT
MUTATION 	STANDARD
REPLACEMENT 	TOURNAMENT
ACTIVATION 	RELU
COOLING_RATE 	0.0011
TEMPERATURE 	100000.0
TOURNAMENT_SIZE 	10
maxGene 	3.0
minGene 	-3.0
populationSize 	110
maxEvaluations 	20000
mutateRate 	0.95
mutateChange 	1.6500000000000004
seed 	1646684373006
random 	java.util.Random@3ada9e37
numHidden 	14
numGenes 	129
Training Set Training
Fitness 0.023425111271896937