9.012755499727385,8.731055896314768,6.662226359808644,-4.645183572914987,9.47210445231083,5.671731305620309,-9.015077990015554,-1.6210575837589047,-9.141598383234337,2.3510770687768217,6.866582014500603,-2.432178074730664,1.0461446910168615,1.7618314895393876,-16.11233952372445,-1.8084693875221447,-7.56061170791315,-6.920359118154883,6.972723111642388,-4.345258283376162,7.551442690732815,4.934823910895692,5.618362267144775,-3.7377508631799135,0.2983947794438917,3.8712473970777346,-7.279355959764628,-3.906799653116999,-4.542924978881037,8.051430178707403,4.003299583520603,-6.7953158386082055,-1.8513624846418377,8.724417281418443,-10.222835903748155,0.6114833510022208,-11.643028040499452,-11.632113470108969,2.928165742633091,-2.2475179814109634,-9.423290725590409,1.2983704776564307,-0.5145353518357734,4.455381471362258,-11.841368147896372,0.7134020568172099,0.6131371563079604,-2.6499420244998024,21.030843587779685,15.98680969768393,-2.0519017785119624,-8.24293931811527,-0.7278936686598092,2.383314272905242,-6.526248316074055,-2.508574924292004,-9.550709390562108,-5.909003677279983,1.823156273462324,4.323146233663626,7.603940170720694,1.2401312209260844,5.497288443614526,-2.4750306787555285,-4.726498857218142,4.066247133711294,2.7442712721621483,-3.8476312578132417,-5.612930801924293,-3.7211904200114283,-2.7496958378401883,0.874163617319911,4.242739276180357,1.8818258036264672,-9.836308180567947,4.669527785512449,-0.5789907968627439,-6.778226326303096,-12.606478912046278,1.8778984438514392,5.186804508381341,10.107694490002697,5.824274021648147,-2.3064854762897866,3.8578912290355714,8.05736496502089,6.690953552246844,1.589970584682046,-9.547185020994377,-2.549764650234618,-1.4433732726300077,-3.420696692562391,-3.737499131076312,-3.7791839635173954,11.119253431240141,-16.31308324297264,7.142044360567219,0.002068253545095544,-10.966744260566971,3.5190791184562915,-1.2037670519619228,-8.82335271206828,3.2619260509340178,-1.6479303857889516,18.089921429036004,0.6702093341518465,5.46190484890373,-8.588439030149592,2.5303255696100724,0.788204948533842,7.1304855744986835,-6.9504048676977686,7.41316218968845,-3.245155749221401,12.221893761414139,-12.225718333865677,7.72779024953252,-4.310862106043199,0.5273159883989518,7.1114996138201345,1.4020537846612005,7.085332450965266,-2.114835204120836,6.3789196126794545,0.7975505838848953,15.734986146174041,1.5829171649372604,0.12600336020140368,10.870779031295816
neuralNetworkClass 	class coursework.ExampleEvolutionaryAlgorithm
INITIALISATION 	AUGMENTED
SELECTION 	TOURNAMENT
CROSSOVER 	TWO_POINT
MUTATION 	STANDARD
REPLACEMENT 	TOURNAMENT
ACTIVATION 	RELU
COOLING_RATE 	0.0011
TEMPERATURE 	100000.0
TOURNAMENT_SIZE 	5
maxGene 	3.0
minGene 	-3.0
populationSize 	110
maxEvaluations 	20000
mutateRate 	0.95
mutateChange 	1.6500000000000004
seed 	1646684373006
random 	java.util.Random@3ada9e37
numHidden 	14
numGenes 	129
Training Set Training
Fitness 0.013948941411171385