2.7302981682705365,3.1111544279692493,0.5858734424907812,5.998911838550187,-0.9598098386687326,17.60782952491443,0.29703108213533724,-9.439770295248135,9.415038825098016,-5.4212513368409745,11.64624081835612,7.978982238265443,-12.044918229603924,-5.414993995444682,-3.885068511718792,13.238435019227635,6.32243220242302,8.7576391063891,-2.720518707151708,2.288051200212193,19.62933150368064,10.204599948301878,-3.735127374122012,14.537874563889234,-5.502868342193036,-7.802251387602171,-0.8348933499792652,7.224719977347059,-8.420176600502536,7.013414299692306,12.693257584021392,-1.2371470571619385,-0.9434413368307206,19.236790889770283,3.0225919109518893,-10.231787327412478,5.019171605891864,-10.306103929991947,1.9639143850351237,2.6720448180373584,-5.583564681041993,-1.6226910890126263,1.7852882249042779,5.354812423331349,-9.985300371850256,-3.51578116095855,2.9776946191900038,-0.05685644210165641,-3.3351904376445294,-0.08959602946846523,-1.1900850114603223,1.0205683918627635,-2.3616683951598754,-10.292205441883896,0.4003297900222975,7.962923473445503,6.96939917895431,2.094323541440084,-7.721457030264586,-3.1005019902426634,7.323694639322918,-19.676570088618476,-1.4931535631574446,4.8213948652993,-19.05470376260159,7.305802443717278,3.2055302848217853,6.1466211537385576,-7.866041558992126,0.5864621954771829,-2.4141992967199855,-1.132413564300724,-4.306120647792067,0.6837681334554944,14.433782460048755,-11.14552595466919,12.238265959803906,2.5238650513422485,-2.243291611968166,-12.409896298868343,9.362582995093794,-7.694683383092089,5.929971810714399,3.4728629550967476
neuralNetworkClass 	class coursework.ExampleEvolutionaryAlgorithm
INITIALISATION 	AUGMENTED
SELECTION 	TOURNAMENT
CROSSOVER 	TWO_POINT
MUTATION 	STANDARD
REPLACEMENT 	TOURNAMENT
ACTIVATION 	RELU
COOLING_RATE 	0.0011
TEMPERATURE 	100000.0
TOURNAMENT_SIZE 	10
maxGene 	3.0
minGene 	-3.0
populationSize 	110
maxEvaluations 	20000
mutateRate 	0.95
mutateChange 	1.6500000000000004
seed 	1646684373006
random 	java.util.Random@3ada9e37
numHidden 	9
numGenes 	84
Training Set Training
Fitness 0.017075392781723483