12.048128936414376,2.6679408839361933,-1.0308633539287442,11.28372542974788,9.268234712529615,3.5098845764517437,-10.393520980477575,8.296574076533378,0.11521839184563065,15.36678486005039,-7.169420903438581,-9.195853020783042,-0.5528651563435067,-10.542214547058018,-6.698198985250238,-0.7676768263539024,-7.3885736169456955,1.1187671759020734,0.9532365272566459,2.0131003650516064,3.8169153853648705,1.1377542025597456,-4.077353997468144,-15.818157538903282,4.224072881579238,10.545415110815378,13.963349955514696,3.8286278319115485,7.012901012436705,-7.952560648674906,-0.9478008064272245,4.163329295986102,-5.6540283524209585,5.496896620574251,7.302203696095598,12.74663527678132,2.7148651827041945,-5.821484925623444,2.9893539367760047,1.8442997647897998,-6.00854286873983,-1.9368570282276059,10.817621982179991,6.22948692175779,9.501204167622632,-10.060514290857425,6.773081600894413,1.1381540798433214,3.943782924672064,9.041538584681884,-16.49245912272856,-0.27500497472726426,10.60713880899561,-2.386035840077877,7.3440334788490365,0.8725439923819849,7.054205391351802,-8.156009285323517,2.4109677736739403,-7.176381968941241,-7.442742679864127,3.7372362762926636,5.488686283976218,6.887354596988974,3.96306378417011,7.12619175870776,-1.7583588318836325,6.5116788628851685,-1.0072885560832558,-4.8760762875531665,-1.438655873784684,-12.179887388267552,-3.486829536040089,0.2718861761198905,-6.240296945081386,12.028416540854733,5.863378526038131,8.929558497265482,3.5793096252813204,-16.663366059021072,-2.5241771279940375,13.314955093423487,0.5766966719746325,9.484683110409975,10.25530153284008,-4.271119652986592,4.486536110061415,-10.285276634876944,4.009749960006006,-2.5178696412031742,4.289201686627339,6.601098508496936,-8.976279697855244,-4.106328961749686,-16.16892576816793,-2.8112620129708406,-0.4266938836100911,-9.710848600943118,10.98641981003045,1.6734762968082322,2.5520059223493217,-6.997063291069555,-4.748375402190945,-3.787172318243824,-12.289775705770545,5.923176838583698,7.277023031380214,-0.7266681118244369,4.206810887500673,1.1682516155219176,3.968509588714065,9.200664909518212,5.67924136472409,-7.40573664622814,-0.41942306092845616,6.691286777178744,4.009747713336085,6.65707559992723,1.7743766076203897,-3.3005238897279003,-1.3520921067664577,-3.7112754877456577,17.978851931109112,-13.168819613859716,-4.654091740310625,3.5968574082279243,1.919945104197458,-3.24381264719125,4.070895317139286
neuralNetworkClass 	class coursework.ExampleEvolutionaryAlgorithm
INITIALISATION 	RANDOM
SELECTION 	TOURNAMENT
CROSSOVER 	UNIFORM
MUTATION 	STANDARD
REPLACEMENT 	WORST
ACTIVATION 	TANH
COOLING_RATE 	7.0E-4
TEMPERATURE 	100000.0
TOURNAMENT_SIZE 	90
maxGene 	0.9999999999999999
minGene 	-0.9999999999999999
populationSize 	110
maxEvaluations 	20000
mutateRate 	0.95
mutateChange 	1.6500000000000004
seed 	1646684373006
random 	java.util.Random@3ada9e37
numHidden 	14
numGenes 	129
Training Set Training
Fitness 0.020316627818754936