2.5129485145043304,-2.9519812905400395,-3.7063707278571103,-2.39365953109061,-3.2733558850842126,-9.043323976946748,4.598622208503187,6.272337995597459,-5.394323862659613,-6.584144241795766,-6.151747029723153,7.508730567409769,4.475149743664173,-4.464368836328633,-3.423975722765741,4.653697742610034,-1.0016178383102154,4.740337719298939,5.759021625434912,2.2357488687321854,9.515268331001595,3.6377448368795804,-5.564243924315764,0.898401452950714,7.835495204583678,3.1104436541714433,0.8307533378602665,-6.994238247814625,5.134835097757428,7.66235046373309,7.958924875452376,-2.7836036325204176,-2.6507678386680285,-13.315919996697666,-1.7770101565311478,7.137496220580685,-11.704619194311043,-11.0806909330228,1.7449508708896406,5.983439700748228,3.067978660492823,-1.9798971621560284,-1.1121378151207484,-4.887524625378543,3.142832931404458,3.8648212230294248,6.999629963359913,-7.70692711293244,5.4336896289423295,-12.510983782800423,0.9349071341118229,5.462343525163451,6.380070597704136,5.814776439621847,7.892537710722291,0.8259545144761837,-7.711700062526393,-11.325402159364426,1.1932482331881253,3.975210178404695,-0.7163338633789627,0.6262676111037528,-1.59880909335509,-3.7202557919155184,-6.756931071517728,-1.1683203465584762,6.140589282448737,-5.729216475710851,-9.081025434641997,7.27203467774651,-0.16965520200883333,1.6438492292785067,2.861014153524293,1.3333991717115996,0.27243340916894354,4.761544506148592,6.272420692075638,5.436828044892687,-1.1454701822432583,0.7710683310740079,-2.4931403163173336,1.1149927734186988,9.389404854710644,-10.377427597328998,4.867064563554173,7.352490714417062,2.7132509495800248,5.3834696507341615,-14.089947368302171,2.059744155458289,-7.7477968267270185,1.5402807616389276,4.994551165733188,-9.459365916452576,-2.109072178873122,-2.1864052421414932,-1.1753716947105053,4.341746358642921,1.0392646081611456,-6.616800305727724,5.849377140306114,-3.263656336112094,-4.657485960487634,2.179427865637904,7.121864767946366,8.398910540125584,-4.331926940885326,-4.106758820238211,-4.89858384581199,-2.5836480206842136,5.425732426727377,0.8915673577757719,-3.248338026827078,-1.1403369900702973,-0.8089456852941437,5.195885393035344,0.6077745197135629,0.6570512734433551,-9.474134683491338,-0.6674294938117598,0.6085849520686857,-0.5032344560931401,-1.023005869493204,-5.8507500115756965,-7.471564587212779,6.279502581740227,2.5385284644101223,-0.8996091190572884,4.707889765465406
neuralNetworkClass 	class coursework.ExampleEvolutionaryAlgorithm
INITIALISATION 	AUGMENTED
SELECTION 	TOURNAMENT
CROSSOVER 	TWO_POINT
MUTATION 	STANDARD
REPLACEMENT 	TOURNAMENT
ACTIVATION 	RELU
COOLING_RATE 	0.0011
TEMPERATURE 	100000.0
TOURNAMENT_SIZE 	70
maxGene 	3.0
minGene 	-3.0
populationSize 	110
maxEvaluations 	20000
mutateRate 	0.95
mutateChange 	1.6500000000000004
seed 	1646684373006
random 	java.util.Random@3ada9e37
numHidden 	14
numGenes 	129
Training Set Training
Fitness 0.032591236854669366