-16.511043016926386,-12.426949989314503,-6.10775975106397,-5.099437825567916,-4.247769963552243,6.081640357004417,-4.144612844945888,9.618612356717724,-12.699914207060017,9.479676982915121,-6.09828085394259,5.564860596059567,-13.277120381818856,-4.865217311627362,-9.808986473759429,-13.39655433305589,-10.66387695457385,10.24810449681889,5.274524352025367,1.817385421314568,-4.618876904862718,-12.738830028156602,4.078539208756261,1.3945677503646716,9.034866992556573,7.505254535990798,-10.218662522023633,5.5762274158797585,-17.559315012640788,-6.827409274916107,-22.640835866219042,-15.279769827514597,-0.8665441432421268,-7.321500278161899,3.2427330013527076,7.921957098119144,-10.539336443900874,10.522357649418725,7.866115912797987,-6.1700996059537125,7.254618663303031,-5.533616633149178,3.426784093153925,-7.921706211762594,-2.5839241327742375,-6.023934548730917,0.355421314141362,-13.091883720470996,-4.589790459988643,-16.275863202676774,19.486070203913066,-0.7385734258425192,2.9244662096477816,-1.386049839368857,9.060568544320265,-5.850171279711276,-0.4262907414665591,3.706555232465388,7.631926370705436,-2.0881546275740126,9.634318833602867,8.940026273479223,-4.783430447274066,8.869839536929119,9.659101626101437,4.075089163987949,-2.888166037084492,3.7550678225131104,8.05791826750299,-2.647878192897079,-2.1459537520771352,12.626173575430947,-1.4552776062764181,-20.541224218826216,-8.864161495169315,3.905654834538865,-13.03871818257218,6.700985832941397,5.921369415593989,8.837213194860688,0.46633953587462074,-12.411771060771589,-10.861544629596034,-0.35801711032086025,-5.487303931831163,5.535746016506679,8.522536395908677,-19.338361674313468,1.601658180626833,-3.823144925270399,-2.153530884834586,18.686942887599493,-9.388308241653508,-12.511527075865192,-1.5696133333840407,-6.12298134969388,9.90051706779105,5.282394902439831,5.813777229637545,0.7113120239915638,0.3072134531864581,2.6032001717392754,-3.6233395614235206,6.186190599405364,-5.629126589718911,7.547399882462089,0.7642840781920093,-6.096868383059698,4.147314738038614,2.914155724112261,18.253468605502576,10.923099113158697,-15.153316098168514,-1.140045133255593,-4.1257720549024,-4.3532304053369595,1.5240005812976065,-6.056688994079216,-6.199684507273898,7.978804565752068,-11.378056859641424,11.613006571311304,4.388354543625756,0.8356118007376718,-14.082025593998631,-2.4643496933555378,6.329864048550246,2.4458398376127626,-17.072719491428813
neuralNetworkClass 	class coursework.ExampleEvolutionaryAlgorithm
INITIALISATION 	AUGMENTED
SELECTION 	ROULETTE
CROSSOVER 	TWO_POINT
MUTATION 	STANDARD
REPLACEMENT 	TOURNAMENT
ACTIVATION 	RELU
COOLING_RATE 	0.0011
TEMPERATURE 	100000.0
TOURNAMENT_SIZE 	10
maxGene 	3.0
minGene 	-3.0
populationSize 	110
maxEvaluations 	20000
mutateRate 	0.95
mutateChange 	1.6500000000000004
seed 	1646684373006
random 	java.util.Random@3ada9e37
numHidden 	14
numGenes 	129
Training Set Training
Fitness 0.029503662220268595