8.786468346019777,-6.973658190823486,4.62558055098048,2.262182930773416,0.78230030657814,-6.475455022477591,-6.005735057313138,-1.5862681636810416,7.562461234022651,-9.675965037237372,-4.895970832812967,-2.154313081059316,-2.2598075951534806,-1.8599905881251058,0.06510755294031823,-1.9217129548766376,1.4048185076351394,-6.081854392903396,6.087883321862571,-9.293137601613866,0.25087238329245043,11.073688046643332,6.47676943637852,3.5212865823262085,-0.7599000373488676,2.31188905957241,-3.6691556319693204,-0.7774053629223929,7.915086399282753,-1.5339774457436377,-5.027093160747812,-1.8693951548033931,3.0359743744524135,5.826295007456782,5.075103857825331,0.507238463846523,7.751980841623383,-5.942405258207843,-9.366732675244364,7.838590924229269,-2.752846016486295,1.2161223396845617,2.0635799194657967,3.224669155988023,1.1150450144158786,-2.5754395987129213,-0.0958243342495666,3.9690677852152483,8.21970378703274,-2.3974537415961805,4.5507632167275665,6.7417153278009385,0.6406452810391405,-2.6761765748798867,-14.4606520227398,-3.793816447387906,-2.3728393286419944,-0.16644521355056696,-7.789391865333186,4.408910695965094,-4.847409323808191,-5.341109601632047,-0.25052985399853966,2.6210486073393655,3.361903968947346,-5.31700613436419,0.739907897544839,3.804503676365342,-9.303834454066065,-0.3726609819590454,7.6589786035204055,-1.1078990930469592,-16.744790073568527,1.599196150390692,-6.9944098879237195,1.9776603918587945,7.425067480227324,1.3108424733446489,-0.1815199186541201,4.055132213144773,-8.500567393711286,6.414133004545039,0.43437112902313224,3.576799822077275,-1.5353116222091137,-8.331316103163756,-1.2287499512426443,7.718915980490553,-5.054255352521769,-2.625973540170122,0.44320602918270513,-5.151001224174845,2.0251753431485326,-1.3043005109543575,-0.7777565235553174,-7.767626698216128,0.2508775912185559,2.7523582746105024,-5.44102804376066,6.396402690252094,8.387709747424175,3.855587868598585,-6.141940004056863,-1.0607859571041596,-0.553701181759136,4.406214416030753,0.3758226307081811,10.875581501982774,0.9374418233136499,-12.399475973105961,10.516297679265795,5.705991127119176,1.7032627026400764,4.536901344138626,1.098651096888438,1.0757674437493878,-2.433483243496436,4.48801342771676,6.302733619413649,-7.640493869881277,-5.5828274630850885,-5.534226997688802,-0.6789017758698006,-2.288088357575738,2.920632728507136,3.5559247649474433,-2.495230216983492,-3.6804983132461704,6.134692308534936
neuralNetworkClass 	class coursework.ExampleEvolutionaryAlgorithm
INITIALISATION 	AUGMENTED
SELECTION 	TOURNAMENT
CROSSOVER 	TWO_POINT
MUTATION 	STANDARD
REPLACEMENT 	TOURNAMENT
ACTIVATION 	RELU
COOLING_RATE 	0.0011
TEMPERATURE 	100000.0
TOURNAMENT_SIZE 	90
maxGene 	3.0
minGene 	-3.0
populationSize 	110
maxEvaluations 	20000
mutateRate 	0.95
mutateChange 	1.6500000000000004
seed 	1646684373006
random 	java.util.Random@3ada9e37
numHidden 	14
numGenes 	129
Training Set Training
Fitness 0.050694354329701444