-8.065497007662856,-8.319596886652901,-7.845120539435694,-11.303232368316996,0.3051528057965518,-1.970592545648851,-0.27324929914353646,-2.0930815814242134,-16.307771526266713,-0.0861253878190058,-2.0590020808509872,-6.968337421769989,-5.004294264869741,1.6539595389279285,11.283926392653544,-13.559799621368136,3.5701518352968566,-1.228082700300023,-1.1707621553684016,2.963897874894104,-9.759487835617596,-4.864185947275035,4.949094147830461,1.849646470324696,5.326097423096559,2.9882896068982934,-1.5155438818885347,-3.7961101632495713,-3.3588063604921583,0.46574577705106535,-2.1297702116122155,-8.441852783322261,6.915092894988957,1.7138886111881177,0.3166745701260729,13.449803079228131,-6.330483364498143,2.8460578225895716,-0.31060796667630086,-8.485355968860395,-4.531143272522026,-1.8982298009014826,5.090595504567123,-0.05443570866412628,1.3519163488335542,8.181479474946382,1.359499648461627,6.707729516974968,-3.7896507785342965,4.539012240740945,3.271692614662774,2.0914152821633802,-1.1924988013014888,-2.0689218438567734,-3.763699720225608,-2.957148006928798,11.316666221884406,13.583684314716201,-3.331861925921512,-1.8232432665096212,-1.315153187276218,1.2715445747045333,-8.57812041748575,-9.653264103139705,4.775278893064511,-10.109709698443291,-4.798956306910759,11.874794093779649,-6.127547689574985,0.0651944006760381,0.4952742973047277,3.1014704293341953,11.591631208668279,-3.269854746955823,-5.358889877322456,-0.3231710611623724,2.870968386029647,-0.27957739221615086,-1.4370527726217759,1.9642405758316475,0.4701135182126732,3.2934564640758737,1.8495231721886913,-9.964912741251313,4.843444187181712,15.006736936776965,-9.998751203531434,3.615079791758122,-9.59094143091378,-11.905387568784796,3.5009080842197573,2.0764322840152594,-6.690279056528661,3.073693896792655,-3.52069618717625,4.484016082136187,4.5803914592610475,6.992606919754424,-8.28792480398856,6.222150212730315,-3.210111814176498,3.3424603435403277,2.1084528741046595,-7.063233406899629,-8.217044185195036,-6.4235294638289115,-6.6536040219429555,-6.84650142703846,-4.857359796892303,6.858229484481349,2.9086796693828534,-2.871888600499032,-6.3684793553908765,-1.4073240605706907,-2.131201696318579,12.774828558599186,8.412057277248064,-0.18526270536262368,-0.18692757682774008,8.25138883473943,-6.4477871700611225,5.1136852078930435,9.61058779037339,6.694297559166053,10.148658535060813,1.5907883467721602,2.123980273193343,-8.267323497164687,5.316593806945461
neuralNetworkClass 	class coursework.ExampleEvolutionaryAlgorithm
INITIALISATION 	RANDOM
SELECTION 	TOURNAMENT
CROSSOVER 	UNIFORM
MUTATION 	STANDARD
REPLACEMENT 	WORST
ACTIVATION 	TANH
COOLING_RATE 	0.0011
TEMPERATURE 	100000.0
TOURNAMENT_SIZE 	90
maxGene 	0.5
minGene 	-0.5
populationSize 	110
maxEvaluations 	20000
mutateRate 	0.95
mutateChange 	1.6500000000000004
seed 	1646684373006
random 	java.util.Random@3ada9e37
numHidden 	14
numGenes 	129
Training Set Training
Fitness 0.045215853323999695