-4.531844877594537,-4.582838345154322,-7.9033049598651886,-10.968243319569064,1.297191686654397,14.158187167460605,-12.739155627734078,-1.5992598407092737,-5.816176180577072,4.584361590330124,-4.5519406806390315,17.109125718386913,-1.4084146591653557,14.737429436171123,9.805402814168703,-18.09040336699556,-5.547432944917689,1.2047633132765707,7.826243319683265,-14.537962730836332,4.299516008925652,6.939079370902478,-8.882715936501361,-6.257690790326931,-18.420147267140855,12.589498955080607,-11.147173400591454,24.27994577832922,-28.66364019278859,-1.4381845173094412,-24.489798455027135,-6.643509411455209,-7.945469731448094,2.725433469087317,-0.21071516320461647,-16.91043421062745,3.7292958261243143,-0.37843973664446473,0.9654993065859347,5.858615027295052,-0.9059052470547853,2.001833189211456,0.509689539548603,8.496623623974257,-15.967032733084888,16.98868371129904,4.629740851713897,5.9279834761356405,4.86160520137463,20.54833884223754,-3.5522044469152636,-10.973979727252484,-2.2839834900641893,-1.2455203293010317,0.8234070815335954,16.244570486552274,18.227695802893003,-4.404821177598217,2.666956694015852,14.596346250374003,-5.458067453326757,7.537851385024878,-15.540861902554543,7.606690575230761,-2.8488824158283954,-15.133437506884176,16.10130565552373,9.814683916400043,1.2676460113716193,-0.756854808456346,-4.582039658938038,-12.125579237392884,2.7512479256210174,2.4681883856610067,2.666636499415196,0.27763582514710006,-3.6666877439617327,1.880069070662918,4.981934044967208,-0.1752812005554878,-5.203994878652438,2.3798069256027574,1.9394262838618648,-0.18548454463198105,0.8167169447118248,0.7566334121598857,-1.7783416856140164,1.0541718786225989,26.2786059121686,7.9637740319687085,-22.49756617130931,16.808639196027393,-4.4742556127303725,10.256052008544136,2.8370735962404954,10.365315032617806,3.106602780971164,1.4505336553182246,-2.994686178742457,2.132655983541083,-14.597655257317554,0.7585402352706971,-2.3500042288073573,7.022457366621332,6.726640057224214,-3.0880338191077215,-1.9613176574796087,14.0838531539289,0.36143651219724937,-3.181051706058552,-8.003177167855792,-11.537048919057497,3.708364234121163,-4.866458655883395,6.770071971640769,1.0553742346630557,1.6881849674078913,2.411167238170435,-5.8801511234688615,-5.550156823919864,-8.88907232072669,15.29621057299029,9.490215096828756,-0.22071137452544054,-3.1329094355901104,19.400244361850085,-13.744375725179534,5.101846895173212,-3.594477829389077
neuralNetworkClass 	class coursework.ExampleEvolutionaryAlgorithm
INITIALISATION 	AUGMENTED
SELECTION 	TOURNAMENT
CROSSOVER 	TWO_POINT
MUTATION 	STANDARD
REPLACEMENT 	TOURNAMENT
ACTIVATION 	RELU
COOLING_RATE 	0.0011
TEMPERATURE 	100000.0
TOURNAMENT_SIZE 	10
maxGene 	3.0
minGene 	-3.0
populationSize 	110
maxEvaluations 	20000
mutateRate 	0.95
mutateChange 	1.6500000000000004
seed 	1646684373006
random 	java.util.Random@3ada9e37
numHidden 	14
numGenes 	129
Training Set Training
Fitness 0.01502657244878718