0.06774093156125627,12.931015059751822,-0.07956936044892071,-8.68722798412847,-6.739298021301005,-2.4264282012807605,-2.41491854674491,1.3407487367844624,6.51205785266284,-2.2497707696223577,-8.788250629926784,1.3338231495264727,6.682726557253577,-13.986815403637975,4.385986625710956,-13.708862965974914,13.896132727026467,-5.718477283360444,-3.7461815177380915,-1.05353938645335,-6.446574983651212,-0.030018014425479578,-11.841040068583737,-5.874240616664178,-1.5262627467160037,-13.98833475204969,-1.6087595539204358,-12.076020896072261,-11.897376839282206,4.609325277909724,4.138777646996923,-2.2258410443619723,-3.428757659650268,8.042436397423373,-10.942853668211924,-4.494194244181567,0.1408330074095172,-1.237662509579713,1.1519877616094725,0.8757962186253003,1.9314586513736982,0.875313923810003,-2.182786881949885,14.503898388240067,4.0609662979382595,-7.55643789604316,-0.820847185461469,-0.7436680047724202,3.209552390150156,1.126557014035651,5.717709720835251,2.044618068623782,4.877280163487333,-4.7095751673265225,-0.231223002052392,13.793291653305662,12.966348625672513,0.2804980044578844,-8.692116994946003,-7.571113291323371,-2.003133398166848,7.782308663629054,-14.526769704551073,9.453920679876811,8.654334696394812,-10.461144668046245,3.356998147734929,-2.4065555065432935,5.11899784933934,8.897056158113791,-0.7730179528217214,9.238045089471283,13.741676124001476,1.873877761383687,9.086344212336542,15.75601709520961,3.4076415865649867,3.3127106593978217,-9.762542975035146,12.008750630309548,18.369558427611608,-5.206864185512972,-12.66348208279893,4.577207607956732,5.1824567644356225,1.2123097279789654,4.858825290695099,-8.70631045596575,-11.611834028181436,0.9737700444250912,14.740298916433563,-5.478075728025232,14.523583766003588,-14.450457506270196,-4.230959603324603,-3.9101677151449987,5.966611373601596,5.824010605811802,-2.128572793071349,-4.7968433557207195,-11.714459102259621,-2.9169165139378492,6.120435636470752,10.204471836252868,2.522127361469277,-0.9202206709302834,4.089597902078301,-7.359086882905498,1.9155403442425394,8.037416732572698,4.984193486169559,-4.434702907670495,6.31383394131954,2.844187720771457,13.051983494144553,11.669132127497914,-8.12846544788673,-2.102039592589705,-11.141000848454341,4.9323449536046535,-9.10360665647881,2.3777421435077084,9.361596029511016,9.823378932041562,3.1353074733025803,10.94830640097393,10.31419134941106,13.04464568209702,1.3788648457424388
neuralNetworkClass 	class coursework.ExampleEvolutionaryAlgorithm
INITIALISATION 	OPPOSITION
SELECTION 	TOURNAMENT
CROSSOVER 	UNIFORM
MUTATION 	STANDARD
REPLACEMENT 	TOURNAMENT
ACTIVATION 	RELU
COOLING_RATE 	0.0011
TEMPERATURE 	100000.0
TOURNAMENT_SIZE 	90
maxGene 	3.0
minGene 	-3.0
populationSize 	110
maxEvaluations 	20000
mutateRate 	0.95
mutateChange 	1.6500000000000004
seed 	1646684373006
random 	java.util.Random@3ada9e37
numHidden 	14
numGenes 	129
Training Set Training
Fitness 0.10136647547429758