2.027292608191029,-5.423888542396496,5.413517725274565,-8.490025671367317,-1.3637307252373154,-4.906578220768221,0.33756139078924186,-6.390343346111278,4.359545889221579,-2.698713147153267,10.14793371706041,-13.802229925837088,-8.940809067665676,8.36629144876446,-4.622186097489872,-2.865604701483848,0.22234758091394102,-6.923226968203659,1.7868529674925826,-14.413552740260924,-1.2846420729076407,-14.241310193590115,-6.978698513568458,-4.555417959459161,-4.5832864509766935,-1.635830041820066,7.575224323377698,3.3844127518300087,1.2810668997581462,6.086053690454577,-2.6310978737528825,2.6813953813547835,4.38614512618914,4.4107188226408205,-0.6461199701099432,0.24148336615248223,4.301522733371948,8.817966581136337,1.1849842799620616,-1.8501187553181921,-7.957190648740662,-2.7792691251641575,1.5179852619669374,-1.3820355205462649,-5.713070228091064,7.708852953033883,-3.702554379803331,-3.62633569454945,-5.226226615705407,-4.429843843235242,1.0426516503630037,8.84335353542898,-7.34339599032888,10.108530666285189,7.870384679278235,-4.336497926203199,6.988230425773163,4.412729513348847,-3.838349539908616,-7.5618954476697855,-6.357954307785023,-2.1489405456196113,1.6353409339143177,-3.976880135415795,-2.233346403201617,3.4761308315933395,5.6351647670163345,-5.578107734430455,0.5599101826010267,8.370323141591971,-10.432957805350144,3.765763017044655,-0.5271830583280117,3.996597912531498,1.2425162456215366,3.3318119681697613,-2.6841875342919153,1.4407824407939618,3.839596310116034,-0.8350954603691569,2.1396186238274826,-5.5595713856395115,0.4858056007946008,0.07395435291770869,2.049905066648239,13.09183556240154,-3.500935245127689,-9.387454784765405,-2.210352243635629,3.010810358042548,-4.359595910505409,-12.268209162072067,2.285165605391475,-9.955774324346587,0.5383551555531216,5.1585447441947885,-2.398572699328028,-14.26158542744529,4.43823181238192,4.154808902989467,-2.910668158613805,-11.233068038769854,-0.38962900532719225,-8.545579799710787,-3.8177249444711734,4.954192248810823,6.569762590562044,-11.649166679265376,6.061421726685613,-0.3970203245514474,-4.784644140275317,0.5250488125123649,-4.641282639362801,5.392810459316754,-1.809307953704553,-1.5945287546191809,5.603775740220906,-1.0873886258531655,0.44836891230595555,-2.708284047707785,-2.3046051005268797,-1.3748350155975826,-3.2807947393428423,0.9521196805897016,9.440559245248608,-2.417748546853611,0.9428302413052965,5.019940555675256,-4.546604014629308
neuralNetworkClass 	class coursework.ExampleEvolutionaryAlgorithm
INITIALISATION 	RANDOM
SELECTION 	TOURNAMENT
CROSSOVER 	UNIFORM
MUTATION 	STANDARD
REPLACEMENT 	WORST
ACTIVATION 	TANH
COOLING_RATE 	0.0011
TEMPERATURE 	100000.0
TOURNAMENT_SIZE 	90
maxGene 	3.0
minGene 	-3.0
populationSize 	110
maxEvaluations 	20000
mutateRate 	0.95
mutateChange 	1.6500000000000004
seed 	1646684373006
random 	java.util.Random@3ada9e37
numHidden 	14
numGenes 	129
Training Set Training
Fitness 0.03716799813801858