-2.1099846858383886,0.6655694419099429,12.418917579297691,18.740676220503026,-17.743140449718204,-5.06004224084948,-0.607633854647653,-0.9733886736515203,-0.30574343897609335,0.5457070121107188,-16.11303563991513,7.607870695972923,-9.174733051929746,4.084480805918345,16.951014312497747,15.761992347205926,-10.071395572460647,13.084047589232295,2.4804729800679723,-6.322263010937855,-9.854366723914564,2.7381527717085454,-5.614967259971097,-3.919469385696342,-1.8208962380603344,1.532389077196822,5.663362958531027,0.491457189571328,5.078162793948486,-10.128960215364986,0.5216419333023357,-6.526755020772068,-7.734256324498698,7.428042078534938,0.7437011655378392,1.0809254597547282,7.425687852627256,7.645817333400737,4.13021161069404,11.822022512871563,-16.2390110637528,-1.9383895191516114,-5.3060819685959615,12.863181743182896,17.995884331270737,-10.83120627973161,-1.494133818962256,17.13046360277292,-6.482804578763199,-1.2228853526419812,-2.657927110741003,-2.784478338073571,-4.839572200101694,10.561412205441497,-3.174769746612781,4.190075885582443,3.9224787259474834,-7.639894940859911,17.265268165303937,0.18152397420955957,0.9391732243924817,6.942628920211158,-12.138686649511765,-4.087114771070192,1.9062015834058386,9.044110546362363,-6.550052683646999,1.1321993285061671,0.8123600704171592,0.26143696908368774,2.4864061854188693,-2.442476695005725,2.247314977357844,-2.3178853792586747,-6.998353648129133,-3.3541500299478617,-3.83651739344257,-9.969075605875348,1.0370147044270634,0.9969820118504469,-12.871069246024874,0.13080031267118386,-2.579903584903115,-12.053920725359733,0.3677807512472384,0.9797392784684602,-3.3886354335518867,6.726960296396118,2.415403854966833,3.06836378930052,-0.5689627896268226,-5.9051957470283245,-7.416507825354708,6.388126022820133,-1.9282634760277446,7.644226396119125,0.10378692356346608,-6.447403036475169,-0.8339327757015651,-2.9003165876076666,-8.979273596813222,5.4508862280239185,-21.563443890410007,-11.690656758705687,-2.361861534502795,3.3826753625500277,21.918235680450188,-8.143896362585473,-0.5657686310626708,-2.753546811688814,-8.360081836826911,-6.934022185444036,-4.628844663456682,-15.43224022366681,1.1626819239534,-15.248430754223612,-3.298710930105477,-5.745622731066913,-17.563589674569126,13.604494500300085,5.563755246393535,5.84769225191291,-0.42293354811695316,-9.458589033361843,6.68544235356064,-18.98862285487894,9.93956118209303,8.609280966974708,-15.156200307119617
neuralNetworkClass 	class coursework.ExampleEvolutionaryAlgorithm
INITIALISATION 	RANDOM
SELECTION 	TOURNAMENT
CROSSOVER 	UNIFORM
MUTATION 	STANDARD
REPLACEMENT 	WORST
ACTIVATION 	TANH
COOLING_RATE 	8.0E-4
TEMPERATURE 	100000.0
TOURNAMENT_SIZE 	90
maxGene 	0.9999999999999999
minGene 	-0.9999999999999999
populationSize 	110
maxEvaluations 	20000
mutateRate 	0.95
mutateChange 	1.6500000000000004
seed 	1646684373006
random 	java.util.Random@3ada9e37
numHidden 	14
numGenes 	129
Training Set Training
Fitness 0.09988238779150371