-4.62434973504037,-13.206840585549163,-10.008415875777194,4.251452013777016,-5.788275661782313,5.465721397391537,-2.554330330519317,13.568704994347753,4.15116205235012,4.787595652448225,-3.1495974090536247,-21.53162390305007,-2.907126085692937,13.628699584772397,12.081466717187412,-9.84777383879653,14.065493255290626,2.2257838857808387,-19.900519230802217,6.71633720489287,14.075542601978034,-4.079285746695208,5.695959134782164,-12.988175814238383,-1.1710613367105278,7.896387085499743,15.33319872761359,-7.482043015825814,-1.4739075457214135,0.7934450423521575,-1.2831757852397505,-5.699101790840457,-12.37656109368837,4.161662973403761,-4.8864463364561495,5.0832158490954225,-10.390691489975724,5.333075877586483,-5.786927451436352,-18.236217861189743,-8.440368044408523,4.2496260096238565,8.731734268234236,10.004623889972901,0.8690463007322364,-4.213693022994425,-4.3328675139315465,8.140742308703826,-12.754450033042621,0.8814877121851659,-4.063581658729737,7.3708733146781995,12.211931365262288,-18.730698566368886,21.967564640846284,-2.2483871521785233,0.8747744487440059,3.6046876135510626,1.4116068393879981,12.14428467815033,0.9519227893907871,7.079878936936838,-0.5447817259765984,-5.496618940195834,0.5918614325165281,-13.298172326756376,2.786806360112914,3.447359936903527,3.4235538678770894,13.183269053495192,-0.394356934057992,20.767035809921204,-4.957149581555834,4.2958227048646105,5.012372962209161,-0.3462460873086499,1.7216615039168683,3.9417364053744723,17.180568123348642,4.41899087975398,-15.981332016214258,-11.328421391568861,12.332829457511437,-5.571022127096849,5.775418024687498,-5.341609252080042,5.381260554122364,3.8423960621230906,-7.600759979960255,11.134512024332754,-1.7090312070004328,4.616146230708368,10.714476476536804,-8.24450623608955,2.886577021889643,-11.816351521785615,-0.8938757528191887,-0.9237772621120701,5.945556298438024,5.06208047485606,-3.6149566085553033,5.857575799241185,-20.191480415641536,-5.840583483096731,9.221475554924824,2.3676324955102697,-1.1145571925072328,-12.520918414535132,-4.2763095987665345,-16.700325866392973,1.7981093916313533,-7.440510779040441,-14.31884270534053,0.8499015167589477,-2.077098438241812,-15.162315982469286,-12.003282366826287,-1.418993437319985,12.784389891056549,2.5407629687891546,5.9498101630116675,4.143436378184761,4.349001218530874,6.735703566469798,4.162881708874413,2.784391244505075,7.129372652941006,5.2076786787262215,-10.514308154607937
neuralNetworkClass 	class coursework.ExampleEvolutionaryAlgorithm
INITIALISATION 	RANDOM
SELECTION 	TOURNAMENT
CROSSOVER 	UNIFORM
MUTATION 	STANDARD
REPLACEMENT 	WORST
ACTIVATION 	TANH
COOLING_RATE 	0.0011
TEMPERATURE 	100000.0
TOURNAMENT_SIZE 	90
maxGene 	0.9999999999999999
minGene 	-0.9999999999999999
populationSize 	110
maxEvaluations 	20000
mutateRate 	0.95
mutateChange 	1.6500000000000004
seed 	1646684373006
random 	java.util.Random@3ada9e37
numHidden 	14
numGenes 	129
Training Set Training
Fitness 0.040806079477716126