-3.6043481274911224,4.555651815573492,-5.885712831202538,-13.109543328587124,5.5738530035404485,-3.9418874349618207,7.425365680535075,1.7770156000750799,-0.5423070730177422,-5.8249421879008665,7.135319185059372,11.066845612251631,-8.873297497938466,7.824647869976076,-3.9146326599906835,6.749700359894954,-4.257888402587252,-6.9733500264476955,0.4781570165814726,-1.0453723998682936,-5.824660369675918,6.502671419425502,2.0238839680281586,0.687723177364906,-12.501961526153687,-11.083333922653425,3.4657341512347966,5.8101047290021866,2.1550638254060193,-1.1312110836947618,-4.823861006545466,3.481480824455586,4.55385879818893,-9.022844640483243,-2.678806725994968,8.859931851645925,0.5533425639608325,-4.35895126328689,-3.9660521086534573,6.951246820957584,-10.227493193268971,6.475603402140999,9.268145800952317,16.191399056274097,4.613531931411684,-13.508027750956982,-0.8776680349473658,3.4234773931267544,-11.543654980289414,18.218477982528462,2.480124466486304,4.895620150875173,-4.318850602921542,2.817224098594796,0.30579536021275633,-4.290758637454354,-8.187433802409538,-4.3528667956890015,0.6151690361531283,-4.612936793004699,-0.29636155166083,-11.091640345119393,1.9102031141601827,8.458211592675823,2.29005481200789,-0.2754903894433429,4.571480679727154,4.822861650966944,7.7945625241046095,-2.8219128011887014,-11.403803632161864,0.5616547488578973,2.998646868658831,-0.18893271388095378,-8.449916577224826,2.6453436976985634,16.57316392209762,3.5864820022628727,1.9200843765687914,-1.272141436143956,6.171723633674018,10.278390766927535,0.4604297761079694,1.471215888129791,-11.759772421092496,-14.333409720462097,-10.281851939019267,2.8534329623724277,0.28307868189470575,18.358901556438198,-7.145111977486366,0.3008405371215668,-1.7988150050204048,1.7978601185186136,-6.749703969166456,-4.2360780432494085,7.228994042122377,-9.8698836930087,-8.421950532818288,-10.228957370631749,-9.452602109413963,2.1258373263228183,-6.960993294541558,3.047165394205848,0.7864649918608864,10.081889819056519,-12.583207807560637,14.824885120735116,2.6065575354901807,4.376562805521278,3.9394978658850324,7.702846886656362,10.708508606073012,-1.984922794277562,-0.7629614943784899,2.921849121381178,-1.1768624944922577,4.514110781535592,-6.122942156481619,-10.818334292908062,-2.232504611047526,12.42005558240576,9.043145526422627,15.711856800483956,-15.770161375003411,-3.1102973355676786,1.6874781158145344,5.087570369362268,-2.9425590739237375
neuralNetworkClass 	class coursework.ExampleEvolutionaryAlgorithm
INITIALISATION 	RANDOM
SELECTION 	TOURNAMENT
CROSSOVER 	UNIFORM
MUTATION 	STANDARD
REPLACEMENT 	WORST
ACTIVATION 	RELU
COOLING_RATE 	0.0011
TEMPERATURE 	100000.0
TOURNAMENT_SIZE 	90
maxGene 	3.0
minGene 	-3.0
populationSize 	110
maxEvaluations 	20000
mutateRate 	0.95
mutateChange 	1.6500000000000004
seed 	1646684373006
random 	java.util.Random@3ada9e37
numHidden 	14
numGenes 	129
Training Set Training
Fitness 0.015157907023605728