-10.521061325586839,2.225813807452986,-0.7490986757095044,3.7568405019018183,1.2413071614812603,0.3713962438591967,-4.101482527737401,10.953319161937895,6.8648484399201575,-2.42492992036619,-2.402199386571633,-5.009762636126247,2.569561107192802,2.7359723410977645,2.7907630601855535,-2.905810600404581,3.6096012984466315,-1.3628957459748277,-7.322159714955145,5.806256961362731,1.47250639114662,3.5004678136901273,2.481350841252417,6.276778178594323,-2.189499581543828,2.0927263533671256,5.156803513597822,5.025379060051799,-3.0982774274160203,8.523272827219083,3.468447850416876,4.3063956492844655,-2.826798758894184,-1.8550547269282793,11.87319411193176,0.18191754910530555,2.5888820794693217,5.023493893025643,-1.377732558183991,-2.495700890317437,-6.4849982757228535,-1.3147441453585786,2.542692187938945,-3.5529119764362154,-2.1784136847025146,-7.26663813374485,-4.749061807797904,3.797936111853841,-2.43716703394593,-5.258849012038697,-1.4712042732236954,-0.26083916933851503,4.400622372832679,-4.262666977635564,6.7567776079287505,6.191241274587311,2.8443910481848813,4.29079732827079,-7.396913849204197,2.7316361374516642,10.877078032545322,2.3338233736934892,2.756409369377388,-0.17407515385933525,-0.7791548490347973,-7.2191883733530595,-17.331444157708923,3.1703796558367916,9.067752924678707,2.8555107774179884,-3.811840170775098,-0.3553114202126437,-3.440439231577323,-0.6669254836308394,2.2694342060031776,-0.9393454457913659,-6.602697406061535,-6.415854154147626,-5.419826562788344,-1.782690396552593,2.2452744610479236,0.9265204974331915,-1.3390494305875382,0.23498975641734887,0.4155542845099065,-0.3041949965742914,-5.097317505113711,11.340526460326586,6.178159109063136,1.5898407380668695,4.412471257718785,-5.137180245056842,1.238429887995185,7.5725272824453,-7.522129846972726,-2.5773324004859424,0.957215611734517,0.09103676496323398,-4.632552691305828,8.062835021402652,11.210916615411282,-1.8337306804425424,2.7707638880605057,0.9639573428294095,-1.3525706748323554,-6.840238383620012,0.783612265373856,-6.371021188184436,-11.359481175816049,4.4511170604799855,-3.0654042673326973,-0.6065605272413572,5.67912946396963,3.2783872003731727,7.87686619884548,-1.568969164427946,5.2496326788657095,-4.600306939439417,-3.1659305973713865,-0.3765469345612731,-7.722013235916212,4.727734477017486,8.792283298038605,2.700711037427748,-0.3547217164929446,5.269694267753697,0.4699684046290553,5.032601026454687,0.3740892862095748
neuralNetworkClass 	class coursework.ExampleEvolutionaryAlgorithm
INITIALISATION 	RANDOM
SELECTION 	TOURNAMENT
CROSSOVER 	UNIFORM
MUTATION 	STANDARD
REPLACEMENT 	TOURNAMENT
ACTIVATION 	RELU
COOLING_RATE 	0.0011
TEMPERATURE 	100000.0
TOURNAMENT_SIZE 	90
maxGene 	3.0
minGene 	-3.0
populationSize 	110
maxEvaluations 	20000
mutateRate 	0.95
mutateChange 	1.6500000000000004
seed 	1646684373006
random 	java.util.Random@3ada9e37
numHidden 	14
numGenes 	129
Training Set Training
Fitness 0.052796254385166136