6.808270641350473,15.889596199028109,-1.0371770033891838,-19.42838312588539,-7.453482831327393,-7.286990681095659,5.296855986671925,-7.347982418332185,-12.75273862779879,8.828331952570341,5.175433614821454,6.07655694762718,-5.482539787977737,-3.8949054338562092,2.6273683727635238,-2.8543243743598925,-2.223402575453324,-7.799358421828563,-1.6823381385960765,-7.829018576986503,-11.122429376528254,-1.9010615761072032,-17.510401335135167,6.579308952466153,6.150749581533756,-5.5982683611833775,4.134448699137446,-13.805577764213966,5.865140028163651,0.8537923823394928,-3.3612341980351452,20.863826803533122,-12.090431321539025,5.577325911603115,-8.037993834167455,-18.864728367482527,-3.4567068030620742,3.3714944044204085,11.037420633724823,9.312124926650394,-2.6505781946030353,-4.448646190202222,-10.48308465501112,-4.0210769971936,-27.30398576789817,-16.043627354264736,-9.854198135426975,6.137995771583558,-15.581282059753127,-15.997948352957753,24.60609981033633,14.885184815213217,6.285280902390312,1.4790293621165986,17.357284930345955,9.277279596070748,-0.3637388964597408,-5.127585542206754,-7.9688903316609,-7.294096388945533,12.817745721304536,-5.020055258225467,17.202361490829837,-12.157804915109228,-1.2691325501669013,9.000935931623722,-1.2398456150689423,-0.4962645702398589,6.019399256123936,8.498837202638164,-5.655764383109221,6.127321512084642,4.0438075960609705,5.386042706967841,6.331128614183569,-2.7667243160628106,-10.28614093841624,1.5685338235889326,0.5815305326919962,13.938005059197758,6.286594495994091,3.2276673657947637,0.5535964317653992,-5.806433648302455,-1.127704932419407,-23.86041811884543,-13.80303714538648,-5.827728114707771,-3.513457529896499,-3.7897717889384435,-16.543086230966786,-2.5813225331604306,-18.675296502846095,-0.6193453276116951,-9.730640618532084,-9.832230488638501,-11.67600410736352,8.547079643232461,-9.09874800412383,4.5076993475242135,-13.521155224271023,1.3421646555281308,-5.825942047668264,-6.602151190910623,0.06104398410646006,-18.658769643224694,8.357292730724687,9.364685299763526,3.7974041862293166,0.21754594738906974,-0.6613728853736554,3.4600607335633935,-4.587509432253744,8.66396354031384,16.452974352459947,-8.39627922655939,12.34054053864816,13.529028067311309,11.643202615982585,-12.593601510733507,1.6446353388841866,13.628074438589815,16.171473413448943,-7.721272581650409,-5.524784355675298,3.367049381318763,-10.566871340922111,6.95680772266002,-3.5212423581513246
neuralNetworkClass 	class coursework.ExampleEvolutionaryAlgorithm
INITIALISATION 	AUGMENTED
SELECTION 	TOURNAMENT
CROSSOVER 	TWO_POINT
MUTATION 	STANDARD
REPLACEMENT 	TOURNAMENT
ACTIVATION 	RELU
COOLING_RATE 	0.0011
TEMPERATURE 	100000.0
TOURNAMENT_SIZE 	10
maxGene 	3.0
minGene 	-3.0
populationSize 	110
maxEvaluations 	20000
mutateRate 	0.95
mutateChange 	1.6500000000000004
seed 	1646684373006
random 	java.util.Random@3ada9e37
numHidden 	14
numGenes 	129
Training Set Training
Fitness 0.01027302409173818