-1.394723776587747,0.40284854050375785,4.402154135182555,3.8910518248955537,-7.370365662669997,-11.550557802214513,-1.635883087483176,12.527220405203074,2.016895493952201,-0.48779978049004313,-3.9499892302067883,6.301876516319255,-3.8345592860438957,9.166005577303444,9.019019784841667,9.786211409573358,3.4626480126768238,12.392252168983383,-2.481854413928728,-2.426162965175652,10.30051399737659,1.8598140970444872,-3.212063026890764,5.499115810066593,14.391564821572056,7.761838177382236,-8.738217068610414,-13.920923453825052,-10.968983585879059,10.109372296333937,-14.910308349404465,-3.2728685061418554,1.8523603719929422,-14.310023400035861,-3.2887435816950097,-2.2031299388896013,0.7007490030724357,9.034465801049484,-1.3960430092295457,-1.0805192795790681,6.77555622657387,0.7807307716308323,13.56418673188532,5.014803840139135,2.4417679561142,-5.003209409887512,-11.991203246429807,-4.941051848646838,2.5716576476923123,3.869573072728752,-3.0126161043126736,2.1155921950491487,11.382339214717453,3.205027728860726,1.7793381986103505,2.0593621315324357,1.246943209496557,-13.657380151006024,7.464415962983596,-7.429476238975754,6.7269889095109665,2.2597955950721866,-7.4692196628247185,8.102738625723191,-8.594533440312606,-2.7979166371491466,0.44275035233010307,-7.298642131471519,-8.863401976015364,-0.8765140095893607,0.1819462864736323,13.968028214509825,5.845325035245674,0.3531389627242527,-1.9656254907526929,-0.5101711612053563,7.485060320729032,4.112477154249737,0.7645504663615146,-3.8398287899179193,-3.038048241756452,1.2649576481630103,12.58190061835567,-12.66975297626814,-8.448984694659764,5.419963258083621,7.313026480560689,-5.261384675945285,-6.400913548938522,0.20695979894854588,-15.762633021939486,1.2303053034335036,-11.050646303063534,4.385944301879764,-10.244442859992581,-2.8749933553267404,2.745964340778885,1.7973824824945126,-11.47227509152383,-9.449224327361518,2.313078339339109,-5.9612061469902375,-10.805652102081282,5.843739698838045,6.317152632897249,10.63984227207745,5.997765637256128,11.330555844445232,2.4622614310288764,10.109930573722336,-8.556061551471892,-9.188006555576717,5.403921571795191,11.872111887482852,-0.9612120063111469,7.673309527765799,11.49520367416174,-10.374549693398707,0.019314341006722913,0.09855374793510663,-2.6873870459238134,-7.416254973097521,-4.34483321214442,-9.63762157735033,-12.48749877906784,-6.316288200578889,4.185654191213372,-1.6168052269933408,1.1400408874756485
neuralNetworkClass 	class coursework.ExampleEvolutionaryAlgorithm
INITIALISATION 	RANDOM
SELECTION 	TOURNAMENT
CROSSOVER 	UNIFORM
MUTATION 	STANDARD
REPLACEMENT 	WORST
ACTIVATION 	TANH
COOLING_RATE 	0.0011
TEMPERATURE 	100000.0
TOURNAMENT_SIZE 	90
maxGene 	0.8999999999999999
minGene 	-0.8999999999999999
populationSize 	110
maxEvaluations 	20000
mutateRate 	0.95
mutateChange 	1.6500000000000004
seed 	1646684373006
random 	java.util.Random@3ada9e37
numHidden 	14
numGenes 	129
Training Set Training
Fitness 0.028548670462508807