5.742256708781373,-8.012598990656524,5.057954949500807,4.1472204323309265,4.416301100996353,4.909870097584822,-1.7016971929030955,1.3518843601638135,-12.280978121222663,-1.593038383395141,-4.994142123625338,-3.858722873071793,-4.188165662005239,3.1696871858484297,-16.337347884741924,1.3268602979604704,0.3548564483261547,-9.733378988047514,-2.605080046681918,-0.9328872829602304,-10.486251828849271,-15.3534472828036,6.170161290017649,-5.3341796162324915,-2.3738295857077425,10.62513473418206,-0.8640537701691917,7.0616283061134215,2.682634737773393,-6.374568699046836,4.059726616316636,-5.5495560271044475,-8.792622678841255,5.632515818044995,3.103528556098169,-10.933733494486603,-4.606750462830722,1.4499915590601749,-1.3204899735057962,-6.432499866762351,-0.5495260002553994,1.1115527614654024,8.331977264395334,-10.26520764806075,3.8224786447510173,-0.5965713445644916,9.378561508352973,4.132926343523126,-0.9971218682192786,2.393795990383346,4.967869264586511,-0.07672294539893798,13.156030298437413,11.242973278949025,2.423026544081999,-17.01517305924495,7.599459488062145,-8.766551417671273,7.140148965817963,-2.339278252996963,-8.150209662779684,2.011524685136152,-7.502123879100866,5.2938303357020615,11.064703571268417,-12.577399391539407,-5.191278322493844,-9.501242364123513,7.581777775474611,5.049844619462394,-10.644903302187581,2.239242696562396,-10.03905608649914,-0.6687568318994579,16.35247496294678,10.288861465550104,5.630639054113396,13.482751560104376,14.219277714065708,-3.4005662330903004,1.018601893739195,7.09550053672186,-7.042334234196941,-13.164477354405006,3.866617296868384,4.002750270216706,-8.838466557477174,-11.295104844456057,9.134370191155721,-3.82248255980371,-10.282387596218596,-0.2761992634848962,6.840934710466179,-11.57546457290173,9.402698606398475,-9.597594174416173,-9.276721394620846,-5.6295607048852725,9.104627327502904,-4.6302912080458345,-12.740473888990795,1.9838079392093473,-5.943267806694696,3.578743466395194,-15.439420701580536,-4.4280777955337065,-0.274872272778099,-13.158137272595217,15.377059703675423,10.253839097470982,-2.4747291927246806,9.042380633115723,1.1493882670959614,-0.4503883339207686,0.7688633275686456,-5.3471677414056025,1.0971843050394394,-7.446778336463607,-0.1957353036759626,12.51159982231866,11.550021575894965,9.172025218486157,5.813197961228642,2.81863121024893,-1.4350609989811174,-2.281755125691351,13.5136381091398,-3.9925311727325994,7.256963650837653
neuralNetworkClass 	class coursework.ExampleEvolutionaryAlgorithm
INITIALISATION 	RANDOM
SELECTION 	TOURNAMENT
CROSSOVER 	UNIFORM
MUTATION 	STANDARD
REPLACEMENT 	WORST
ACTIVATION 	RELU
COOLING_RATE 	0.0011
TEMPERATURE 	100000.0
TOURNAMENT_SIZE 	90
maxGene 	3.0
minGene 	-3.0
populationSize 	110
maxEvaluations 	20000
mutateRate 	0.95
mutateChange 	1.6500000000000004
seed 	1646684373006
random 	java.util.Random@3ada9e37
numHidden 	14
numGenes 	129
Training Set Training
Fitness 0.05858271990740559