15.477862578564176,7.347323380208554,-9.990800906047092,-0.9843142214396838,4.0518925558809205,5.174648133247591,2.5242518424584253,-14.003355533283743,6.10819123785685,0.3948032269479924,-11.769344798591433,-3.0960655172162523,1.4723359381163776,3.234027390215072,-0.8468051025157326,2.5932092830516336,1.520240237729971,-6.788872615958933,3.350502492056675,-1.4472492415666305,-3.4902968362257463,-4.8592125575088625,-0.24050781357035156,6.202669518041721,-3.7756419594753954,7.032008454826919,-5.739349377251969,-16.782536297480107,-2.031880973744202,-0.836768115632001,1.7087234583354172,-5.719750454741156,5.664239124063979,-2.4026551648191825,-5.254392761051758,9.014866739787312,10.791609596570682,4.343901873831861,2.7470216257764752,5.99245353926759,1.7319448376411337,-6.1674586837526775,-8.39819766805012,-15.778024150589914,-3.844985597423614,-5.769286546024407,-1.2175794024674609,4.009586088000754,6.335097531634668,3.720478927909853,-1.9123992926913944,0.6095780539665672,-4.07964722060168,-16.70672397169224,2.3226730522893533,-5.459905987072805,0.5178098173250358,-1.7218029683847327,7.730565421316154,-5.000367772504681,-5.939793182427512,-19.361546785837575,-5.653899462928569,-7.954208095421457,-4.363088106181843,-2.5476505134703054,4.768535049773792,4.285585091554713,-7.800316567689701,10.489230166887856,9.48203813254642,8.82703406726628,3.7950388731546254,4.147497912545255,7.3510765580944,-0.9453354097970399,1.0285179655262215,-2.159051505289624,0.32743626261721204,-0.33310481315890295,-9.217858616762072,6.301304425456919,-5.022123109683559,0.00121355752228558,3.434882037742869,4.608972096992286,-14.223817409203448,-7.326577688982056,-4.373018814055057,9.220686018462986,-0.7493646112151975,-6.379874354912857,-14.137542221607747,-15.368153806830524,1.0377058804256238,8.559020590229062,8.910174747325346,0.4929937550699375,-4.2849803296566495,-1.4305536515057096,3.7923414049474946,-6.855988153092429,4.9714244185046255,2.496035353627244,-0.6596526533805962,-4.863721603787797,-4.330752288455846,-0.9087981694884757,5.701338204897867,-5.2178612853018045,-6.786397942611313,-5.262407165908735,-7.2550403373769585,3.1527059097896224,-2.4841419018340023,7.579517500794418,-0.5517883325158461,2.3891385767539646,12.423173743960133,-5.7072375702199665,0.027370124484152214,8.749184589741311,-9.716768465726231,-0.7149108459640399,-3.160550599647578,-16.420078052709883,5.323103307408333,9.795102622372278,5.241694682337
neuralNetworkClass 	class coursework.ExampleEvolutionaryAlgorithm
INITIALISATION 	RANDOM
SELECTION 	TOURNAMENT
CROSSOVER 	UNIFORM
MUTATION 	STANDARD
REPLACEMENT 	WORST
ACTIVATION 	TANH
COOLING_RATE 	0.0011
TEMPERATURE 	100000.0
TOURNAMENT_SIZE 	90
maxGene 	0.9999999999999999
minGene 	-0.9999999999999999
populationSize 	110
maxEvaluations 	20000
mutateRate 	0.95
mutateChange 	1.6500000000000004
seed 	1646684373006
random 	java.util.Random@3ada9e37
numHidden 	14
numGenes 	129
Training Set Training
Fitness 0.03662537452698364