11.249336501946836,-1.4780148869581575,11.540679351385993,6.478890434722083,7.113898424568411,-6.763641496153644,-6.468240002976666,-4.692999953405506,1.127370741074527,-4.048682161889933,1.6144382584441104,4.228151548188074,-1.3665464804287581,3.9854242499395918,-6.887634483264124,14.98756776934958,10.991768262374402,-0.5697943312355793,1.3014702035470744,-0.24808024109298543,0.4803083168427227,-0.4956545716784202,-2.949317581093407,0.21627248677010158,3.4837619298643743,7.109501902478276,0.9046293912931329,1.6622654008725242,13.966523797688156,-0.3678219998473322,4.941296573723602,8.200812054729624,-5.955552936497912,-5.464327680626598,5.596635679657744,-6.824029924656397,12.672117236079824,-7.776748577445604,-4.505418079069779,1.937486934513287,-0.34732851237713813,6.3282940814562005,-1.9950684722334024,5.857888704085315,5.704912269767059,-6.150735668451577,-0.42698950029370764,-1.32416143863348,-2.4622937558274938,-21.00301626441057,-5.175946467325699,2.34084926480225,6.734389190319995,-7.691221439833478,8.291694780469275,0.6152955794150845,7.290133603557345,-4.091309021832515,-1.9460443817579858,-5.541970512525502,0.17297071029722133,-1.2949522414558121,3.9816017421489107,3.7697636118598883,-1.9556091835753078,-1.883703886487579,6.262722660291454,-8.226255641167429,-4.871817130979414,-1.596882111361321,2.2138749421901647,4.736097118724623,5.8064065521205395,4.559449428580638,-5.0778892382376135,5.048586619407366,7.699126022222902,0.4271393025522965,-6.166297631190638,6.402391112123416,4.049767081329724,-0.40141168506623437,-5.6856478873151595,-10.425146212532702,8.69069615819714,-2.1411760332874437,-2.4478319338059045,1.732028554414022,4.303851249709046,7.6930711205229,-1.1413372502431756,-8.981799011447713,0.2689923350790595,-11.152009821604413,2.3945244728056077,-10.690576868546469,2.607369824803648,-2.315635320173273,5.855888423426357,-6.498542270624589,3.031347576165415,-1.4038726913356554,2.6033228823289747,-3.8166064607534347,3.9007476819118434,-4.504776791508251,7.349729524774126,-6.733455994401053,1.8144220130330444,-7.726077573530453,-6.9051596467622165,2.394107322173955,2.7307869592872827,-4.644204712502286,-4.497020748084609,-4.4995747319364146,7.0137948534018335,-3.6663167397651595,-10.232760462254577,12.26953071401633,5.191047368465934,5.167597740583494,4.83721440359559,0.9110432910063953,-11.861507332894206,0.3275968035754646,7.708899800813217,7.727323458733755,3.621381745403356
neuralNetworkClass 	class coursework.ExampleEvolutionaryAlgorithm
INITIALISATION 	AUGMENTED
SELECTION 	TOURNAMENT
CROSSOVER 	TWO_POINT
MUTATION 	STANDARD
REPLACEMENT 	TOURNAMENT
ACTIVATION 	RELU
COOLING_RATE 	0.0011
TEMPERATURE 	100000.0
TOURNAMENT_SIZE 	70
maxGene 	3.0
minGene 	-3.0
populationSize 	110
maxEvaluations 	20000
mutateRate 	0.95
mutateChange 	1.6500000000000004
seed 	1646684373006
random 	java.util.Random@3ada9e37
numHidden 	14
numGenes 	129
Training Set Training
Fitness 0.01833498368656915