7.950889990692755,3.7049805553909527,-7.841090420914884,2.6193183308544024,-3.845167730895167,-5.844988719125891,20.840725357219767,-10.10860909726062,-2.4421531425864673,-1.053376314883406,-2.7491749176586113,-6.518552594672539,-0.4241542292067728,-4.899533746185404,3.900770737517031,-7.735429300824504,8.540659022510152,2.065533447563558,4.559275071242179,16.605958425894627,3.817359120288719,4.261677840780018,1.8956520154503265,-1.8663324729162882,-10.141691983258768,1.1628330685308539,-13.128151872786153,1.0988414446052164,6.030825853833814,-3.6074832825559,9.063511337607027,-4.6614593296905715,0.07374527387958185,-5.244082784959726,16.818286807493465,9.915290363320784,-9.731029268196567,9.426227899295158,-8.940858359921917,6.325809606136594,5.541897546456778,2.0556277374538476,-18.416122105071267,-12.547748091100951,16.797905455191483,6.32778901046984,-13.050897937164349,0.9038926378817704,-0.5232491718972478,1.971529935695858,6.304655236443048,-12.528188393112776,-11.396835705970334,-5.373286510264991,9.831616283637546,-1.5281511762329485,4.305323213896594,8.787476460170234,-14.772774415182278,-8.39302343232601,8.491223601905755,3.50998554245986,13.545311112746367,16.639210217667696,6.4007150135193465,-5.662852678579744,4.1004064570744125,2.6186049247963137,12.238066977926113,-0.7076861514137383,2.215237815090222,-6.403818268701982,6.339548649688694,3.784252806196985,11.91273825695272,-2.2058907091560926,1.6144843797374433,12.080893294131139,4.334609261112056,3.0123312111816194,5.869735628486274,-4.7785385224176595,4.080557305481238,-7.387068835068852,5.005290920772387,5.029984009316283,2.399443361277706,-16.19247880939669,11.552632622319136,-7.454132663289083,-5.346181855275748,-8.474336029896396,2.9271557563977026,3.6431250653998335,0.8476737912162191,3.2669570109525354,6.456151410817684,7.021931490893624,-0.4837720343037719,-0.24223963835697981,9.784100316914737,6.524539744020159,4.860541540212718,-18.0621498648499,-0.4371191687914515,4.867837629204618,-2.0499961119790733,-2.876238027018754,3.943480889759467,-6.487450671204974,8.852828960579556,9.62019916388757,-3.8145866108087656,-2.283177321485174,13.710567775170107,17.0411148776924,-14.422233090084378,-11.27844431425189,0.7316232860042238,-0.7139390978440452,2.8216851735951805,-7.591829534181512,3.784614715189838,4.770131475582169,-8.404448034245203,-8.168344128083506,-22.965450350839056,-2.9758119519797823,-11.19810734217088
neuralNetworkClass 	class coursework.ExampleEvolutionaryAlgorithm
INITIALISATION 	AUGMENTED
SELECTION 	TOURNAMENT
CROSSOVER 	ARITHMETIC
MUTATION 	STANDARD
REPLACEMENT 	TOURNAMENT
ACTIVATION 	RELU
COOLING_RATE 	0.0011
TEMPERATURE 	100000.0
TOURNAMENT_SIZE 	90
maxGene 	3.0
minGene 	-3.0
populationSize 	110
maxEvaluations 	20000
mutateRate 	0.95
mutateChange 	1.6500000000000004
seed 	1646684373006
random 	java.util.Random@3ada9e37
numHidden 	14
numGenes 	129
Training Set Training
Fitness 0.09890294279006762