14.098841811792253,8.655809142214643,8.642304174381126,0.5170688604619782,4.819045323982216,12.572753965915291,2.2788315495568954,2.456375275026214,-14.121111664406937,3.4884665164185362,13.26976407640267,1.5706560763813737,0.5095700244060364,6.320110233364364,13.63845876123742,8.509429327494288,-7.947634922745019,-12.541026085396519,-4.877502391335836,0.7737906866729043,-9.258401836099768,-2.714637657619793,2.8944599960324764,-8.43798076164918,5.131623766315451,9.006845149276467,12.732684409681557,9.237226351551918,1.6685003906157085,0.8579073555729648,-4.922817884591522,-1.9252803033408794,-10.597442792986728,2.7773646320644376,-3.170502229996247,10.72819984614028,10.839808200701944,1.5144780409447973,3.3851951300701577,-2.3083979298899013,-7.311823183416873,-1.2944786627303122,-1.476221408769014,-3.172658155484866,-7.781247424963788,1.509626116673167,-8.076755953741877,-7.0180831688476175,-0.8171923504189342,-0.053950882747763274,8.36508553825363,8.46626433929816,3.2520608387250363,2.5845770283231575,3.400466948824894,-4.159031760685213,-1.2173174891951426,-0.5433960193760257,-1.6905989087109958,14.015354900409426,10.4927932822392,8.376487744544194,-7.147839855863875,2.294711902440463,3.0887162296366375,-6.658889922527504,-4.814223704460761,-2.008689414941646,-7.0229996076250885,-9.539861552896056,-1.5016278150331805,3.4026068654970114,4.207241336273479,2.8103049891882623,4.750194518544552,9.253941152743062,-8.945017861974911,-1.7459101975195388,-13.197392278861404,11.60325337271263,-2.2755137470934663,0.6665164560333015,-0.3850645828592256,10.261773847477631,10.627930789272382,-11.776663590766649,8.993922367748704,10.747347294561344,-4.219422236654909,0.31970099250366824,0.2917210736540383,-9.144009324932014,1.8907378162479773,1.2604885777616506,8.665690057767602,-24.187516923867186,-1.5311516757066403,6.891776054237242,-5.513075127077736,0.7922294318275327,2.5317472716299463,-5.72248724496276,-5.035676264420303,5.244335809489469,2.636229968365261,17.316276863660278,0.4871246103898157,-16.910220198526602,2.0902354924396684,1.090062603399966,-1.7687686187251952,2.7187538708039805,-7.989484168568355,-1.0596306698634246,-3.9267187254170803,-5.182294424571022,-11.027600273824174,-1.9235686187205463,-5.988712381232183,6.669293784352506,-11.669729334535093,6.386249970647002,6.201824363893072,4.837424702193763,8.326635825398624,-1.9568426198801205,-1.5588967671695677,-5.825272010272917,2.703171436530594
neuralNetworkClass 	class coursework.ExampleEvolutionaryAlgorithm
INITIALISATION 	RANDOM
SELECTION 	TOURNAMENT
CROSSOVER 	UNIFORM
MUTATION 	STANDARD
REPLACEMENT 	WORST
ACTIVATION 	TANH
COOLING_RATE 	0.0011
TEMPERATURE 	100000.0
TOURNAMENT_SIZE 	90
maxGene 	0.8999999999999999
minGene 	-0.8999999999999999
populationSize 	110
maxEvaluations 	20000
mutateRate 	0.95
mutateChange 	1.6500000000000004
seed 	1646684373006
random 	java.util.Random@3ada9e37
numHidden 	14
numGenes 	129
Training Set Training
Fitness 0.05984488020884646