-4.1217502951360725,12.784099981111705,6.4114456178139125,-8.770845595115812,-1.5879430497796623,7.157208295492845,4.362305530242783,8.00341415238938,-5.433320686915273,-1.0688935410112217,-18.251598123208034,-0.24982888445090978,2.011363785157654,-4.747667641964464,11.848254016487518,3.5310685152096957,14.699204873444826,11.88485672518681,-11.556982097531026,16.709285252056226,18.883008204689936,21.76118891791846,-6.811501270817354,15.940029950336877,7.106548979511807,-18.689319372990703,2.4709277277853356,7.238739717917641,0.47966003123841006,7.6944604015491205,21.430521363510287,8.492938622222567,-3.143868443226383,-11.716150260123479,-2.6338568483505274,12.709882556235609,3.0314519243215354,-3.085963173724264,-26.098818777952395,-21.09421240554377,14.562964805509468,10.977204543309735,-5.4049460858259675,-1.956385894218995,23.688064551975224,-12.910767777613156,8.826552492871087,-19.834953092400355,2.626600311701157,-12.778490547938365,22.004524538770227,17.188485845178075,-8.89829505909718,7.534326767564176,7.8782025384117045,0.7585336736537656,-6.301189110606874,-0.11927416534018143,-2.6262248960376695,-3.916362334414485,-4.9443345026779015,10.469616998825456,13.175597396215274,4.137214581095757,-5.763301140228197,0.3843893294821328,-7.000265875794229,-5.326237787837915,-26.056847446067202,28.8981668605536,-0.47567642386304154,6.025127763218057,10.695916057285118,-6.290721046874571,-12.754449242132761,2.3432820959334357,-19.248929450835824,-5.009557733426707,-6.880187868393266,-0.8053869387871977,-1.2313157270606014,15.852565875808486,-13.368047221785556,0.5369297339354819,-9.84655060227486,-15.230979450936676,-1.8537466704644618,20.124037142994965,4.621301559204918,-5.261370954353964,-1.6488601051414022,5.733914501664039,32.41920317027289,5.935559662736606,5.1003894611208835,1.5552013916206464,3.885825386544971,1.451725670645434,1.7828976545031185,15.342868162699913,-8.111092582294521,-4.967784031022521,0.8198729111275922,-7.832380305153912,7.810616153749962,4.286703069710354,-0.6573787150756765,0.4847520525452129,4.82528285556284,7.779697927059869,9.245876893791966,12.836853915573313,-8.32556827083296,7.059940750869348,-12.259063634933597,-0.5190824373145775,11.39207153704752,-8.765857494520757,-4.4003526412669665,2.444094487652359,6.218758626070429,2.3227087362754624,-8.365397578177827,4.06350398305813,-2.534004489972535,-1.1949967054493476,-4.597318179009657,12.654173603861787,-1.7469311647658978
neuralNetworkClass 	class coursework.ExampleEvolutionaryAlgorithm
INITIALISATION 	RANDOM
SELECTION 	TOURNAMENT
CROSSOVER 	UNIFORM
MUTATION 	STANDARD
REPLACEMENT 	WORST
ACTIVATION 	TANH
COOLING_RATE 	0.0011
TEMPERATURE 	100000.0
TOURNAMENT_SIZE 	90
maxGene 	3.0
minGene 	-3.0
populationSize 	110
maxEvaluations 	20000
mutateRate 	0.95
mutateChange 	1.6500000000000004
seed 	1646684373006
random 	java.util.Random@3ada9e37
numHidden 	14
numGenes 	129
Training Set Training
Fitness 0.055427973754858105