11.02452441398471,15.731214201603004,-2.061517277665061,11.887610431597967,5.7257388316725635,0.5585447765731102,16.667954322727603,-11.860360602463665,-7.299234728903558,0.03241509512068941,7.337775533218705,1.6001617232288687,0.20667824492475884,3.6567629946658275,19.427518022334333,-8.375379330313514,-7.251865050661943,-0.30717776827852994,4.0568670456205265,-3.687367575937511,-10.590231188079832,-2.977641046170768,-4.228288744219064,-4.178389731870359,1.7458219799947976,8.55027865139197,2.2451360393807107,-4.499518094185175,3.7625576796152327,-6.108689151359086,5.2781472314054,15.42585229736064,11.546683608254087,-18.003793259529445,11.500878276948118,-10.687793919641024,-15.921222439581115,1.6044454257198648,15.310835712241035,7.461988801459091,11.124667307061104,-14.001635923851563,21.95414236162619,-5.8463468557047555,2.9535673323816205,-3.9382249284972017,4.265244506042207,3.9353823494016904,7.786523911834475,3.409806026652041,-4.233904554580066,-18.125374315830044,19.78301609393686,12.557870998708406,1.3988754998538653,0.7096979721301544,3.2936918242080413,5.911155623104003,1.2352066809630955,-2.155121390494049,1.9837202781589518,-7.276867131992391,17.507855583893637,0.880211682639569,3.950467236691628,5.4146714073513245,2.855949378871152,8.907919986294479,4.144881766052563,-5.589577238278564,4.940262505321012,-0.4895539595652272,-1.3548664837859121,4.464131048839118,-4.88996288117043,2.7487629526594235,-7.306450895506378,-4.628525698703388,1.3083990905047518,3.4074573495228844,-15.917825131487081,-1.6920748290369083,0.052667507429712046,-2.8887830931674117,2.940516993628127,-8.865869478307784,19.15619208694634,7.931677645472737,-15.804022694994414,0.8524188790192966,-5.464966046790889,7.722280907229825,6.670551462150103,9.980269784501251,-15.111345965542416,-12.638802951094975,4.736832966108757,13.916521587078586,-0.4640239990260637,-8.927817010824382,8.189835067222027,1.2737993068234799,0.8308470183060486,1.5594461847292465,-10.42156061676638,3.5668668951925806,-4.1307118327251935,5.875601239764791,-25.692603580734136,9.608660269968862,-5.958983789761537,-2.276030945595812,14.671039212791152,-5.840675291859241,-2.855118573094103,-4.251393836149486,9.999909529206644,-0.37131541792889866,-8.719204523547244,15.549063352903337,12.99242823781819,-18.626828464616814,1.9368645291295215,9.172506089498672,6.41534845104135,-3.5075498901806332,6.30785497796964,8.070071413657184,-3.5750571070899175
neuralNetworkClass 	class coursework.ExampleEvolutionaryAlgorithm
INITIALISATION 	AUGMENTED
SELECTION 	TOURNAMENT
CROSSOVER 	TWO_POINT
MUTATION 	STANDARD
REPLACEMENT 	TOURNAMENT
ACTIVATION 	RELU
COOLING_RATE 	0.0011
TEMPERATURE 	100000.0
TOURNAMENT_SIZE 	10
maxGene 	3.0
minGene 	-3.0
populationSize 	110
maxEvaluations 	20000
mutateRate 	0.95
mutateChange 	1.6500000000000004
seed 	1646684373006
random 	java.util.Random@3ada9e37
numHidden 	14
numGenes 	129
Training Set Training
Fitness 0.013431565383302358