4.30422874580581,-9.157425318215111,-5.408357225052141,0.7912220329055026,1.38468521251332,3.166886160885678,8.743079169224913,5.958662513759769,1.664074816408947,-4.509975454762526,-5.051131683952929,7.478615900880896,-5.618427858585516,-1.4973844442805797,-8.51372337511781,1.1975060886735562,1.9730540016288884,2.0445590110748117,6.418388336629442,-0.6329137890351753,-15.139970531079907,-1.6700623962674932,3.799958576393607,4.317994934459314,-0.3999380431827877,-0.45452609230921404,2.740039688581703,-0.06665688121045843,-8.478430342174402,3.069544714464179,6.351104135678277,7.637115391854933,-5.361058952271144,0.27868461463766003,-5.343813725913823,0.9008411622365653,0.8544454594714281,-4.484067729490585,1.50485923669509,7.998159923990526,-4.248530625237784,-0.6597081920643824,-6.3343368717684685,-2.8994188583706997,-4.630845969813665,-7.59099027368298,-2.5831043999192875,-6.741091730679248,-6.528445628037575,6.814283137608733,0.549472858116558,7.153468320150013,-0.26500711391708087,-1.646559381746374,2.2248673760620763,-1.52753857180973,2.8253208643915464,-0.8434409190079983,5.5479233888654615,-5.108582928839852,-6.977647684026104,8.827899561840265,2.368651208586904,13.477912630620258,0.22178018176331094,1.4774685554968703,4.318893396522853,6.934386846443552,-5.594568244447679,3.526433708571041,-9.180941116567697,-7.031953839221716,11.868767127405775,-1.6349572421027343,0.9569127242180464,6.040540083789789,-5.869929580053297,-1.525882948855073,0.8947080797175895,-2.948750517879441,-5.231166140858859,5.991115630143062,5.502745994409656,-4.153294726091687,3.8013756297772012,-8.190817319764442,8.046740253470846,-0.9251735458716581,1.849786452966022,10.642516960071399,-2.626832794661551,1.216337637933501,-0.5041598439960113,0.07382348269380667,-4.208926815667782,2.376900169168035,2.8845540554875067,-4.130473974715578,3.290611334028762,-4.637839677413161,13.00263313628107,-3.344153570988512,5.1178745765379565,4.534091278146926,-2.194926330914128,2.193773442592832,-2.857608327260481,-1.289322642737667,13.74875414467073,-5.026630892901828,12.807944915820295,-0.8778391747676748,-6.2851151880027984,-1.382219840526182,-7.650829245951921,-4.524256797648853,-10.887263378539124,9.59474619829798,6.535697180361387,-0.04319542210671479,-0.9448854508118574,-8.471682728667165,1.3223705963345092,-2.2416222362130744,7.881588859132372,2.7359121834137063,-6.711578973708914,-0.2682152120078003,2.678545213966329
neuralNetworkClass 	class coursework.ExampleEvolutionaryAlgorithm
INITIALISATION 	AUGMENTED
SELECTION 	TOURNAMENT
CROSSOVER 	UNIFORM
MUTATION 	STANDARD
REPLACEMENT 	TOURNAMENT
ACTIVATION 	RELU
COOLING_RATE 	0.0011
TEMPERATURE 	100000.0
TOURNAMENT_SIZE 	90
maxGene 	3.0
minGene 	-3.0
populationSize 	110
maxEvaluations 	20000
mutateRate 	0.95
mutateChange 	1.6500000000000004
seed 	1646684373006
random 	java.util.Random@3ada9e37
numHidden 	14
numGenes 	129
Training Set Training
Fitness 0.11426620117338407