1.9656763944311995,8.700938977622448,4.970931002204963,3.8020120783859257,-7.914237322505395,18.874301386948325,2.144553579351289,-6.118769858902935,-3.530905930490027,14.232124072120666,5.376914198294003E-4,16.194930601246888,7.029570735305468,-3.4399657415858815,-3.590893450113944,10.24654741429574,3.2247274977356586,-6.731492020283222,-9.86697445904567,2.563923010920596,2.0424877756979622,9.766963587826075,0.6099275954574672,-10.07596212916033,5.680731491106654,-5.812157328284758,0.1551585282631116,15.408509262697976,0.3761600766620239,-7.614965485539379,-0.11404294306916452,6.219484899386196,1.9369851198346355,20.825916605350088,-0.8654142943263565,2.4992314389746957,-0.5304813461601778,8.62870811924082,3.2223250918257262,-5.252114224033557,2.4617862920305207,-2.5832426403482023,-7.8919622291935,12.772513220923543,-6.802166843832918,-8.63119939500808,1.6043088061727815,4.576785312480732,1.124438914210998,3.4391565695390156,-9.179034966685915,1.0142634824888521,-2.8224950981558408,9.104240983788003,5.7000716452980456,4.679447112263745,-12.20157710379102,-15.088294128933844,8.498302263836383,10.399413440478101,10.831284054384993,1.865933045066705,-3.348124005565902,-5.834947049446004,5.389830402086558,2.228531073191668,-17.423950311483466,-7.695427117029391,19.118599179494645,3.9949079369829548,12.65545441917721,0.4531135780893214,-16.604239914151286,7.177911883189994,2.2733565537480587,3.010995133335822,1.8356861941803073,10.536958096765423,0.4572273227425425,1.5092833879125678,5.747353741736603,0.43597560806598423,7.834794959874433,4.315036137970663,-7.209794559415199,14.395937208517644,-1.9009444654230325,8.809762020091892,-5.857835171979147,15.327650326252103,-1.3774874210163182,-2.6867033355038155,-21.444967311046625,-12.062085534463964,5.490213863845609,-8.648526488403009,6.420544411660911,-3.7029323046171614,-2.262050592579861,-0.570364811006252,-21.494086527224887,4.388371615382793,2.9362737300203907,-12.974791028237906,-5.609265336696904,-2.920399511904443,-17.797191535443112,14.651236301596887,-8.402334199449477,6.764628427280311,-3.7954165478147397,15.51892030603667,9.75735433239625,-8.932276274749015,7.6789665272244,-1.2590722924523545,-7.416378324593227,-8.814313375312823,-10.04396823881224,-4.481646751667677,14.407966644822103,9.26288668899332,-2.2929871109110476,-0.007074219646128199,-5.21700730947053,-0.7983234631856755,-2.2272167496378943,3.2222065541146936,4.4124149915923425
neuralNetworkClass 	class coursework.ExampleEvolutionaryAlgorithm
INITIALISATION 	RANDOM
SELECTION 	TOURNAMENT
CROSSOVER 	UNIFORM
MUTATION 	STANDARD
REPLACEMENT 	WORST
ACTIVATION 	RELU
COOLING_RATE 	0.0011
TEMPERATURE 	100000.0
TOURNAMENT_SIZE 	90
maxGene 	3.0
minGene 	-3.0
populationSize 	110
maxEvaluations 	20000
mutateRate 	0.95
mutateChange 	1.6500000000000004
seed 	1646684373006
random 	java.util.Random@3ada9e37
numHidden 	14
numGenes 	129
Training Set Training
Fitness 0.03120630927042351