16.06800983345061,2.068829262617994,5.240854437229421,5.572526293898338,-5.650001339789425,-5.965188142117949,12.387166459367553,9.224411032963749,-6.171640847391494,7.88276936044946,-4.488005170335798,7.932064100701881,-17.789674041720666,2.3327837197616432,4.163802557281032,-0.7987150545136519,3.7695643914581307,-11.002873870309237,4.284596831095145,5.598713041586267,2.7427390097074547,-6.8902600393488616,23.90794006814344,-6.922317840879549,1.4028910367078495,-2.7474626379451514,-17.034838508840238,-3.893748898482066,-27.51128516253401,16.80164273555844,9.147412043231704,9.118788680507322,1.202806457521996,-3.814927389742257,10.598941545521527,9.524595684072478,-5.636557283208841,20.099204858818467,-6.217789186346147,0.9066561966553284,-9.196566700571406,3.674746909807821,-9.941814169205907,3.430722886205359,-15.793926882453112,2.8137730074258354,-15.684604416408247,-0.040453429448009004,-3.997795001684344,-4.312240450773368,5.259069979855207,0.6089667603476787,-3.525182712455539,11.943695895118427,2.448974891653604,14.043830822586589,-2.130838427155343,15.548396563914011,10.730751449707972,-0.4169280597290177,-12.921162809692547,-9.031910688753129,3.3837180142289753,-3.310621861835717,2.5103214619735015,5.576532879605851,-7.040014474112191,-0.9833712962888779,19.664847734281913,17.781004861476674,8.627571994107917,4.259437250061467,-0.7932499171262908,-7.636281317971674,9.471706922861753,0.8249914248429757,-8.9694433881392,-10.306412103925103,5.902351410428217,4.009324698003892,5.873963479630813,-6.38607505898983,5.48552148057793,-1.9239518194983294,3.276120458497923,-1.0957381013008165,-3.4428615858028024,9.746835950982508,-13.669846814295655,-0.9377156543100176,-6.188995242320052,-2.968639917807783,-7.764388720087842,-4.846299746508795,2.175072428176372,4.658272417700281,-14.96050300483479,-9.572348230405417,-6.392269111087995,-0.4927796150329957,-7.116658719437851,13.471179664920985,15.924962693676099,7.803194849561828,7.536605441205403,-0.8655765538193716,-5.21067538738094,-1.4069120383771274,-7.134297935240509,16.15735875542496,16.60859961243424,13.2465809422676,-10.180392936328248,7.137320098249589,7.305027057240688,0.49312185187058155,-3.326488199698824,3.1466800308953182,5.9429227686189305,4.490493398353045,-1.9420135319512255,13.85382125990092,-4.094534580222657,9.237976320199051,0.9325107984454437,9.277783419163544,-9.938719189438178,3.116174812643747,9.960794979110682
neuralNetworkClass 	class coursework.ExampleEvolutionaryAlgorithm
INITIALISATION 	AUGMENTED
SELECTION 	TOURNAMENT
CROSSOVER 	TWO_POINT
MUTATION 	STANDARD
REPLACEMENT 	TOURNAMENT
ACTIVATION 	RELU
COOLING_RATE 	0.0011
TEMPERATURE 	100000.0
TOURNAMENT_SIZE 	10
maxGene 	3.0
minGene 	-3.0
populationSize 	110
maxEvaluations 	20000
mutateRate 	0.95
mutateChange 	1.6500000000000004
seed 	1646684373006
random 	java.util.Random@3ada9e37
numHidden 	14
numGenes 	129
Training Set Training
Fitness 0.008785494916299286