-4.350069570741912,2.3551158052116907,-3.8523183496603863,-4.107062220984876,8.024367111533518,3.94842572823549,6.804434106993638,-12.789955305550016,3.0207758172657275,10.879656028785357,-9.589506056508085,-1.5434764561386913,1.3499232197693196,8.865977557375984,-6.036785117441141,14.083449609725106,-8.541653789080515,-1.7348295544959935,-2.720887772713109,-5.06831428010339,8.484497307566542,5.179433580239124,4.8196220703297605,-2.0424129013806374,-4.164230545472442,-11.90035160184917,-7.36990806364936,5.418026895336533,-10.193448129364642,-12.400001511585238,1.0252426437447109,-2.651334081784139,-5.406981303776117,1.5252657709414708,4.208634758243109,-14.529437169960486,9.28339849297415,1.5830467363315472,12.555477753905722,-1.9511091527859428,0.7630175342242262,-0.4394437453829543,-3.6825916411222197,-2.046299744574517,-4.878539452375543,2.630603732473038,-10.775332342255178,-17.613662814739328,0.7847338438043092,-7.006248323975248,0.8154002094905861,9.636302995322968,0.5183688633675176,9.07358980614051,4.863595683953601,1.7720060800682074,-3.4420528046588306,-4.860525516345834,-4.393507289035307,-8.304964773153118,0.47157402718173635,-6.023988964116978,-10.010942986853083,0.35125121133126047,-7.655620465320085,-4.599025913981967,-5.802552004039633,-2.006832227669231,-4.201834011624122,1.0032860548574263,1.495180663885911,-11.923236998138616,0.3198750643471593,-8.069908032811414,9.20498893410432,7.502036464932888,11.870587003502049,12.096896361407152,-14.103807884939824,-2.6297030042524514,-4.36768194189985,0.9271432977680636,-4.058335413422791,2.132338791864453,-10.777074675391178,-5.502452493313415,4.900303391632305,2.890336016131098,7.269974681443344,6.622904123028439,-21.03981260468693,-0.8575428126928397,-12.467522318404484,7.459027659439807,-2.7055815534239684,7.622871982443196,6.044947148270049,-6.565110075750706,-2.414070764437879,-4.95900325640988,2.481267737710395,-17.55504662154803,4.369342856481862,-11.0375050119632,2.7964288343594985,-7.6098866614122045,13.767264555803882,7.850722806966999,4.652208166622491,-2.349413008281493,3.365181685051417,7.900978066159739,2.518445772160522,1.3065093816082296,5.823447331430822,2.6010891322898946,-8.485406335779622,-7.758084184818324,-3.7333825623192602,-7.709455782979223,-7.083227701774039,6.175215376659821,-1.1302897202932085,3.1665412135545434,-2.0963872329151094,2.004179442922543,-4.922247904535679,2.1990037215639617,12.549710882187883
neuralNetworkClass 	class coursework.ExampleEvolutionaryAlgorithm
INITIALISATION 	AUGMENTED
SELECTION 	TOURNAMENT
CROSSOVER 	UNIFORM
MUTATION 	STANDARD
REPLACEMENT 	TOURNAMENT
ACTIVATION 	RELU
COOLING_RATE 	0.0011
TEMPERATURE 	100000.0
TOURNAMENT_SIZE 	90
maxGene 	3.0
minGene 	-3.0
populationSize 	110
maxEvaluations 	20000
mutateRate 	0.95
mutateChange 	1.6500000000000004
seed 	1646684373006
random 	java.util.Random@3ada9e37
numHidden 	14
numGenes 	129
Training Set Training
Fitness 0.023700106835536895