3.4632324475528407,0.2081847067457847,0.39739436385296223,-19.059705156398778,-0.7624802029496855,-3.9747107944986215,-15.093525961097873,0.5596989633859888,-1.4116150178311662,12.583384455985106,3.992820346255847,8.95287703225824,-1.7411870386020594,4.273379133659782,22.496285073628776,13.1104564444623,6.1168023510656315,0.07728050258563002,-2.0289239945930877,-9.228007529860115,-1.7787812307270867,2.2907085379642984,-0.7908383160879495,12.42698683098009,17.810367138049045,7.594090702982079,-12.100766505011197,-5.42829046130381,13.708389182564808,2.527310584003315,6.891131340988558,-12.168909209329454,-3.3589242837082125,10.953443659997985,5.425880679645704,13.729556163768281,12.43666619562902,9.915570706867355,18.619215506934708,-11.59321103462544,9.558695115897782,8.646521314650597,-4.248297175788075,-16.025985811969825,-0.4730736426293536,7.584755817803378,16.02131502549587,-16.506493879803465,1.8789036616161834,-7.6695415526068285,-1.0454693875521297,8.638629956359912,-0.9913728827436827,0.8942681290296539,-5.900218681669433,-0.09615773188256682,-3.009647500322049,-5.803063185941645,-0.45770634614761363,5.033677615645616,3.0044924383269045,5.471563791842293,9.782111617641656,-3.6231359806056966,-1.970915291955622,-2.999088782916882,-5.242682592225133,-4.153684860243931,-4.505724320922438,-12.20932942477049,-7.327793869110076,-2.6721419000987323,1.268751835952794,13.785403762064034,6.705399688262759,21.730167658931457,-10.593962052762743,6.377244467200384,7.2756238933472535,7.455480153628825,2.825062555392246,8.788306863577672,-11.616894918800885,4.545278327841176,6.033377468622569,-2.2738981152643376,12.87227542770216,-3.9827596288349456,8.672902599842008,2.5671292386581115,17.076715180601795,-0.990638554325022,9.77704920227808,-8.8828358887868,-2.9400111676356664,3.3342604451836397,-5.175436689588706,9.127623708430487,13.756270695761167,7.071298375438704,1.7094110944443859,-6.234246625871972,-5.557611732952665,9.286241114884525,13.36751568483539,-6.557764975097406,-8.311855009883061,-4.732189426510558,-18.189863752730574,5.443176690221264,8.034521054944507,11.007576454441098,-10.039831543539451,3.5443042635358886,5.239583538929022,-13.425749768222088,3.4716254725544315,-4.396465299632725,4.109670716048527,-4.404445966710746,-8.315953750693184,8.583967417452495,-5.501348674665507,12.460443514385268,-6.777439107741847,-8.047305472940332,14.410795056656104,-7.458423299019161,5.200826828079307
neuralNetworkClass 	class coursework.ExampleEvolutionaryAlgorithm
INITIALISATION 	RANDOM
SELECTION 	TOURNAMENT
CROSSOVER 	UNIFORM
MUTATION 	STANDARD
REPLACEMENT 	WORST
ACTIVATION 	RELU
COOLING_RATE 	0.0011
TEMPERATURE 	100000.0
TOURNAMENT_SIZE 	90
maxGene 	3.0
minGene 	-3.0
populationSize 	110
maxEvaluations 	20000
mutateRate 	0.95
mutateChange 	1.6500000000000004
seed 	1646684373006
random 	java.util.Random@3ada9e37
numHidden 	14
numGenes 	129
Training Set Training
Fitness 0.02278344102951299