-6.1959894821070005,-2.3636008629576715,-8.597251443946202,8.048591001794163,4.284402414691916,-11.027242045041968,-7.016229789946303,-13.937626787878648,-2.6250260147984132,-0.37929614567550374,-5.29361868901052,-1.0735302278845884,-9.001426667602313,-8.958192799151915,-2.054151266778282,-6.944007939359887,-7.720474745970549,3.330522051335734,-7.8336885688926134,-0.2788705283273334,-2.310611895067151,3.581579605470811,-3.600590341084464,0.7179377656142534,14.377030667115209,12.6193471907334,-10.688866397589583,-4.055013779045543,-4.5952064048400345,10.643242534196835,-8.294976053591274,4.058502723042762,3.887109848625089,-9.122724209247776,-2.3217831009864565,-19.443601895688218,-1.2599303223960394,2.8332794221336126,5.502683431977241,-4.14321817988183,0.6000199670431723,1.4063663955912187,-6.702625601472452,-2.3606846626185103,0.5564051863343424,4.567645404966252,-1.412159185691742,1.4579862671187662,-3.8313431016930632,-3.1467977359613677,3.7682583711402904,-6.088382581020871,10.249058306971849,0.5198451073821095,5.536644783112265,0.27366293414101595,-1.9068901198990709,3.1470923583850094,-2.1825814446824277,1.2855742467355196,-2.823960062842106,2.561367316415504,-0.5336943754344814,0.7082566748607202,-11.641292745950329,-3.0576500234047934,-8.97903903400946,-11.446131354862116,-1.5289953968275336,0.4243319978453739,2.860598833907779,-0.9181528331524991,-11.183192200639121,-9.655361983730964,-4.300623978319387,-5.13829201798978,2.765920063800918,1.2164827360914288,-12.10718191361958,-7.2301530327234484,-0.5518502500290285,-4.669764065552932,1.6752037024861597,-7.400454637139859,-8.751438991598633,-1.1063603831627278,-3.6067758666956866,4.5961799512962935,1.7665671685383648,-2.710383607880652,-11.0573775410542,11.226458335502576,-4.348231306215693,-0.8398982652685589,-7.946650222772215,4.488893109603316,-14.0911873894652,-9.478928272917674,9.177401720816441,-5.934539494321447,-2.267912184396888,-2.2056623771457975,-8.902593064570688,3.8865805259488084,-0.2065898897466374,-2.341868930845523,10.127597107880293,9.57434268194971,8.1662614906335,-7.0925070560721135,-9.664375843740103,-4.206373884094592,4.997857905514314,-0.7148895779707267,-2.329679425221964,7.416595911705556,6.3201309348129975,2.9739206569981285,13.576501047817318,4.193167066382003,-3.040419505396466,2.379513033557968,-2.8296528662816023,-15.374531791318446,7.008388588086996,-1.2779576030589865,2.414131642247952,-5.365425289506112,2.0937920662213414
neuralNetworkClass 	class coursework.ExampleEvolutionaryAlgorithm
INITIALISATION 	AUGMENTED
SELECTION 	TOURNAMENT
CROSSOVER 	TWO_POINT
MUTATION 	STANDARD
REPLACEMENT 	TOURNAMENT
ACTIVATION 	RELU
COOLING_RATE 	0.0011
TEMPERATURE 	100000.0
TOURNAMENT_SIZE 	50
maxGene 	3.0
minGene 	-3.0
populationSize 	110
maxEvaluations 	20000
mutateRate 	0.95
mutateChange 	1.6500000000000004
seed 	1646684373006
random 	java.util.Random@3ada9e37
numHidden 	14
numGenes 	129
Training Set Training
Fitness 0.022347098933933954