13.344661460997468,3.978254408112221,-5.890947305460209,13.215550397697367,-10.871821785986599,0.3639553358828813,-5.217718334013618,-0.7592822098743905,-7.585861900460493,-4.5279907312212995,6.190430741613884,8.233575434237355,-6.248506290480135,0.6734877302623623,-9.103123976583497,-7.313584400686025,-4.639089552021991,10.537893721985286,-11.687926459015513,10.380590119490293,-13.62783010721272,4.38798099999027,-12.437726250719667,-10.464252816666297,2.3641889489968992,4.2755151235347295,13.917449708728459,-8.236586468924052,8.38735415214747,11.127695262064448,-15.969791052792992,-0.6079747366265842,-8.85486287050636,-3.1731537192085426,-7.509025426853931,-0.6003508357069034,-5.428278573774126,1.2113825916961112,5.020737055154509,-3.977721774485815,-12.535361953131952,4.673933588187708,-1.4988068366622453,-3.9502746014531276,-2.633829020057286,3.982913790991846,-7.366894526468181,-3.322220370411607,8.18456175969299,12.416708450853836,5.36722935265948,6.404429825008142,3.5558051592592825,-29.82496064970276,0.8181723093228896,-7.660397723876812,-17.530903700399634,-1.7300369526487236,-4.499935574485567,-3.108001630863269,2.013753052262974,-2.8006536278382548,4.213935167290556,7.303258960818617,-11.847295430938308,6.568554172146241,3.5202071810985345,6.868823576418054,-9.462598544806783,-8.598525602374531,9.045733089080045,-7.283507112073973,3.0012697462045868,-19.13010309084283,10.653317873981791,-16.792157317979473,2.253595281240301,7.120652634944149,-1.557316533007839,0.9342798272733566,5.7929916958505085,-8.907189389584584,-1.4946506580605199,5.698669400589705,10.919370481271539,-7.807379289110708,2.62191743557704,3.355104732983089,1.6455968040022526,5.431780495794062,-5.981233526474215,11.073531085066572,-10.40521848999135,-13.215004003917196,-3.957825221942942,13.202575340763234,3.4664237498675536,12.535695991838615,-5.438591993446271,5.323074341379774,0.7643861236887748,-1.9458503307936716,-6.421677478717935,12.166435089288093,-2.7480520544281593,-14.459869935572241,0.14955185467755605,12.766100911812067,-10.566050144342748,-17.137346248019114,-15.331641848082631,8.667037927252583,-3.686693334091867,-2.1577798880451056,3.656747372096129,-9.062702922196632,-3.2710673271973265,2.5463623675418834,0.2344613146432537,-9.942652335458675,0.15438794100380981,20.907214688659685,6.009976692346637,0.9070185589036459,-18.078679468188703,-5.679810858819502,-3.6203445831952035,2.0765242651834788,6.479045159746436
neuralNetworkClass 	class coursework.ExampleEvolutionaryAlgorithm
INITIALISATION 	RANDOM
SELECTION 	TOURNAMENT
CROSSOVER 	UNIFORM
MUTATION 	STANDARD
REPLACEMENT 	WORST
ACTIVATION 	TANH
COOLING_RATE 	0.0011
TEMPERATURE 	100000.0
TOURNAMENT_SIZE 	90
maxGene 	0.9999999999999999
minGene 	-0.9999999999999999
populationSize 	110
maxEvaluations 	20000
mutateRate 	0.95
mutateChange 	1.6500000000000004
seed 	1646684373006
random 	java.util.Random@3ada9e37
numHidden 	14
numGenes 	129
Training Set Training
Fitness 0.04224652579779151