-9.411368904418696,-8.187433512564976,-3.0764206905316627,3.158642974372464,-0.8060047906138159,-4.537856663878918,1.7285285195323306,-5.143185782131748,3.675530393969198,-3.7894594084183932,4.944705621913053,2.1894140009943115,-1.6431685526699793,0.7371124126856667,4.01669155956038,4.342621857575425,-12.413422851569171,8.486836909440935,-5.559748753641267,7.2934772139852715,2.437546909626513,0.43724781462764906,-0.07672338500648124,2.360573815108298,5.644506365809173,-1.2990040290127172,-8.600750923322398,7.2189996856644605,-0.8428600122485923,-4.821647239629118,0.8866845483183319,-2.1912226293024997,-3.429659152419056,-5.182086062686552,-0.9477180808459611,-1.2868717091656956,-0.31344754177745404,9.793957161010427,-8.143996209072455,2.336206430503692,-5.6865124614719385,-3.234648356289498,-5.516923842217061,9.969516441921312,-4.794565729948255,1.843614259725264,7.850901152872535,6.35205093540735,0.7174911129587018,0.11665114911168306,-6.131864768506909,2.6512537051380196,-1.540544289465723,2.449919905351175,-1.5813070752041827,4.670234222456992,-7.490274817686904,11.768191209224161,-3.454806362622379,4.471229468561948,-3.170551711252074,-1.7412132743139872,0.364377512509205,-5.753869212726375,4.403303016731701,0.8811123463594077,4.511273387713152,10.261961732444433,2.5256553609741794,-0.382496431563057,0.3294106099897993,-0.7874854579291233,1.1994885265190254,-4.193156248640304,-0.14887672724845746,-0.23307701610314124,7.6703739849350265,2.5151119791732564,-0.8049957548631763,1.8717693068032126,2.9788891144488563,-3.4840377787551637,0.9468231386977912,2.9353934081934554,-2.2177310936415218,-0.42036915137618536,4.135731307558571,-10.198607017382745,5.419711426476077,5.949915220455199,-12.430666292798485,3.5528733586049643,-9.72435939266916,2.5266605024741473,-1.250783952163467,6.429826166112347,4.081361571567705,-5.734861368586637,7.7027733545239965,6.6390862891866105,13.137927743273853,9.053897084370254,9.787692734210994,1.0896369620393207,0.09167042247594304,-0.9608988115968797,-2.397796456530955,9.895603039784193,-2.1012741422284438,-1.1739105157095597,2.917212728147346,6.705092793176856,0.7260260107303447,1.40780595932247,4.285703561810211,-3.264880879753816,-7.296396345730626,2.994968764452256,3.230282312248934,-1.3788491288629743,-1.9333061979845039,8.754280963186655,-3.788484021329457,-8.225583969372785,-8.99400242606875,6.698682348326837,-0.012288642367910274,2.630898140250431,5.380606154425902
neuralNetworkClass 	class coursework.ExampleEvolutionaryAlgorithm
INITIALISATION 	RANDOM
SELECTION 	TOURNAMENT
CROSSOVER 	UNIFORM
MUTATION 	STANDARD
REPLACEMENT 	WORST
ACTIVATION 	TANH
COOLING_RATE 	0.0011
TEMPERATURE 	100000.0
TOURNAMENT_SIZE 	90
maxGene 	0.8999999999999999
minGene 	-0.8999999999999999
populationSize 	110
maxEvaluations 	20000
mutateRate 	0.95
mutateChange 	1.6500000000000004
seed 	1646684373006
random 	java.util.Random@3ada9e37
numHidden 	14
numGenes 	129
Training Set Training
Fitness 0.03949534615475166