7.177905115355996,-5.254151366171602,-10.620905764240414,6.868961385253952,0.308711261993194,10.030789057106139,9.4083779559954,0.3735927371489378,2.356266284558415,-3.966826043423577,-5.6969833414930555,7.825864995783624,-3.7711860644244215,-0.7288171636908523,10.038340378775153,-1.278192647067728,-27.512489679194154,3.153059069198166,25.740514945080832,-9.660483855614212,-6.037156844380121,-0.47659264728065587,-8.13791339182444,-8.911181140543116,-3.3162930654303997,1.2221551440352991,-7.81246710862408,0.5810668236565473,-3.799702383831079,22.073303722951962,18.43150520458427,7.169533053937455,19.56956412148648,-3.860310604301123,-0.5485708821381694,-14.89574901677879,3.4246905403971484,-7.182918851829472,2.1926141665604693,2.4259880681474613,-8.509685704106452,-12.13444817101209,-14.431988793168935,1.3924091285691453,-10.267078709323748,2.7381697002512038,8.046235130862422,2.5853429701071295,1.8010942445315088,-15.183333884030239,2.430460457531222,2.941425094277691,-3.9869778352545655,11.350843890130198,13.907277266729519,-6.220751610937098,2.6889171885738916,-14.87689816662834,2.428582668245827,-11.235485506147564,-0.14628467674799595,15.475373242803434,19.035338775236426,4.309433903103633,7.373918063736773,2.0194332844318774,4.344311358107699,-8.17436759868868,-11.493307760318523,6.691273478569858,2.1151525717599675,16.183163954122293,6.850609583870696,-8.069691135769858,-8.937310206731437,17.424902896090757,11.81064770838694,-15.492674354779677,4.346817397043239,-3.2186393089810856,-2.069313210029902,1.2170871761739877,-6.858395861335255,0.47645770764920226
neuralNetworkClass 	class coursework.ExampleEvolutionaryAlgorithm
INITIALISATION 	AUGMENTED
SELECTION 	TOURNAMENT
CROSSOVER 	TWO_POINT
MUTATION 	STANDARD
REPLACEMENT 	TOURNAMENT
ACTIVATION 	RELU
COOLING_RATE 	0.0011
TEMPERATURE 	100000.0
TOURNAMENT_SIZE 	10
maxGene 	3.0
minGene 	-3.0
populationSize 	110
maxEvaluations 	20000
mutateRate 	0.95
mutateChange 	1.6500000000000004
seed 	1646684373006
random 	java.util.Random@3ada9e37
numHidden 	9
numGenes 	84
Training Set Training
Fitness 0.01130669479219856