5.740246954269429,7.903111065314233,12.62534623782064,4.512401499444338,-2.7055580798697605,18.205666295719574,15.516943865620053,4.83908727433375,10.920455473645251,6.035036712216478,-5.342477619503087,-22.657284646122825,-11.982714917279297,16.731246790102155,-2.562915417131089,19.169891378697194,3.458173636073729,4.111411606096858,5.436401785265723,-2.707239545797595,-0.31388313478117347,7.472135315733464,11.845359135795638,-2.02831947269583,-1.6367433462334802,-9.40181337149426,10.855663068622663,-7.103837845499083,12.75056470102469,-18.056402019638284,10.167401498679189,2.894248382422189,-2.9202338432945245,-2.1162363672515854,-5.5967550569634295,-5.298320908399343,1.1525015053703003,-3.292973174734369,-3.8841301733526867,2.1208586312102584,2.2622712522327255,13.121675270043186,3.0034857066840406,-3.62418656384345,-1.1672459187419655,11.14917908998825,0.7651433316435554,2.1330018733469105,-10.948362821490596,-1.5930675866660415,-1.8682025086844911,5.4090099200757855,-0.4478565061059321,-10.546321141332008,2.4008957234958723,8.424834060083462,-1.545011570862573,-5.3217751369723985,0.9815615699900473,-6.107367987644399,-2.768456413168547,9.55696499527363,-3.7257652523492713,-17.165514148557815,3.0345345896950144,-11.01183448837374,12.612933552162733,-8.566099223270392,10.965644997679663,-2.3191231924131497,11.540094244244312,-13.240570669799054,-21.290054460037005,-3.016237197841173,4.513244991379117,0.22598634781166638,-10.734885621829592,-5.815938339836254,4.2095669636735575,16.573089964168965,5.67896421788911,11.289311076236496,7.54868893665972,2.3904369779880437,7.381832287233593,-6.225606035538029,-2.254134766108943,12.109891015354474,0.9609441802126035,0.7838844960026741,-2.1130230189908863,-8.090864095328634,0.671901920564653,-0.7254083113853245,2.9335971334411513,7.435918064011625,13.167999574651036,12.715624091098816,5.820656455719654,0.9629707666495868,-1.3488876311452778,3.6832195021137064,10.351044684315978,22.172391248498627,-4.541545643759724,5.545003301991942,-5.729226419531457,-9.70559485140883,-3.802453890526815,3.173264921400479,-6.574865554438633,-5.310867066362013,-13.622720251462379,1.0092606320123707,0.8505701896982103,-1.4888613635312211,-13.843982402278645,-6.029525797657559,1.0487840265778843,-5.114783066704035,-2.9617945141221025,5.700187685173814,17.21890382388866,22.44804357715452,-2.500970064465519,3.853638413610529,0.3903151245643226,6.873989279749659,-7.447805760276108
neuralNetworkClass 	class coursework.ExampleEvolutionaryAlgorithm
INITIALISATION 	RANDOM
SELECTION 	TOURNAMENT
CROSSOVER 	UNIFORM
MUTATION 	STANDARD
REPLACEMENT 	WORST
ACTIVATION 	ELU
COOLING_RATE 	0.0011
TEMPERATURE 	100000.0
TOURNAMENT_SIZE 	90
maxGene 	3.0
minGene 	-3.0
populationSize 	110
maxEvaluations 	20000
mutateRate 	0.95
mutateChange 	1.6500000000000004
seed 	1646684373006
random 	java.util.Random@3ada9e37
numHidden 	14
numGenes 	129
Training Set Training
Fitness 0.028596870164698793