5.314698711201395,0.7636952685593537,-4.0634648815150385,0.452166580356236,-14.916680662100744,-5.894732536363254,-10.179151909931404,3.1035032135779543,-4.349650829988297,-20.608870011790216,-14.136996554328922,15.106251345151222,-2.56938269409848,-4.5387059736774376,-10.83681703523717,6.891746780467575,-10.66773495510588,9.594211261725562,7.470568562285772,-17.563553111432995,-11.210285095321217,-0.6613522986541698,-5.819465674098794,0.13131546294887286,-4.533860017623105,5.130113577345359,-7.521129949087442,11.492660337505473,-5.250940576244419,6.3022495395061835,-3.202188392129557,6.7011326394542845,-10.561853732096568,-3.584189096947023,1.0340507772521637,-6.3388351999943415,1.253790836261746,-8.725416086605463,-15.780916535051002,6.328042498350735,-2.940582924183108,5.170465636353967,4.667589187944645,6.686291116118431,-0.8258118878791949,0.48560373957640923,10.893410847579949,-8.533124829125661,2.1188728803232095,1.0406673107763913,-1.6846258180428046,-7.3187209608203485,-1.972235891994952,-1.8169058921413077,-3.8038554573196333,11.965064772333708,3.2138516813488964,0.6478797957197049,7.018196739451987,-3.8505384090759396,0.29181282049661306,-0.6455491351939759,0.7517948998353479,-5.381178930559738,11.07277580211903,-2.727777746114132,-22.776448781269437,-1.6551170098496817,2.0585466756922193,-0.7915662296389856,-6.372289314110336,-10.414824388666124,0.6025052879820523,2.1211262580406034,2.281467748588719,5.218803048250356,-2.3773842487485766,-5.271312722864494,-5.772505674897361,3.499722626661149,3.63413193416895,-8.118951619396269,-3.989740130840051,0.8749001102976806,13.472083166740864,2.9177733973539306,2.324210170840031,0.6626880340134775,1.643671698309669,1.4720296942113364,-14.332346706964307,7.168942546835872,7.7676954309461745,1.5385216956435581,-15.791146921154015,-2.4854896088993055,-8.508020707995723,9.836018631105041,7.780154101735992,14.434700586971024,-1.422977336647345,-16.071272114576296,-8.733441555687731,-1.3478612787420499,2.599730009441272,12.159088795491108,-20.97493541537672,1.5859591847920642,1.3303306914089825,0.2734523288441597,-7.2043346533672015,-9.255542565916542,-3.6628211169913643,-0.5026461640560793,-6.125006462116108,-0.452462884373813,1.4497180775830323,2.1472471045816395,-8.780079094126847,-3.2820801400943242,-10.715305678891049,-6.640041905763854,-5.929170920047948,2.9626488366444157,-12.182057539953828,22.375930774984845,13.90844974968917,12.307197467350004,6.189411171734425
neuralNetworkClass 	class coursework.ExampleEvolutionaryAlgorithm
INITIALISATION 	AUGMENTED
SELECTION 	RANDOM
CROSSOVER 	TWO_POINT
MUTATION 	STANDARD
REPLACEMENT 	TOURNAMENT
ACTIVATION 	RELU
COOLING_RATE 	0.0011
TEMPERATURE 	100000.0
TOURNAMENT_SIZE 	10
maxGene 	3.0
minGene 	-3.0
populationSize 	110
maxEvaluations 	20000
mutateRate 	0.95
mutateChange 	1.6500000000000004
seed 	1646684373006
random 	java.util.Random@3ada9e37
numHidden 	14
numGenes 	129
Training Set Training
Fitness 0.024214423271383415