-15.448213771912195,-11.844274207150713,2.8656936450118327,-5.465651301206899,-4.137574014236981,-4.891857115683807,3.069265895665329,-7.604593718145956,7.761276470596409,11.758607017405295,0.0038760114214611008,-4.8844055573124106,-1.917818270909338,2.7986342689415418,-3.9517526043263107,-9.383050733662653,5.319300938891782,0.3945166548555452,-0.04968225777820656,12.075420468632299,1.151115223414096,3.691799439108361,-8.266269529842702,-3.1041370661847134,5.06599792457736,1.8828033969103064,-0.2783946111699569,3.3346851101694357,1.3988058557268204,-12.400708119080921,-0.483459976230761,-0.4210638079683928,-1.2811857639866524,6.582610744061283,9.60040423083748,-10.825412375932865,6.277672203629453,6.961369573249408,-5.670399985978883,-6.731741552428577,4.331919492524343,-6.76803608370162,8.101066378547443,2.735613053110294,1.0979598859424557,16.13997222031501,1.9514204234439996,-0.08385408628141278,-0.2217477941917565,-3.149301419817304,-2.573767787443381,-1.491947913737055,4.765830540920474,-4.375138323599747,-1.181454507348752,6.298366205358312,-14.459864581486363,4.180671042583111,8.275359113786784,15.612537606106121,-7.3395125666663885,0.2762603515525486,-2.1921010776777416,2.0140946518602956,12.094399066455733,10.586685381608204,-7.733882997042052,-3.430968410820407,0.4362793831135381,9.677427147966748,-2.9000363479759397,1.2610423079379753,-0.7720540149282691,-2.6084240419531493,-3.6204118255146476,0.5527026633235348,-4.814285282966463,-5.079394239433179,13.733734829616173,-4.315807732633541,-4.73029845709463,1.8688827895059696,-7.509793303039773,5.585130446340047,4.599327874893604,3.8497866349451737,3.164382461568656,-13.85341864617165,1.2748800229252701,-3.433442618807498,10.491378575585982,-0.3407253098070928,-5.441666812000824,-1.9162841484553423,12.134560972130725,3.670565716019813,5.147510461379288,2.9351363614177615,7.777716205293833,-5.853353080312468,-7.6039949807636775,17.09259227394734,2.7203048885923327,7.898007714210437,1.587155109693172,-1.8661804230019694,-6.605172003014827,5.635120667599542,3.5637195424912367,-1.8981124734439838,-2.7375543993015174,1.267820077290759,-4.254239855424808,-2.312107812899778,-0.4824017297533807,-13.354179993149202,14.637599004745718,-4.303271693310256,6.794489350231812,2.909306729157703,0.18057603866602978,17.770926203712456,-9.382103359043928,-2.622478099443975,1.5016925416024822,7.800276803373398,-21.322108198845477,8.199737291651907,-7.910915331202952
neuralNetworkClass 	class coursework.ExampleEvolutionaryAlgorithm
INITIALISATION 	AUGMENTED
SELECTION 	TOURNAMENT
CROSSOVER 	TWO_POINT
MUTATION 	STANDARD
REPLACEMENT 	TOURNAMENT
ACTIVATION 	RELU
COOLING_RATE 	0.0011
TEMPERATURE 	100000.0
TOURNAMENT_SIZE 	90
maxGene 	3.0
minGene 	-3.0
populationSize 	110
maxEvaluations 	20000
mutateRate 	0.95
mutateChange 	1.6500000000000004
seed 	1646684373006
random 	java.util.Random@3ada9e37
numHidden 	14
numGenes 	129
Training Set Training
Fitness 0.029741260378583087