-4.9187006608015835,-6.245756934224238,-13.715295997729996,-11.088817956811548,-1.3481278107541321,-0.8401006384284138,7.904751634483924,3.778558394610136,6.596645589239655,6.5909633422776075,-8.090227661059954,-11.97143705245857,11.267166173090487,-2.5734470032278276,25.132695322346912,-4.588580578111622,5.708647976793468,6.073462753738841,0.5754117998063322,3.8774679106966428,0.6987107434840958,23.078570363321802,-2.953081753642129,1.3531408217497845,2.6766845206019703,-5.495550095748088,-6.27395931326984,-17.533467782031913,14.374510832986035,-7.457556571325563,-12.656230242034072,-0.6028072111235252,-0.39777370449538374,-13.951123279288277,0.4749438152137735,-0.7323145293633608,-1.885978041854786,-22.433413942316584,-7.753276235093699,-6.905698644918733,-6.244261453514728,17.033623504852063,28.639696159630176,2.532721881576566,1.5144984124820677,7.575410201360679,-11.746933523724003,2.543564384422236,15.672333601243379,19.950018990576226,-8.244905903611514,-2.3739613148791197,18.577765158277664,-18.669640723639432,7.134088141655116,-16.80295169037094,1.173893024384034,2.6410301744015268,-12.116356406736326,-9.629199881063993,6.333671054327237,-7.287206498973317,-14.084452001031789,7.3592238076605465,3.7783903776745866,16.26197475748099,3.456656495475734,-4.227573393644794,-9.63859343769203,7.944679581918388,-3.085678356952526,-9.00847125261705,2.7703119771123283,-6.560508085444203,-11.773937707942212,-0.18113097897131336,0.951559092120891,-0.08776052981951832,5.869886600852212,-1.497328642167901,3.832978233731036,4.854591436496369,-4.249703419326904,6.662850232973037,4.97007834216466,1.399875926289516,12.729051255973518,-10.998449550338467,-1.589608649641729,3.377924357915102,-7.641118422025484,1.3272186995939306,5.168233348275672,-9.023395873654625,19.84358080915247,-1.329388701598062,8.96123516586527,5.671063532979728,-0.5993694760510362,-2.641745172428517,-1.0935176634553834,-6.437429176219682,-3.0072436684719293,4.783482011601765,4.6080887729432725,-1.4628101477550697,-2.0274583085193116,17.17727939821092,-3.1604879565608615,-17.38960792222516,4.119744075634022,-10.896208140323912,16.132758578687735,0.36756507704653174,-19.34513375808674,24.35960724277635,13.334261797934817,-7.512751586417,9.563244723653096,-14.734919951159837,0.41717683430665886,-1.9185545067615157,0.5538793053464506,16.120756552234415,-3.007625998576877,-2.6887986700509217,1.5897961318360831,5.075824201848915,-15.474717636772105
neuralNetworkClass 	class coursework.ExampleEvolutionaryAlgorithm
INITIALISATION 	AUGMENTED
SELECTION 	TOURNAMENT
CROSSOVER 	TWO_POINT
MUTATION 	STANDARD
REPLACEMENT 	TOURNAMENT
ACTIVATION 	RELU
COOLING_RATE 	0.0011
TEMPERATURE 	100000.0
TOURNAMENT_SIZE 	10
maxGene 	3.0
minGene 	-3.0
populationSize 	110
maxEvaluations 	20000
mutateRate 	0.95
mutateChange 	1.6500000000000004
seed 	1646684373006
random 	java.util.Random@3ada9e37
numHidden 	14
numGenes 	129
Training Set Training
Fitness 0.010964284152685131