1.1842679485397198,-1.6318469347592623,4.033701561787668,0.26123062653667084,-2.6619866770464427,1.8160310369126123,9.343831023820396,10.805753120748347,-4.100605290684468,15.132739243039351,2.4447218102145793,-0.0012990138879409585,-4.137907223285401,-5.982526452125104,6.503167885722618,2.986005108350379,2.3501527626642638,0.8839828410504098,6.430951679360659,1.7878613198887123,-7.096493944330025,-0.8494556072535442,-4.604908365684631,1.1342839787486474,-7.597929112190089,15.29344871159891,10.879541699014258,4.018885648583433,-2.3351784773557593,-1.50889495478385,-6.648666992292124,-0.15883944782646697,-3.740957149926551,2.5628325680807107,-3.13577369014319,2.7657491571699335,-10.78368380581596,7.045855495904517,-2.624477254076636,-0.5021326932049295,5.62560957143018,0.5559729982158377,8.50675768043169,5.707284225889417,13.610174286911285,-3.3081711809696905,7.746580799437455,-4.6710613365610545,8.74377745044886,-1.8303428557985182,-11.77579608028785,2.0764835385240303,-7.276871629231752,11.214836165701367,-6.7256238801889,-5.024245037065164,7.587185189702188,13.488532669556225,-1.1800764092645846,1.1083625096075753,-0.08964473254767213,4.292174226201087,17.315469790976557,-5.398698050636884,3.3454320922354226,2.569439295548438,1.5760301369526877,-1.4933057070225857,0.2534393464279687,-2.4350918054307886,20.55675310489474,-10.363541347199874,4.281379663642265,-5.099528948214665,-11.594842573592436,17.34992870437116,-7.21478403223893,4.195042143737719,-1.8752058402936367,-1.461873725410431,30.24423934722423,2.430082955989306,5.869339861479951,4.6566088420126786,9.27430672578569,2.10288971041005,-8.321295281794304,3.2795101193740415,3.071259167555855,-6.388446181119021,1.873819347092569,-0.9194031876030921,15.452160241226009,-11.320042540119445,-6.255659944607004,12.242867460036338,-0.7391787096320268,-4.941881572740295,-5.20640855246978,-10.393578116718109,0.7654098130567917,-4.57734642333744,-3.9023556475015138,-13.914966068872513,-10.600236711027245,3.5040806670903564,-5.509497139143949,2.415062724417311,-15.413638665001399,10.582133997802199,-7.545045678469605,4.096040249146405,-7.422264681142243,-2.1327791156093205,-0.7212860433147497,-7.909522599255304,2.36442327966917,0.27559897747318196,7.978072857780672,-5.828867235781081,-2.5285934877868375,-3.792190373126589,2.5463374781204173,-6.012807772744428,2.2512918125606163,-7.145647904578484,15.00192613449782,-0.6834903733600548,14.931331736037313
neuralNetworkClass 	class coursework.ExampleEvolutionaryAlgorithm
INITIALISATION 	RANDOM
SELECTION 	TOURNAMENT
CROSSOVER 	UNIFORM
MUTATION 	STANDARD
REPLACEMENT 	WORST
ACTIVATION 	TANH
COOLING_RATE 	9.000000000000001E-4
TEMPERATURE 	100000.0
TOURNAMENT_SIZE 	90
maxGene 	0.9999999999999999
minGene 	-0.9999999999999999
populationSize 	110
maxEvaluations 	20000
mutateRate 	0.95
mutateChange 	1.6500000000000004
seed 	1646684373006
random 	java.util.Random@3ada9e37
numHidden 	14
numGenes 	129
Training Set Training
Fitness 0.0592201762417852