6.201632287484867,3.1520261236530214,0.7927258536029163,1.4343746344688677,-1.8929470819018848,-0.5543544587296729,-1.7757505794189292,3.829553893418839,3.6111686421459606,0.20605475208938984,-9.406523239032971,-3.2927710380981967,-2.58271434852115,3.84982888581529,9.05102425996201,4.4794819564996615,1.2381611081888781,-1.8748166008648282,7.209920968378527,-5.979562162434775,-6.142717777047817,0.7983660535109962,-4.146911513320672,0.5776594440818057,-4.6759446085430705,-0.5938999348837859,-3.828925035638173,2.0563415215583305,0.9030328256270588,2.4689174642143517,1.0191153144318097,-11.139605753957953,-4.411678929155927,6.366857396583335,5.8298586795222676,0.5874038015124716,-4.102165627431418,-4.501850205494214,-8.8221291484704,0.7498443710343032,5.778067283787157,2.623139349921191,-3.885720372260332,-5.217192436128889,-0.421421579210274,4.139851730416917,-1.1752957047950439,-2.701093453715796,2.64639453102329,-2.005760024210365,-7.339131144548203,-0.036097652885982434,-7.305944241841761,-3.152708477298302,-8.793930408024924,-4.208011208349758,6.411043123530996,-2.347183255579781,-0.343070403662062,1.147567341892303,7.716840623653065,1.2438809439685468,3.888641730069139,0.5907285888993483,-3.4050967574297166,3.0824805412178815,1.06816236738405,1.0165514925498318,1.8003161679483268,2.2462076318371382,-1.1604091030132295,0.06372110581601831,5.849946465188039,-0.8927149343851051,-2.721772104621871,1.7558542991080497,3.182403901241805,8.253497154083089,3.4945761035781535,-6.460682200308085,-0.43385605037869546,0.20717861199327103,2.1168120121485514,4.094208303637485,3.837560299927857,-6.032430493153278,-2.4599794310601926,7.270559099855778,-6.883068285889883,2.5334794904077294,4.30275305822782,-0.810272826982624,-1.3713981561832487,-9.542650003938853,2.9362323897660563,0.6513031478194389,-1.8072133610694339,3.938439183512533,4.278796067364988,-1.7012186098131865,1.809921879017824,-6.168000563306795,8.007932654339779,5.672613713554572,4.224474563932859,-6.067045815500066,-1.985465326099492,2.96716372245295,-2.1163379465966816,-0.11327606712301641,-3.971247755075229,3.0584689535515217,2.5975351395752306,-3.6135096110639155,-7.495895655125483,-0.3173929398950275,-0.18960064951424016,-7.914671139390963,1.9262617686210195,-1.3301452896798622,-3.740437118511331,4.933281208819554,-6.164810288274863,0.8277179114865278,-1.0740863409036372,0.3435776290093635,3.734096352183468,-0.9336971880100764,6.171849935929456
neuralNetworkClass 	class coursework.ExampleEvolutionaryAlgorithm
INITIALISATION 	OPPOSITION
SELECTION 	TOURNAMENT
CROSSOVER 	UNIFORM
MUTATION 	STANDARD
REPLACEMENT 	TOURNAMENT
ACTIVATION 	RELU
COOLING_RATE 	0.0011
TEMPERATURE 	100000.0
TOURNAMENT_SIZE 	90
maxGene 	3.0
minGene 	-3.0
populationSize 	110
maxEvaluations 	20000
mutateRate 	0.95
mutateChange 	1.6500000000000004
seed 	1646684373006
random 	java.util.Random@3ada9e37
numHidden 	14
numGenes 	129
Training Set Training
Fitness 0.03234465735022969