2.5407454909142784,24.066125018333615,5.547469628126471,-11.419620448246613,-1.5816833826010495,-0.5505435284217093,4.526629503070075,-0.5196680125237743,-5.9867220162897725,-17.14342802374275,-4.626262882998274,-14.242116056610564,16.9535345889746,-10.001430419225537,14.724146352995943,1.7192875965897016,18.395037010895194,-11.778854011738403,-4.705788646344885,-8.007344342984675,-13.310729957537765,-7.0596976653872705,6.712223847586301,10.902967234559128,-16.898351397694334,3.6384485354193554,-0.43869014068770973,6.164963528687565,9.700090608715103,-17.761479793786997,6.177581832419858,-4.965995678281482,6.6654668027597985,4.028021938442402,16.098017005199644,-11.071988129868622,16.945546136533387,-0.3032977533669463,16.84120545510408,3.394169316872837,5.881475004114742,1.9808685491394735,-2.819720840947028,8.99209042086765,17.080756080306244,-8.575858050601667,-6.168988546898829,11.750724505533434,-7.506893343867031,-5.631246659259867,1.265217914044383,-5.9433369146110415,-13.882907947315692,-3.7718248382368653,-6.9602809079544015,5.815348182581214,-3.443613527075512,1.5528557574892066,-9.498685469575157,2.60341835514771,14.943553332741233,-9.429396521606368,11.05954932313693,-1.073944666795029,-1.3315136936412801,-11.594905193493672,7.706030007111797,-3.819386211351275,-0.7722042799331268,-3.848569641896445,7.870278680229509,-2.4334186538962257,5.601456971529608,4.0417961546731345,10.896857695678483,0.7224716666111171,11.253033732448735,16.756524573033587,12.53942256670255,11.228619938650638,9.881695971137512,11.834004245885254,-12.199088925983698,9.771526925425741,-0.8440092845691893,4.823004573588367,-3.8005791990696043,1.9703973809418862,10.114970515268725,12.012635906348828,-2.11211885628338,10.578403261168495,13.707272667611445,-15.343465564481823,-1.3688700630961321,-6.28250563313767,-8.611399636018469,1.7819325156430028,-10.196384253501828,5.478631940939621,-10.53203012582055,9.516073422146112,10.459616644872172,6.979862568274468,-11.6494818639898,3.7917254886300977,-5.595960736733627,-9.077299840993328,13.419580583091982,15.71034908014603,13.755536243940206,-5.627172182508902,1.0831747449421538,5.495763076553811,11.444846943307864,-1.0358189221452268,-12.870054640073906,-14.706949527422848,0.6210058672020979,3.743873336478039,-1.6084968424524453,-0.24399261437517517,-3.314272661168456,-1.1393680938273025,14.04737996261763,13.775787836861731,9.089718039711926,-6.645095781935608,5.285952090527413
neuralNetworkClass 	class coursework.ExampleEvolutionaryAlgorithm
INITIALISATION 	AUGMENTED
SELECTION 	TOURNAMENT
CROSSOVER 	TWO_POINT
MUTATION 	STANDARD
REPLACEMENT 	TOURNAMENT
ACTIVATION 	RELU
COOLING_RATE 	0.0011
TEMPERATURE 	100000.0
TOURNAMENT_SIZE 	10
maxGene 	3.0
minGene 	-3.0
populationSize 	110
maxEvaluations 	20000
mutateRate 	0.95
mutateChange 	1.6500000000000004
seed 	1646684373006
random 	java.util.Random@3ada9e37
numHidden 	14
numGenes 	129
Training Set Training
Fitness 0.10718311847471501