10.06703779185606,-3.0725743026387544,6.814637345726226,1.4723766273441097,8.715500862847914,11.803809246653294,0.052090890519505884,-0.049932457368338845,12.99257314483363,4.509826445606217,-1.6976769352799526,-4.904194168628814,-7.122810380154118,3.7743445174811407,11.005900876350244,5.480248559093328,-1.6493528533802873,-3.7629413284487008,-2.0172849972680496,11.850698191303927,3.2393045217273633,-1.1310274487306557,0.38732615706644413,-11.746044507901466,-7.807223063319048,-2.9639759194811672,-7.853276304012224,7.7380540581167505,8.681206908798774,3.000668582812864,-4.44549220609696,-2.0271946894446202,14.922926984879508,1.4683407924032892,1.5669908468127436,8.684942923611631,1.9190650273543826,6.985326284968319,14.70569797163271,0.3470141922609704,-10.475623616825768,-3.1183173366507457,-11.332768998268413,2.940026133154653,0.12382235404089137,0.07745987773952345,-7.774555130053811,-0.12178737086776081,12.662147788890149,13.282578627250876,7.132369090891212,-3.359851110963482,8.338946364852267,-0.42966494165098235,3.7832922970643317,-1.756201281338674,7.984435079296509,-1.4583905719387165,11.457911390342904,-0.566060877800874,-5.078605153506725,-0.5285341248202151,6.333431399014488,-3.531232993003866,3.346467890351022,6.641939315066276,1.3869873301405597,-17.85164923910346,8.329237567576378,-1.9355843078188326,-15.286258040830043,3.0709504859751267,10.480249840070337,1.9821202777467306,1.9834998796652117,-8.415911392536014,-1.3706291723968818,-3.132160982064005,-11.657339014064906,-0.584387060356268,-6.116391399556514,-0.05589379537055983,-4.610178433436343,-0.4241471207358205,2.2487621736936,-8.697297680839188,-0.38768419186839864,4.915329680675585,3.3519947166962734,3.337414372877598,2.967474066347622,-3.0966597415838244,-7.057337188044112,3.07862079847229,2.176359492197866,4.9110937381154685,6.526467132187085,-14.569627819478308,-3.530771375322802,6.088939604723695,5.15322551307861,6.910249032674246,9.68094568452775,-7.67941495487109,7.681302612785237,3.479386036343821,10.041065025857613,3.3180591674672844,3.431965136707259,-18.27533709262608,2.0872807735268966,9.339540340846165,0.07466676973209019,-10.332829582336327,8.102426199699797,-3.1819766299888066,7.049499422195636,-11.229330015777263,-9.365809301769524,-4.917838852769172,6.735784151997596,11.360874323963774,-6.5967936319715275,3.8314764052205543,-7.783992427375713,2.1909863713795854,7.0891397705592745,-14.703502795744841,10.062044740564009
neuralNetworkClass 	class coursework.ExampleEvolutionaryAlgorithm
INITIALISATION 	RANDOM
SELECTION 	TOURNAMENT
CROSSOVER 	UNIFORM
MUTATION 	STANDARD
REPLACEMENT 	WORST
ACTIVATION 	TANH
COOLING_RATE 	0.0011
TEMPERATURE 	100000.0
TOURNAMENT_SIZE 	90
maxGene 	0.6
minGene 	-0.6
populationSize 	110
maxEvaluations 	20000
mutateRate 	0.95
mutateChange 	1.6500000000000004
seed 	1646684373006
random 	java.util.Random@3ada9e37
numHidden 	14
numGenes 	129
Training Set Training
Fitness 0.022536755002010272