-9.84844286551441,6.507692939597648,6.51383102307351,-3.38923729895051,1.6060421495054946,-6.697837775397845,-1.58129168462726,1.7469607829161715,1.6011835650861919,-8.157037718032866,-1.7355478206133252,-5.0305663586440446,-4.920707239674893,-9.859119077949034,-3.3293858914961705,4.85242066759826,-3.2934104994664697,-1.7434554812262464,1.594824384196353,-1.7221360437155262,-9.910900949071511,1.703724353961844,0.03177070665522308,-21.449003825064615,-11.598136452945802,4.98511159043483,-1.5589906943146374,-9.995630635887677,-14.836861277226582,1.5641558417623855,3.3342053451510436,-13.21887340324809,-6.659088723597623,-6.678711164033725,9.848688745544477,-3.3013298673824094,6.515986068658186,1.718831246822365,4.861750327164458,1.6854811230299447,-6.605943482933418,-0.0438925356652442,3.2088925266036785,3.3066976420985057,-8.191414401130084,-1.6652306261316938,-1.6907122617947552,1.6481591968694946,8.18698884596471,6.574057056070528,-13.127013383018213,0.013977612402582551,-6.6354750373477955,4.866700672948575,-14.833042443875181,9.959295640163733,1.6734635077284548,-14.901605537966395,-3.2491722253337905,5.027746210542698,3.259513431208573,-8.332749631204484,-4.941764609740955,-8.307773143653984,8.333160034126788,-19.76563475058598,6.545990958436624,8.307955357550213,4.722241047616649E-4,-16.537387662088825,-6.539213906985024,11.528374262338343,1.7361058250022081,-8.292005948572198,-13.118024307813124,-8.292676583130355,3.2106428752509917,4.866369935238824,-8.16100049714612,1.61500131417234,1.7150708723724226,1.6480999573786965,6.673297743297853,-3.3194124543078836,-4.86288007818283,-1.745879940545633,9.867114572407447,3.2410002530806015,8.23733997102752,3.359193309977866,1.7453722797637168,-11.576886023531365,6.59721416441635,-0.07844330698739732,6.671838115347539,0.06586496186135538,-1.632731395274142,1.6329100391409779,-1.5929052450342525,4.899022434004568,-9.869947249383067,4.89867015680848,-8.226635569783173,-1.612993969997932,9.961028769362416,-8.154360099354745,-8.21997415278124,0.06898098070831793,-9.980177701173474,3.3927183319796352,-1.7462979249262647,3.2305644158749383,-0.06504901371227989,-9.859995225802374,8.188086621027873,-4.872172497153837,-14.84293862131712,11.482626122983094,-3.2187860009950757,8.250879859624082,3.2488687656610793,9.88784331330078,1.6116701820464314,5.012174134846587,-8.195591481198754,0.08746938019962514,13.220277302868768,-4.926229670740825,-6.654128237414644
neuralNetworkClass 	class coursework.ExampleEvolutionaryAlgorithm
INITIALISATION 	RANDOM
SELECTION 	TOURNAMENT
CROSSOVER 	UNIFORM
MUTATION 	STANDARD
REPLACEMENT 	WORST
ACTIVATION 	TANH
COOLING_RATE 	0.0011
TEMPERATURE 	100000.0
TOURNAMENT_SIZE 	90
maxGene 	0.1
minGene 	-0.1
populationSize 	110
maxEvaluations 	20000
mutateRate 	0.95
mutateChange 	1.6500000000000004
seed 	1646684373006
random 	java.util.Random@3ada9e37
numHidden 	14
numGenes 	129
Training Set Training
Fitness 0.12217137106272213