1.680297058887212,5.374699796637315,-4.128897950893883,-4.226166651781812,0.07788210809810492,8.854632254392051,-12.215389138637196,-6.109057514834133,-1.2634744996018243,4.370274696201346,3.4625474717106988,1.3035319864753943,-5.7330822451295065,-1.0442633149186316,-11.606121617320243,7.858400138504415,6.784855967864063,4.568567655138184,1.2143702781301915,4.060566137169305,4.713959211568066,1.8040266217514969,6.390497328062471,-6.94519401560705,-3.6040480941986406,4.497773546712619,7.882188927654164,9.411648019360605,-8.804326852203145,6.555374484342893,-2.960934785817561,0.5965029925776486,1.3287542105673067,-0.9797468946759853,9.893182833012814,-3.5849844819437084,-11.111365613896238,-4.346314672426754,-5.330941610890704,3.151927050215516,-5.609615925232948,-9.55052957860271,5.107211553961832,3.637821676254295,3.024135211064837,13.400063515589348,4.125348591936714,-9.373184037085476,5.5815342525417595,10.163618240451159,-1.3931287208415473,-0.6535468313968096,0.578954357966925,-2.0045586694243287,3.2539579625252255,-1.712559824558828,2.049426925261372,-2.3601108380752454,3.2454674747113703,4.396447577663222,6.874616822381921,-3.350613540322792,-4.072868440699322,-9.628544879625526,0.21504300245573393,0.9190352657020369,10.983411785747077,-1.1634246325952429,-1.9570894933602139,-7.888969828961022,-5.919988267177146,3.109563893691398,5.479283219435008,-0.5069093828771223,-14.040060879286317,8.235046865029057,-7.177015392451632,6.785623415047819,-0.39312129892540115,2.8467386293152295,4.233228412552321,-1.2536850980862848,8.00799051932459,4.04964952532418,-0.5599135905321724,-0.557664893395053,-7.245890596831009,2.3785241608360694,-3.3934876611227764,0.4693228185544509,1.0586835896828743,5.141480927518219,4.452749955675225,12.77280178026444,5.257643713719727,9.198059346858242,7.5785609588585485,-3.488334734763339,-2.3292408676207614,1.6486173470452368,-12.26917944055959,0.6748494909654621,2.210894580847727,-9.372747463665295,-4.936364243633969,-1.1286996096651984,1.8709392293112037,-2.8068427045136444,-2.624749181871329,5.2598238499851835,1.7990409083230716,11.405552053541697,8.88061708352652,-2.7306080281849576,1.6911377299623087,6.245075599800483,-7.70939314416581,2.381965449195391,-5.2643619986206565,0.15974420044357984,-8.043875237579318,-3.29490327392564,-1.511542347070037,-0.08367245178247984,7.021222290702708,9.188269647790088,4.0374871236119985,3.5282218465719115,4.3583134604103675
neuralNetworkClass 	class coursework.ExampleEvolutionaryAlgorithm
INITIALISATION 	AUGMENTED
SELECTION 	TOURNAMENT
CROSSOVER 	TWO_POINT
MUTATION 	STANDARD
REPLACEMENT 	TOURNAMENT
ACTIVATION 	RELU
COOLING_RATE 	0.0011
TEMPERATURE 	100000.0
TOURNAMENT_SIZE 	30
maxGene 	3.0
minGene 	-3.0
populationSize 	110
maxEvaluations 	20000
mutateRate 	0.95
mutateChange 	1.6500000000000004
seed 	1646684373006
random 	java.util.Random@3ada9e37
numHidden 	14
numGenes 	129
Training Set Training
Fitness 0.024395991182241186