-12.051069658531535,-0.8461457923433438,-6.479156189221024,-2.9098276511300227,4.522639426640135,1.4643543110632073,14.190131331514777,-7.3065475447147925,-2.6922953210171734,-8.575084150357684,6.386277888467333,-7.724568132186674,-14.022510968260324,4.353698591353938,7.135198121865607,0.2936549701910538,-7.1407381565060355,20.15458067508203,-22.94137934500653,-5.696662589537609,-6.8152831595832595,-11.103746009509125,-9.408080730418217,-11.347252915323338,5.601015720350901,12.73120592212671,-7.76206042204903,3.6188615905894297,-3.235434874831806,6.949744238667778,-4.51508916093124,2.921944943562707,-3.36915354705428,11.817840980771319,0.6583706549320443,-4.555475413680113,-6.041139685731406,8.506345105304922,1.1321462530164421,2.140374352641903,-1.5442930618364707,-7.9142158886058525,-7.606058370941627,-2.665717382755168,0.9370170738933918,9.804974898786204,-9.186209099473873,-8.769073311772441,-8.948430392238059,-15.532831148960616,-4.323885655751477,-13.148817801703014,0.4492952574800686,5.992818051965868,13.442504713807395,6.824982363629347,-10.200521495805612,-1.9185058378351485,0.9340657842011968,-3.637730913248502,11.170244120345167,7.201920141498167,-0.8210483791039058,-5.084801678979713,-3.360975268251929,-12.407677708561875,13.531491468273062,7.433138898022429,-10.734667969825184,3.290987693787889,14.874918114837461,-7.24928448543486,1.7382350291646582,6.916717721914609,6.047054656254083,-0.9557714925499559,10.68467527550793,1.1806953769319044,-7.804094993360875,16.465046990669848,-3.840717894785703,8.223998664967343,-1.2023413831507632,-14.093552043248302,-5.560200165739262,6.813150142908141,10.167374508399039,-0.48303734994923975,28.971341997019593,9.734219759182556,-10.41977392382231,12.274239693640315,-7.000214359283397,-0.9604573393726863,2.7006026623927575,24.464541832824068,8.94404078088069,9.497130001280453,-12.0753878655283,23.269793489636363,-4.560552503711394,3.416531217190051,5.096089433252374,-15.553013396662385,-2.8737114060715214,-9.574746342552821,-6.760690421996236,-11.87654777639153,-7.1033472970799725,-8.19303016570515,-10.561502032853307,-5.937191038814319,-4.8285963971954295,-12.789960746770259,3.809766420437411,-3.369580482168617,-1.9665589772384457,-3.8377610497026744,4.13312533397928,1.4307200052190803,4.536339399365325,3.0961432460291984,7.48693414681097,-14.29976488200315,-1.1025472488547887,2.573081197289948,-10.328773854503565,-6.477333918386665,6.948787410180151
neuralNetworkClass 	class coursework.ExampleEvolutionaryAlgorithm
INITIALISATION 	AUGMENTED
SELECTION 	RANDOM
CROSSOVER 	TWO_POINT
MUTATION 	STANDARD
REPLACEMENT 	TOURNAMENT
ACTIVATION 	RELU
COOLING_RATE 	0.0011
TEMPERATURE 	100000.0
TOURNAMENT_SIZE 	10
maxGene 	3.0
minGene 	-3.0
populationSize 	110
maxEvaluations 	20000
mutateRate 	0.95
mutateChange 	1.6500000000000004
seed 	1646684373006
random 	java.util.Random@3ada9e37
numHidden 	14
numGenes 	129
Training Set Training
Fitness 0.047377440638751746