8.7079984936721,-10.33752130397182,10.85436967176829,-13.109760665037603,-4.250146583581856,9.942216503479665,-0.44081887961654864,14.476280457795552,-2.0290372364024805,-1.7359717502927605,-4.597589894531085,-2.2135209299725087,6.847644404094698,-7.101647253753354,0.4057342628797702,-11.116916560050107,15.58534608895084,6.744590628018857,-1.9216259557266113,12.241017498409791,1.687247688183409,5.9816461702575205,5.58565730224859,1.296253180694606,6.23980104987405,-10.394760788602849,8.560295435754973,-3.528282984404406,21.980721262571535,0.19982660736273417,0.6482533923707328,-0.6528724291304924,-1.9604462044524213,10.776957191364053,11.749456938030267,-0.2331096621411053,0.6530539058978553,-3.8166317828631,-2.180564257531218,-14.854586020735354,-5.84278244490192,2.8411150802163068,-10.758635347217004,1.6819436983872942,12.294920384437427,15.428513049331803,7.908822570678735,-11.91275447212117,7.7527239120876414,17.04464960598763,12.827947283664635,7.5022051866527,1.2525219624467736,-15.278284585573251,-2.1464735898680285,-2.0963572704739715,-3.67669272879347,6.258382329828387,2.0669200046098,13.69537869717272,6.965448956168608,0.3939437565659709,2.334575336349001,0.7728178805711643,-0.405520064903266,-3.1230843699584696,2.1042474440966377,0.7270584329285166,-0.03649656884866026,-2.0967197676041405,3.3519033494702857,4.819759266300636,8.962936662096618,9.55854300410931,-6.914354421848284,-8.037257403257655,-6.016580460958227,4.644251337330589,-14.856152296356951,2.226534046924014,6.252325273467805,5.503612361129458,-6.856940781992724,-0.7202159678001117,11.266418922953953,-5.067668205584326,-10.012909627614098,2.3767453170903545,6.392820616272716,2.2197771549317773,10.042051979484041,-4.787285832457012,1.897537748799368,-5.937944818571623,6.71298157636058,5.707582966874805,4.635440193899642,0.6725771148341124,1.9760476104779992,-7.344621126515838,7.797664624524404,3.8871710526930228,10.526182964704036,6.342904150043303,0.41203801044463617,14.919781412651883,-3.2566412857416793,9.243323705955452,-8.920774258877294,1.2712854734182706,-3.6884331882717305,-3.469218040629066,-2.7480849249424733,8.877935352367928,-13.957058299748812,-10.210135045727656,-3.423545067253478,-14.34257710980831,11.115310027135152,-9.69104157225385,0.4159838724205551,-4.530453673196728,11.8748142235342,-7.500714827280531,9.9111856603369,7.454944869630593,1.1361202803267316,10.924068471191115,-19.040577392038593
neuralNetworkClass 	class coursework.ExampleEvolutionaryAlgorithm
INITIALISATION 	AUGMENTED
SELECTION 	TOURNAMENT
CROSSOVER 	TWO_POINT
MUTATION 	STANDARD
REPLACEMENT 	TOURNAMENT
ACTIVATION 	RELU
COOLING_RATE 	0.0011
TEMPERATURE 	100000.0
TOURNAMENT_SIZE 	30
maxGene 	3.0
minGene 	-3.0
populationSize 	110
maxEvaluations 	20000
mutateRate 	0.95
mutateChange 	1.6500000000000004
seed 	1646684373006
random 	java.util.Random@3ada9e37
numHidden 	14
numGenes 	129
Training Set Training
Fitness 0.01597805485447647