8.05849999181718,1.0102773526013804,3.820923985777352,1.2311448049159903,9.856138307980553,0.0995618571769672,-1.65154048699807,-7.58094883315468,3.4865664435186225,2.4744480495945247,15.313426489140603,-3.471305480430308,17.481606210135993,-4.922020162440135,-0.8386622362947422,17.764547480394732,-12.754425094793863,-2.0682299127033623,3.558932134303257,-0.4625634417681983,15.064834692840593,2.111970979797623,-7.169839839049189,-1.8543824890820515,-8.15439503633877,-0.9566655802164874,4.303191755099062,2.2728583054326625,8.883735767977834,2.6684807493927263,7.384445766169259,5.252643828348484,1.3916226551238577,-7.844651089557248,-4.359119417509775,-1.2527845640849051,6.516436478430169,3.8991670125401727,7.624516799019657,8.727277103445248,2.9803123236977322,9.756135306526692,-6.186599112506065,17.612802569358735,-6.242858812519199,-2.03562283104921,-9.979052216460897,5.447491113624027,10.47207950717954,8.413571422566697,-1.6591601294929212,-14.07097254043108,-8.231115877116025,2.9680385710628725,10.84739076887872,-3.9455896417730596,-2.5633377401427406,-1.3210858655028979,-9.338480704258982,0.7142260466505128,-4.628391610669221,-3.210600413897984,12.420210497008085,-1.46815224296357,6.070788075953805,11.892942653188236,-0.7974227636704541,4.54315733236381,-0.1359896324015395,3.297558232766036,-1.5816299717622817,0.34948957056418894,5.886314672627407,10.680357545126252,-14.044984476904595,3.1511128590844475,-6.822414062372338,1.9847174030236658,8.257001278086902,5.6806655970669055,3.8672907680248,-9.081624539322323,8.326654111904734,-8.2944185934066,-1.3386835843645892,-1.945897785004039,2.2881010210498767,-5.5443586175121515,11.394376320292738,10.715454277717075,2.2964272589957853,-6.693596178770708,4.645431313060569,9.198478105077786,-6.2982120676250375,-0.28862927820637907,-10.764941502845733,-6.46391151305475,-1.1565397394802508,0.22535747404214757,8.132686656815736,-5.444792157226241,-13.848442129351778,1.3486458584572967,2.448099936228938,-7.092388372259727,8.674364283185529,-11.653894245780965,-5.934405854200484,2.8737829024588075,0.9269769509062851,-2.4424180828785316,1.8006593654994196,-6.055058467148399,3.6721860305894793,-11.634547503247815,5.818040911323249,-1.4682313280613695,-8.652751864144971,0.17237418318650377,7.746519847702723,0.47920997405233834,3.490450174453441,3.216837063544311,-2.590263726006839,7.685100228421296,-2.6509112061449818,6.066265881944504,8.71386297461262
neuralNetworkClass 	class coursework.ExampleEvolutionaryAlgorithm
INITIALISATION 	AUGMENTED
SELECTION 	TOURNAMENT
CROSSOVER 	UNIFORM
MUTATION 	STANDARD
REPLACEMENT 	TOURNAMENT
ACTIVATION 	RELU
COOLING_RATE 	0.0011
TEMPERATURE 	100000.0
TOURNAMENT_SIZE 	90
maxGene 	3.0
minGene 	-3.0
populationSize 	110
maxEvaluations 	20000
mutateRate 	0.95
mutateChange 	1.6500000000000004
seed 	1646684373006
random 	java.util.Random@3ada9e37
numHidden 	14
numGenes 	129
Training Set Training
Fitness 0.0411126629267478