-0.35779149602515936,-9.005860370343289,-0.17213396761411026,8.700217121837728,12.101288986641503,7.882191342281036,-3.899458761486918,-4.996994561853458,-2.3679225617819313,-16.129926087521277,-11.343646231674157,6.910770693543389,2.0909933408021057,-2.256672584395605,-8.602829827374087,6.739242657364143,-3.6969641587125786,18.413446836139258,1.9608296416711868,13.19574238429349,-1.287341439645493,5.821665054296901,-13.821589220371076,-4.983111581484711,-6.353773502112045,-11.985660693497785,-7.896476402918156,-5.891191650920927,-6.349402827109902,-1.0647593432388813,1.7889106101185464,7.613085655426563,-5.584278355237143,2.732781393012738,-14.677254487964644,-4.381845158500032,0.32002388392708525,1.1204493348467919,6.961629493588832,1.1698468088094671,5.65567434099078,3.5564536674999623,1.6593947211494386,0.606263381877393,0.04673453516813364,4.423816949258768,16.240431470796892,-7.398847767866572,0.4665076070889551,4.3448895414305655,-5.9466316353800375,-14.403568981539884,3.141290333533364,2.604489775064291,-20.134457649072694,-0.5115001778793289,2.396079270527327,4.183612518698631,3.1708034864824413,-8.595539970919194,2.1036472219995375,-5.6791198487940315,-0.0671878333224698,1.6133454627030979,12.491759494133928,2.4716478466212344,-1.4769075200811184,-0.2360434708319179,2.794166530535401,-5.625096281337405,7.087717352389147,-11.925131113157093,-5.750640315044015,-5.184153896792459,-10.561391898280826,7.373675775639235,4.25694592879791,-4.562752102434775,5.865042857120166,9.691506824934706,-2.5551514469370336,-0.7445440765068909,-1.1519240009099567,0.7653494751551264,-2.468594209300883,-6.172891942723156,0.2851800459634699,-4.565314682721725,4.134794688408215,-11.509617893393836,4.794532267321626,-4.5595651914879864,6.688071199502538,0.9198283028305347,0.11797733815209543,0.9431938192991218,-9.988528261840157,-12.213430877322967,0.6288034003595593,-1.4757780451332314,-3.4255147152959564,5.255885969240008,-6.874915513249762,12.616635882732286,7.748563540960775,-18.118054409294786,4.001446108089081,1.685736921843815,-0.6928085181494135,-7.5253448175445055,-10.308277424209077,4.286393721731967,5.073408921510699,-2.9336328910102303,-6.887915414103597,2.1718786556909695,4.39572322287126,-0.45361021452710126,3.5588225619090217,-7.387453501383743,14.001720596203482,7.458997077254489,-7.122916440319839,12.454225762317506,1.5845377987077782,0.9758598707821147,-11.633533462605744,7.005176106634151,7.570717937916232
neuralNetworkClass 	class coursework.ExampleEvolutionaryAlgorithm
INITIALISATION 	RANDOM
SELECTION 	TOURNAMENT
CROSSOVER 	UNIFORM
MUTATION 	STANDARD
REPLACEMENT 	TOURNAMENT
ACTIVATION 	RELU
COOLING_RATE 	0.0011
TEMPERATURE 	100000.0
TOURNAMENT_SIZE 	90
maxGene 	3.0
minGene 	-3.0
populationSize 	110
maxEvaluations 	20000
mutateRate 	0.95
mutateChange 	1.6500000000000004
seed 	1646684373006
random 	java.util.Random@3ada9e37
numHidden 	14
numGenes 	129
Training Set Training
Fitness 0.05998098046318827