2.75065319841371,2.5059680320186084,2.756681991497767,-1.5104657669118913,0.4393154092555722,2.188802112337209,1.2272901961244225,-2.6313551154849337,1.3472927059268676,-1.5602808360419755,2.2432496183558763,-2.1237779314418326,1.4986863660619214,-1.2358879256605069,1.0005522009896808,-0.36245552026631644,-2.252912278187652,0.7813155464398802,-0.9738615727887003,0.35231934496560857,0.9038559866485167,-0.47032321425124923,1.9556731455130114,2.3550672849929786,1.8667488974212398,-2.073061247329665,1.9420046348938564,-1.6742537432414606,1.2871151313229259,2.756681991497767,1.9420046348938564,-2.2691467149414817,0.3477933341795696,2.3862789402250595,1.3472927059268676,1.6424416891132934,-1.0240747695240087,-1.3747530305966758,2.0210618447912134,2.3368245859057106,2.181055818798029,-1.866165969033273,0.11077109716094169,-2.7690630973216015,-1.866165969033273,-0.9916163727872673,-1.561026428485077,0.5719243813241213,2.2654512629540235,2.8739710230587363,2.444930525521629,2.1526024772145753,2.695218680136856,0.8841896275240617,-2.845555237556613,-0.36839501351090576,-0.3788013022937209,2.1526024772145753,1.3292654080774842,0.031425559755692056,-2.8253532956783234,1.836197806148812,1.5605086345160375,-2.8090011101795858,-1.003678016967052,1.6209964957533867,0.5540631702794547,-1.866165969033273,0.774107612734066,0.805011691458883,2.444930525521629,-1.1959452932187384,0.974014863164526,0.7370709104954649,0.14291017758693325,0.032838004939611753,-2.895661880075484,1.4923608905842993,2.874863911209647,1.281870427016508,0.836718477535229,-2.783214404775988,1.6812186938313598,-1.0701839435323792,1.159344729445853,-1.0378558392356396,-0.9916163727872673,2.75065319841371,-1.7830434153241093,-2.783214404775988,-0.5181369857439115,2.7159852586032454,-2.4935449585581573,-0.3206960723530692,1.9420046348938564,1.5823544066453108,-0.3206960723530692,1.6424416891132934,-0.9293636762360471,0.8920875488227136,-1.6001633652165335,0.032838004939611753,-1.2822976047356291,1.0620124381693046,-0.5181369857439115,0.8406467922713778,0.44827632018093233,-0.06667652284756276,2.896975790810158,1.648187630929871,2.1431866685389345,-0.26115293404329387,1.9420046348938564,-1.384221233421216,0.25236833502085787,-1.003678016967052,2.7016093663865135,0.08307416597484707,2.756681991497767,-0.1610032173261322,-2.8354139143905672,-2.499774467225775,-2.211929208755958,0.08660290014955674,2.444930525521629,-1.2162042350331155,-0.7409056874204367,1.9556731455130114,-2.465266106499164
neuralNetworkClass 	class coursework.ExampleEvolutionaryAlgorithm
INITIALISATION 	RANDOM
SELECTION 	TOURNAMENT
CROSSOVER 	UNIFORM
MUTATION 	ANNEALING
REPLACEMENT 	WORST
ACTIVATION 	TANH
COOLING_RATE 	0.0011
TEMPERATURE 	100000.0
TOURNAMENT_SIZE 	90
maxGene 	3.0
minGene 	-3.0
populationSize 	110
maxEvaluations 	20000
mutateRate 	0.95
mutateChange 	1.6500000000000004
seed 	1646684373006
random 	java.util.Random@3ada9e37
numHidden 	14
numGenes 	129
Training Set Training
Fitness 0.01862548248388291