-3.4621211544834676,-2.3305754616244396,6.415484187638539,5.677461267540998,-4.235506061012471,0.44903534144461865,-12.331974424237597,10.670362840943412,6.292702821399427,-1.3870312319904752,7.8304760992943905,0.2947680637651917,-9.385899930013283,-5.313297520315611,-4.71141993178723,3.627460843109752,18.02530129129226,8.586502618705246,-11.136198724743155,-0.3527007692176287,-1.0151942587457699,-9.042529104185665,1.90877883940267,-5.325613790137687,1.3534047630470063,-12.787125016740028,-10.127318418757369,-8.709959421985559,2.566232915801562,-4.8501891831462665,-4.658411372533972,-0.04910244616796966,-11.938880935292147,-0.14469138552189165,-1.939414714389657,1.9245320272232664,-1.3355410931207778,6.756055855356209,5.245826437615792,-6.761940703567221,4.812391336706691,-9.996026098205425,3.3963814097666463,2.8452312099633206,-9.538374877291478,4.828947331232761,-8.682762055588466,10.381607334194427,-3.8791765045865443,-3.5709334756700604,9.96640413851938,-5.15855599440861,9.01001789239058,-5.39219194228242,-16.10938930134808,-3.8759936510198933,-1.417916567742453,-10.443360933475526,-0.5343223664301142,6.06107088557555,-7.533127561108773,-5.929405809511918,8.759172711562167,-3.3985516420131114,-8.074836115189107,-0.7265634307502031,0.4345507409905629,7.192420129257014,-2.0238507171783073,4.2180767489851885,6.9675260173911,9.562042606068387,6.538738922183878,0.11698587604767186,8.346992019326457,-0.07966266290916657,-7.746466774997915,6.046401683126667,-6.315634391725849,0.26144719498074664,-0.12113181621944724,5.6071890692596575,-3.9932050512843187,1.5629010786632973,5.330905180964743,-3.0857212287635525,9.811233282872134,-1.8078082466116143,3.4142985395829353,5.025670581515849,3.3079430443327373,-1.9050646467904677,0.31653650278452305,-5.938950239817463,-6.66644311391139,1.6529416256772933,-0.08438627175669433,-4.400871591523423,-15.484614490590209,-8.03541178882885,-5.672743831318585,-6.668115003574382,-11.579775625912516,6.763953610589022,4.194481414656692,-7.707060955941838,-12.777527242250585,-10.490773250398858,3.848840296968678,-2.3336407191639164,-8.422056424695835,-0.3650270948209102,-7.300752074730772,-10.678733376358855,6.841302095276907,-8.723101252132604,2.180874662815021,4.70665647016294,3.7666364737045503,0.7918216069779511,7.573130782287523,0.6799255746270951,-4.867776191542876,-4.040389570714572,10.472339710156925,-3.6183468115364867,-3.467880816991503,9.017928537146641,1.7812588539703107
neuralNetworkClass 	class coursework.ExampleEvolutionaryAlgorithm
INITIALISATION 	RANDOM
SELECTION 	TOURNAMENT
CROSSOVER 	UNIFORM
MUTATION 	STANDARD
REPLACEMENT 	WORST
ACTIVATION 	TANH
COOLING_RATE 	0.0011
TEMPERATURE 	100000.0
TOURNAMENT_SIZE 	90
maxGene 	0.7999999999999999
minGene 	-0.7999999999999999
populationSize 	110
maxEvaluations 	20000
mutateRate 	0.95
mutateChange 	1.6500000000000004
seed 	1646684373006
random 	java.util.Random@3ada9e37
numHidden 	14
numGenes 	129
Training Set Training
Fitness 0.036243963281129984