2.5050602488927254,11.036378659649584,-14.009034655818983,-10.049416491688945,-5.363750973101928,16.603108898242,-6.06683613662849,-3.863608350198975,6.690581268619078,0.698829938928629,-6.152148560076272,8.98795249502939,9.310014864813558,7.109992435616514,4.810721090585087,20.38939490993316,-9.533732580240253,17.577338727319678,10.45927544880981,6.855798541898075,1.4535869995347337,-13.895161970128177,0.6816637725970844,-6.993764493791341,2.2195366983839104,-6.074495045250426,17.29833445133832,1.4949341791563082,1.1905678680769958,-5.67078384430589,2.1673044198640454,-13.971860487256011,-5.118420806666439,-6.788064430881327,-13.004986081073119,4.417294624136657,14.34857903631876,9.547557310460526,-5.976590593432185,-4.320288644416009,13.950993856822205,0.31287270295915093,11.190068216539617,-3.704052915618689,-5.614917279598249,8.262961107980404,-0.87814912560024,6.018649485814965,-14.567656882839868,10.008606518596899,-6.176260790288904,22.65068201668052,0.6367151742414521,-6.210866220040188,-2.4368105288825035,6.670884052576362,1.3318105708418742,1.8133586759261142,-1.9234983837453816,-7.216128200007949,0.6843173703728329,5.908140576916409,-7.1626213683016555,-10.5941708917438,5.802152020372852,4.168325339687547,-4.520978559286781,11.471286683493581,-11.274148000012943,-6.456338808051443,10.799775231405576,-7.143566235526945,-20.020874770818637,2.5275675926092935,5.358517249428802,-15.537446666383486,0.5993932475644614,3.3794361743007073,-14.470353441367562,2.6387202266709116,-1.1484129940359065,-28.383565092053097,3.4387087020381237,-11.95405509746,12.898377874221058,7.102590265658202,1.9883589285784353,3.725497551574633,8.257444554432967,7.192210933589594,8.610542410195277,10.832189417208404,6.571303841656556,-13.148477898671498,3.0944370362565063,19.028937311896485,-10.602351059147415,-3.613331641143496,-6.309118270199823,14.711984830205926,-0.8519341398126734,-2.3019535672405036,-6.667319423120237,-5.00330155208052,-16.78958189292573,0.6102208197486583,2.1863473835853284,-3.4580937648494086,2.135112170502415,9.993476659522827,11.36452620394631,-6.173709514518564,6.597876879124533,1.3973577644143917,-12.570503272665558,-1.786603953367237,-4.7283855092753075,2.6583356600558616,9.906841844808968,1.552360924770551,-2.8026990032772705,-16.026947038493404,-3.745469074130174,6.759521261552468,2.288834499642083,7.645381502296189,1.496341399345166,-0.7384050487237666,10.53915444662862
neuralNetworkClass 	class coursework.ExampleEvolutionaryAlgorithm
INITIALISATION 	RANDOM
SELECTION 	TOURNAMENT
CROSSOVER 	UNIFORM
MUTATION 	STANDARD
REPLACEMENT 	WORST
ACTIVATION 	RELU
COOLING_RATE 	0.0011
TEMPERATURE 	100000.0
TOURNAMENT_SIZE 	90
maxGene 	3.0
minGene 	-3.0
populationSize 	110
maxEvaluations 	20000
mutateRate 	0.95
mutateChange 	1.6500000000000004
seed 	1646684373006
random 	java.util.Random@3ada9e37
numHidden 	14
numGenes 	129
Training Set Training
Fitness 0.01650862264032739