-9.33173104333393,6.427104758925678,14.895908201011778,9.384576263158081,-4.0054219400597795,-5.570496254804244,-4.634646345322241,-13.719566251637568,12.173566859587993,-0.566833822707645,-3.3895629499584237,-5.477297648843676,-11.542437154949774,-16.67680724676982,-27.616579771400005,7.8571896406061565,16.847629429664032,16.670148622840507,-15.840241079666814,-10.590816847901552,13.581315808402355,9.107399059735547,-10.287437334427056,4.691347700914845,-3.196119672326427,-35.43241201984698,-10.797692041167586,-0.43285431450331124,-18.790890624131862,-7.160327522779971,10.998984173073703,5.941936696384996,-7.905163553483933,6.901286150004582,0.30657783458361365,-1.8089783617968722,16.074749465376488,-4.887934937968176,8.700042870490751,4.108505164476747,1.9720624636110955,-15.828074131195558,-10.237367318938285,-9.677039246267812,-0.15789256379857974,11.754149061696365,-2.5281241290221157,-7.732648328245457,-15.717874301909148,-2.503728220010137,4.323999084077743,11.634588290310548,-18.250215005573807,7.6041999433619445,10.831192244801493,-2.2688987377292804,3.198053390884855,-7.710097601576211,-4.26395640823973,8.934250661892486,-11.824097253783306,-7.0538796522325296,-17.66803448416269,-1.0963003991664753,-12.890185685403058,-8.92523876615156,2.2949346956457575,5.892713552869221,-11.306521792987223,-6.0875493863982815,6.303488132534843,-8.987088518357243,5.0790636991791125,5.258856573497856,-6.159775605939364,0.7136974880822873,-1.1633988580519379,-13.949630429068723,-1.8182625446057052,-5.908310729154209,6.647690915593529,-7.351533036582934,0.7470174194241448,9.875523796539179,-6.710174724425515,-1.4519439851689668,-9.269075657994419,1.7566973233124088,2.7569001712250873,4.063545007100402,2.1580686224766126,-15.622809093527536,-5.942794165078782,12.798273368614861,-6.159064033039286,18.85786841045053,-4.980328809526007,-3.7874852632702423,11.530782129590294,0.7589360867211816,2.943703285948329,-5.530567596093315,-5.8848073533192835,22.350088429698758,18.411944017895628,-6.7932695173644895,-9.106066174690973,7.0800733608116,19.956752474188633,-3.5123975193810804,4.060528020665155,4.9473634170827125,0.20223582943554508,-2.5720647083531665,-2.174826027893266,-1.5380165026111907,-11.176104259247328,-0.2724087496476768,-12.38923309572532,2.9087662047053504,-4.581220219578283,-0.14805454721261313,7.019715269551133,-11.956811334503879,13.666836427335989,8.593020876672792,17.774222112036107,4.764590105930367,7.265251776836953
neuralNetworkClass 	class coursework.ExampleEvolutionaryAlgorithm
INITIALISATION 	AUGMENTED
SELECTION 	TOURNAMENT
CROSSOVER 	TWO_POINT
MUTATION 	STANDARD
REPLACEMENT 	TOURNAMENT
ACTIVATION 	RELU
COOLING_RATE 	0.0011
TEMPERATURE 	100000.0
TOURNAMENT_SIZE 	10
maxGene 	3.0
minGene 	-3.0
populationSize 	110
maxEvaluations 	20000
mutateRate 	0.95
mutateChange 	1.6500000000000004
seed 	1646684373006
random 	java.util.Random@3ada9e37
numHidden 	14
numGenes 	129
Training Set Training
Fitness 0.017911344547518134