-0.9104726786967037,0.8859084214147384,5.642024521040374,-15.31727880272945,8.510179495598347,-7.1835366652870665,17.57661921773524,0.6474998340188751,4.265398959491,2.9264446699035043,-1.4991185662376685,2.179208021522909,0.4873196567709126,-3.2193571382971014,-0.9810509900603357,-19.002344002059317,-6.575198398342247,3.179045508315669,-1.5484743628223931,-4.507152385236724,3.62208809300963,5.652856808783309,-0.7470394411545733,5.018204496483168,14.185608962105691,-4.378817580745584,1.9019184285782407,-1.1996425314127634,-4.646530388388425,-5.796319002546191,0.3409195798979221,5.438736031008583,12.725523314266711,-1.0127855674600603,1.3771404589000786,-3.8353310910134804,6.942782679988198,9.234769714167525,-7.7185248658633,-6.286303497050793,11.273289929223056,-3.347347738779452,-3.8650352556363137,12.186275614875559,-12.232580749500439,2.047190218847043,12.421314634371974,-7.8189528951105185,-0.5610517227948009,7.104922519613092,5.901326781146583,14.281315329813511,5.159092694735191,1.1704750399619694,4.379683559738779,-4.340622597942355,0.7690592707769168,1.374068265039467,-1.1633700925544108,-6.115177130628954,1.2725292479238943,0.9258296948185949,-11.153289954179714,1.2819072379743748,4.312846241443458,4.796822484905638,14.293822738535399,-4.922408792161585,-8.479458663063138,1.746932870215355,0.4664704271628972,2.5658164496015097,4.785185128596499,-8.062504982379167,-0.9208134043353642,5.835078702020603,3.761420472444078,0.08176746207394103,9.265732993648124,-1.934661014302419,0.4123838524095227,-12.810893555536977,-3.723229038610341,3.896799638147444,-2.5254130388988196,-9.101081161352587,11.03931849623561,-4.192941329712625,11.446687020149508,-2.571789888559387,-8.40258677184156,4.804634863243523,3.960433984216502,-3.52822167641615,-4.396985649382155,-0.7941541575422084,14.035443568233953,-8.303162706528669,3.9632811750760997,-6.591497139067013,5.150302896443936,-4.235909903710292,-0.17502031150710362,-12.39012989726956,-4.619125035285885,-0.3649957987632497,17.338875199623736,8.78782423322805,-0.4874709656127214,1.9402777624355867,-10.10342067741715,-1.0268723627359275,1.6263817086239216,5.137218033504055,-5.53057121603449,1.987221512898218,5.5904934134467625,-1.3260111632479852,4.453584088028693,7.703921524084533,-2.894674740862963,0.956419031837636,-4.61235716319224,-4.285110988595108,-9.141381067758907,0.028294776765971363,9.158674776923071,-9.062268876689224,1.28822299686124
neuralNetworkClass 	class coursework.ExampleEvolutionaryAlgorithm
INITIALISATION 	RANDOM
SELECTION 	TOURNAMENT
CROSSOVER 	UNIFORM
MUTATION 	STANDARD
REPLACEMENT 	WORST
ACTIVATION 	STEP
COOLING_RATE 	0.0011
TEMPERATURE 	100000.0
TOURNAMENT_SIZE 	90
maxGene 	3.0
minGene 	-3.0
populationSize 	110
maxEvaluations 	20000
mutateRate 	0.95
mutateChange 	1.6500000000000004
seed 	1646684373006
random 	java.util.Random@3ada9e37
numHidden 	14
numGenes 	129
Training Set Training
Fitness 0.03145469910855716