17.960200036678287,-11.239745434945247,-18.903803424790546,-5.104013584832968,-0.525013571734541,2.6924083816976427,-6.878053406490412,0.6001742724829606,15.998780005986179,6.606718996052576,-0.7006816128791513,-7.681169683291186,0.15344288669894013,18.892898626451185,24.75680279532699,1.3817648555605526,-5.204808223052222,17.452330365599558,1.9637637364434886,-2.9832655943851556,-4.143573330877283,-9.202514721981629,-6.397855700229256,-9.732253959701982,-6.196306753068614,19.3950813837442,6.160571520459749,0.7121520295644972,16.269918789937982,14.401654506690091,21.954904412484602,-6.705459822343128,-1.3547621193020634,12.088255990147779,5.874184984225053,2.912219799082166,9.274392777363,16.1365426955607,-5.416621755568141,5.84140547612251,10.559865006014988,19.911566645828813,12.78420629515105,0.9849921959884451,13.858570444478325,0.977123211228319,-7.510068453714426,5.83213259433658,2.0055135295172075,-12.450345159954866,1.210376290619683,-11.394972463938295,0.25223665153323793,7.632519825954459,18.927990939252552,4.694096073690021,5.1162054566541935,1.1664788670175668,3.8552788489623904,-7.411743120699052,-18.47627449450819,0.7040257163596726,6.565890063158896,-5.960360245534786,2.5233635925754534,-0.10521775342965789,11.310021400088216,-1.1749059293800448,12.523992694289243,-0.277152174942108,2.608175236928779,-11.365936070278645,3.240830384492196,2.250444420469507,-9.823361151613184,-14.657310253194385,4.0865820715722005,-14.273292168300506,2.2195547022428634,7.505219552634367,6.105883368319525,0.6023526480133077,-2.012150972865589,-11.975199939141614,19.108554136807307,-4.9244558585600995,22.450467259184244,4.369309109816736,-18.4101171136005,-6.824153649756033,6.593282487089136,-3.1603099124090104,8.814834970549374,-1.2463313868490253,13.868470589366744,2.927541132950118,-16.73075202958851,-13.009323815947157,-7.637938243867071,-0.33448699002437987,4.44474992302576,-4.067824080924123,-3.6701963889072147,5.228363844824003,-8.124691675639095,9.065540835970262,0.7213928757367976,2.634317654541204,7.481990023421384,0.07927757262167212,-7.479447764820408,5.175668564651122,-17.24131792284264,-3.0646087841334886,-18.47664625259503,9.37437131458243,-10.604801400962137,-2.8767506879247335,6.959608340796166,17.41265375650373,7.935367609794268,-1.313808892846689,-11.017931327418523,8.130485895177644,1.1563651688170689,-0.8773226682709065,5.955606627401215,-4.638965184386269,3.446430983642381
neuralNetworkClass 	class coursework.ExampleEvolutionaryAlgorithm
INITIALISATION 	AUGMENTED
SELECTION 	TOURNAMENT
CROSSOVER 	TWO_POINT
MUTATION 	STANDARD
REPLACEMENT 	TOURNAMENT
ACTIVATION 	RELU
COOLING_RATE 	0.0011
TEMPERATURE 	100000.0
TOURNAMENT_SIZE 	5
maxGene 	3.0
minGene 	-3.0
populationSize 	110
maxEvaluations 	20000
mutateRate 	0.95
mutateChange 	1.6500000000000004
seed 	1646684373006
random 	java.util.Random@3ada9e37
numHidden 	14
numGenes 	129
Training Set Training
Fitness 0.014551208170603472