1.7241587546225765,5.3426530322998085,0.19515950737661836,1.4279427411250727,-14.812447340574884,-4.228180260519178,-9.854801694019455,5.801329443239231,4.310123222922025,-5.196816189494024,-9.269214305469657,10.80506635192272,-0.9359894133127584,8.743009990273922,-1.1856011154153876,-8.988806617973859,6.881975628981434,2.426323026690044,11.584030826515198,-11.315685071176881,-5.5797567302647515,4.717208066488827,5.787999000137495,3.329802857003485,0.8955606467623269,2.1024043223942694,-2.4070929631801548,3.618898133496483,-7.595150110994982,-2.4126952247812676,-3.964591840724923,14.125374101474291,3.7207793189088516,-2.839248387139267,1.6692428265231678,-7.703782337638871,-0.7627445376366442,-9.08862652492267,5.97313506869454,5.337037556348134,15.315671240402025,7.229817179424837,5.29111895794078,3.3312412218942273,-0.8836687373439247,2.578116892990028,11.85157466825742,0.42950816666617664,-8.230286190776354,-2.8528867542951337,9.719052644695774,2.1897552696477733,3.4974403918485213,3.7303321567278145,5.715057108778979,-2.5644516303211446,6.079971938635752,-1.5055288951963535,0.43433964405798875,0.47341823829772345,-9.573637180851097,-6.808934845570212,0.7804298179427143,-4.034836754299467,14.299655791473556,-8.519760125023236,12.015407346386672,-1.566518541460649,-3.238305926593555,-0.3366851847174983,3.5629350750153055,-4.584709394222958,-0.29514139359582003,7.838735052801988,5.62133590733496,-4.362129205018075,5.515575692599425,11.190585989421942,-7.002973064136031,-2.3912220926175287,-4.239343245863078,-7.439473236992408,0.09022275233034893,7.193489438371242,-3.1975007883979067,8.946178022417623,8.063850622927852,3.6701718417791183,-5.211507657189571,6.306109520263515,-4.600927515039709,-6.397664854047344,3.4002941982139916,9.702771961245428,-11.039214253321862,9.321641259766748,-8.409952130524537,-1.1335359567333008,3.1670790548293937,2.352564908546821,-2.7900653116688705,9.23008329436616,0.6684214051913582,3.1504433986727935,-15.470572694962739,-4.250877378767729,5.02709519733715,1.4341390535909717,-4.226983026443502,3.2479317041468727,-4.735557815468436,12.114910903269315,1.1452581668290893,3.774951011170863,6.857033257908138,5.338210418207868,4.288656114829058,10.412001087196114,-2.9933205742662503,-11.952647568523066,-2.500391581445323,-2.762526572437057,1.480757783518154,8.228653492732121,-4.500344908538673,-6.999503143549782,-7.67343722275119,-7.912888647207186,1.0144973915163042
neuralNetworkClass 	class coursework.ExampleEvolutionaryAlgorithm
INITIALISATION 	OPPOSITION
SELECTION 	TOURNAMENT
CROSSOVER 	UNIFORM
MUTATION 	STANDARD
REPLACEMENT 	TOURNAMENT
ACTIVATION 	RELU
COOLING_RATE 	0.0011
TEMPERATURE 	100000.0
TOURNAMENT_SIZE 	90
maxGene 	3.0
minGene 	-3.0
populationSize 	110
maxEvaluations 	20000
mutateRate 	0.95
mutateChange 	1.6500000000000004
seed 	1646684373006
random 	java.util.Random@3ada9e37
numHidden 	14
numGenes 	129
Training Set Training
Fitness 0.020620708768657573