1.758829533517945,5.136229291639726,8.384329973289887,11.775915355998057,0.6739785167633947,-10.995853341925757,10.23372938608193,6.527979576561643,-0.7129016784966051,4.3567231125213395,3.8216525619898833,7.331662781181086,-7.457589119622197,-7.014702467283636,-15.756247001692584,-2.0609441108439386,-15.661955295531028,7.1635758799403035,7.681946012011714,3.573743903302595,2.8448795185637428,1.0457574712072253,11.186770753116747,-2.6967425449820084,-15.583977097570235,-11.404464593216492,12.989636351286922,-0.7517958591503229,0.09501018538783512,2.3645149411198396,1.560660023721427,7.596424340191696,14.267931365001525,-11.764925780409076,11.808668050462137,2.1307552716381988,-5.820703425057653,-7.323320149852033,8.388288876820564,0.8567188183787362,-8.056438682455038,-3.6138456695545784,-21.665073582832903,-4.318318107291146,3.9338428727315176,6.4913717978811345,4.99176189335444,16.44977531964642,-1.9835328641658725,4.144350257238948,8.423791472941465,1.077091157824544,1.2745968808670565,-1.336313470367811,-1.6677336347175462,2.709409131683497,1.7262973641597554,0.5577677242120451,4.7387610827876525,2.289942850074455,-15.957987769764612,1.8691770966172028,6.90145678363878,-2.5226735791871153,4.503521995479705,0.9771957652364422,1.4570813978893602,10.844297316476778,3.6210766952324445,-2.5707136614539188,5.750315108436152,4.215269311033117,-2.662503964478456,10.243929885255133,12.368320727434103,12.116217293905299,-15.502355814544586,4.186169830429278,0.19142397571201464,-6.6869639598003765,-13.701205343475106,-4.486296310574753,-19.69817362470556,-3.095234778751193,11.562008011092622,-13.62465467148632,-19.789409533602196,-3.3341885931674167,-2.823241333872378,5.615166143639878,9.519000244581813,-0.003472447923243749,0.42065232584855483,-0.15539245577132732,0.37375736878821275,12.19424775017982,4.24318734051932,-5.6086576322875805,-6.193669087015232,-6.052890146809286,11.827121445209087,1.0176445045728553,1.0651418391689127,4.230730917062265,2.5031164085930744,3.92251552723099,0.6051205300041875,1.2530353209222476,-9.50705967709835,8.550793925491075,-1.8074654968235677,-10.854728228945085,-2.7063820767054843,7.228966518372388,1.0138437472588766,18.437486432539714,-16.11047138973209,1.4313759907827315,9.095701539954256,-2.715542525986713,18.091561013893212,6.202010576305096,10.649075289538283,-0.12667294150965525,4.10204225195603,-12.733957651101063,-12.656176269548022,-8.803096144542451,1.0412694060092118
neuralNetworkClass 	class coursework.ExampleEvolutionaryAlgorithm
INITIALISATION 	AUGMENTED
SELECTION 	TOURNAMENT
CROSSOVER 	ONE_POINT
MUTATION 	STANDARD
REPLACEMENT 	TOURNAMENT
ACTIVATION 	RELU
COOLING_RATE 	0.0011
TEMPERATURE 	100000.0
TOURNAMENT_SIZE 	90
maxGene 	3.0
minGene 	-3.0
populationSize 	110
maxEvaluations 	20000
mutateRate 	0.95
mutateChange 	1.6500000000000004
seed 	1646684373006
random 	java.util.Random@3ada9e37
numHidden 	14
numGenes 	129
Training Set Training
Fitness 0.015741133803312313