-13.37899076169765,-2.8128859103846198,-1.0433543043702422,4.829741170432059,-1.996092678996713,-4.415940658019148,-4.306961026565443,7.731237792538237,14.984378736690857,-5.7410744261867706,-3.774148981969275,15.747696767729877,6.876183752094464,-5.539354192366383,-4.357283454618,1.3123097023411576,2.0020755095300107,-10.573006248412142,-14.21018968741156,-7.767406303412523,-12.595316199927789,-12.485607155575313,-4.719472202626968,1.158030127928435,-1.260704829347385,0.6946399803907211,-9.897242973735716,3.870519762585274,-2.274431950191616,6.770095496244308,-0.5312297120701359,12.645885866416721,4.878581657021868,8.967873742158801,-16.99237384653439,6.981139911724447,-1.904525306247277,-4.073697190609338,0.6995823601417062,0.016206767696052893,0.054791352930520176,-13.560342562694874,14.42662704512399,-7.71220528597107,-6.789739348228819,-5.182597313859071,-12.937152546459725,7.437076371732698,-4.033405575787717,-11.583079901551963,-6.134536276863852,4.251832353267202,6.443248475849638,-6.738576011557994,-5.573035713356422,-11.86730500016033,9.050452104733363,5.932507517243448,0.5233897716427842,12.16336119706315,6.645168061327652,4.01074446914475,8.193421065702609,5.461131312476385,-5.75949268602421,-10.753243297632334,-7.442463759923346,-5.694388883099603,-6.577019937088457,-21.970859194023873,-8.938888683607917,0.5399024812111222,-3.9996747977867217,-10.21911797209546,1.9749490036065174,-3.9024096806349586,10.464768830137297,-4.7563804161059835,5.848827616433667,-12.950932174882904,-1.6750773438799662,8.84935938085895,1.125774015908191,-8.780273381909629,2.5403920287534705,-18.15553436487062,3.199371898776243,-1.5959749689442173,4.586522646057619,6.1584983492595775,4.483527078703253,-5.735322461536158,-1.7174255055261538,10.625695777898015,8.176220033833328,-9.409803330858848,13.42247177732802,-16.05536276034548,-18.50161334759631,-5.506998507382233,-3.4843657544709545,9.533105078342246,-6.273823724138263,9.21429227833898,-8.811240972298304,5.812899803172044,4.784445706454121,-20.351627639596366,-0.8197226488992762,-15.737905786873455,3.4189579194870836,14.064336996849095,-1.5349281569618327,-19.125048232992214,10.976862385407635,-2.9629707331631874,-7.0470998367870745,12.93496313499783,-1.325354784981461,6.22065071582373,6.6473280650460875,8.696692965970513,16.419844148222143,6.569896037478591,-1.8421642567254297,-2.8876381907952737,-14.385064854877546,-7.915032073592778,-0.7113788853019489
neuralNetworkClass 	class coursework.ExampleEvolutionaryAlgorithm
INITIALISATION 	AUGMENTED
SELECTION 	TOURNAMENT
CROSSOVER 	ARITHMETIC
MUTATION 	STANDARD
REPLACEMENT 	TOURNAMENT
ACTIVATION 	RELU
COOLING_RATE 	0.0011
TEMPERATURE 	100000.0
TOURNAMENT_SIZE 	90
maxGene 	3.0
minGene 	-3.0
populationSize 	110
maxEvaluations 	20000
mutateRate 	0.95
mutateChange 	1.6500000000000004
seed 	1646684373006
random 	java.util.Random@3ada9e37
numHidden 	14
numGenes 	129
Training Set Training
Fitness 0.038520495625163235