-0.0163010729026265,-0.7900435881845268,0.7110618319337462,0.8300211215854946,0.8262264916844387,-0.693903091353804,0.8600756616410973,-0.5733624844036769,0.574699840090439,0.7946750419729011,0.8751820367963984,-0.5372968463509449,0.15121368266230772,-0.2036805947202318,0.33792521604464765,-0.0322590550875117,0.9593526942040261,0.2777678128646247,0.7313872922562593,-0.26337810471586076,-0.20133969421698983,-0.5539209961267308,0.3890464253335585,-0.7387920412760509,-0.3366281493944301,-0.46278350743812413,0.562512170332453,0.74814348945519,-0.5111608828909431,0.18781175693617957,0.5471017701264705,-0.9816685624812652,0.6301219101540149,0.020036814299498107,-0.8942297714883197,-0.8655941217059163,-0.33941432232997215,-0.0476873609269719,0.26199543375722734,0.8532158984568025,0.529238235293969,0.614227432403636,0.04883156568064384,0.3734438337909217,0.833292056595074,0.7922244474615242,0.20414311902723015,-0.8374236155262115,0.5157065142368448,-0.3207200957992853,-0.5921214332545373,0.7241840980792799,0.24062723976251255,0.5219204756890211,0.3745304965421824,-0.42125075018992586,-0.64177438038026,0.9455389959899648,-0.11844929958827133,-0.5137850261658607,0.1436041353384624,-0.8919380541547729,-0.8011997026963825,0.9719885590039258,-0.3141922762817606,0.8290277710769208,-0.8411180288759071,0.5653419263248102,0.5709766505948467,-0.36228198226650377,-0.09952679253543883,-0.6701156225865643,-0.5860064423091764,-0.039434790336684955,-0.3179862249431815,0.20963755822670793,0.024035841352702092,0.15104472718333806,-0.9870022836430633,-0.6725557915759213,0.6046685307301863,0.8250276931028341,-0.030432532451947214,0.9801252612614887,0.06585144619882966,0.4832798867820104,0.48635368276670843,-0.1857373660113375,-0.5859774259923325,-0.0810012231174031,-0.6689232341710329,0.49008053334053214,0.5672591113942785,-0.21239340056090983,0.5076185976605508,-0.11358718104276289,0.1600964715403569,-0.9704472751300769,0.3175355927831832,0.2777797370730576,0.34255914195271886,-0.9092898260488919,-0.32284120660359883,0.5920400204788828,-0.2437425879629278,-0.4818137829336646,0.42701488347833594,-0.6052659458377947,-0.8642989555645256,-0.30389431442177406,0.6350260101314319,0.8790006258151676,-0.5567395824167238,-0.5857380732491575,0.7577649192691512,-0.7805811924843588,0.7329437253056973,0.4394569807247247,0.7551815096790521,0.4072940435507465,0.9020212712949834,0.9914049815166556,0.6065405992959453,-0.3560636424154535,-0.7167830094634822,-0.5456236639164032,-0.4178532624940694,-0.5914170935104872,0.9381321400034609
neuralNetworkClass 	class coursework.ExampleEvolutionaryAlgorithm
INITIALISATION 	RANDOM
SELECTION 	TOURNAMENT
CROSSOVER 	UNIFORM
MUTATION 	STANDARD
REPLACEMENT 	WORST
ACTIVATION 	TANH
COOLING_RATE 	0.0012000000000000001
TEMPERATURE 	100000.0
TOURNAMENT_SIZE 	90
maxGene 	0.9999999999999999
minGene 	-0.9999999999999999
populationSize 	110
maxEvaluations 	20000
mutateRate 	0.95
mutateChange 	1.6500000000000004
seed 	1646684373006
random 	java.util.Random@3ada9e37
numHidden 	14
numGenes 	129
Training Set Training
Fitness 0.10561285104007197