3.248009158931926,-9.808352515444648,4.985545835319341,-16.48387792462134,3.2629159856545495,-0.07839389379477701,-8.23887281504009,-11.645763990900726,0.09557633665877407,-1.7015434772642353,1.6444334171333228,-8.271223945692995,-3.280066103595017,3.2067226841769667,3.3932775154950976,-8.217378219730197,6.512845116169158,-4.966341676089147,6.514891047076672,-8.306847246692897,8.262035912135833,4.911419999275351,14.794686712351101,-4.888026170314156,4.871488272143482,9.959784366530977,-3.224775177428731,3.398022128208903,-11.570966743392258,-0.040921233518591116,-1.6462264879574242,-3.2968805675973436,-0.059033811525340596,0.08709595544545401,3.247516763249715,6.588760254992114,6.609788668579361,-0.0608847701841011,9.887378132662223,-3.2960975238229,-1.616278706246689,11.516753848215576,-1.7054076555719941,-1.6642460930223164,-5.009580128761403,14.869224231407706,-11.53142913961441,16.459024788556746,-6.667632877601682,9.949673851071283,11.620271650483868,4.9538427275423995,6.667700794054639,4.959636460288085,-9.877802584467384,-1.6114967951526777,-8.272221731419311,8.196224748237723,-4.985689432533283,-3.2295447435292637,-3.268433209270783,1.739546104938528,1.6545674314575392,5.007398620544051,1.6969874412291697,-0.02807523779020471,-4.866561934538286,1.6400950598625244,-1.5793698665662301,-0.04413485073385548,-11.466307792569152,-4.8905267423438055,-3.300204072501371,4.914292770120062,1.6598960004646717,4.952833184457596,3.204611989758112,-0.09553938796973327,-6.61352195654689,-1.7125676159599017,3.323003665539149,-11.49398942638406,-0.07111243175332849,-1.6655367615499417,4.897597143185684,4.904030920220407,1.6292814120413954,-1.687593208834044,3.2011652115950557,-14.810447524296217,1.6163407133053562,14.835975300281898,1.6560177812402799,-1.6772223089227678,8.298232148268442,1.5953322202597109,6.692777818663092,9.908438338296074,1.5783927132984843,-0.03999506486328741,-3.2347275622243803,6.61802919223288,-1.6542689840867224,9.902882025854112,-1.7091920927313256,0.010266491638512676,8.284002231625983,-0.02808644510391911,-18.131113477668812,-1.7010282885511252,16.469527787790025,-3.3493907198986967,1.6464621560201937,3.3966826052783414,-4.867904960815457,-6.556843632993412,9.944120572199582,4.972645062214639,-4.95921382423815,3.2959546530746477,-4.864890514950261,-1.6445590680163473,-5.005350312469785,11.574594188253183,-8.272067493353251,-1.6166414792401582,-8.152458190398352,3.3537762113173164,-1.65673985341083
neuralNetworkClass 	class coursework.ExampleEvolutionaryAlgorithm
INITIALISATION 	RANDOM
SELECTION 	TOURNAMENT
CROSSOVER 	UNIFORM
MUTATION 	STANDARD
REPLACEMENT 	WORST
ACTIVATION 	TANH
COOLING_RATE 	0.0011
TEMPERATURE 	100000.0
TOURNAMENT_SIZE 	90
maxGene 	0.1
minGene 	-0.1
populationSize 	110
maxEvaluations 	20000
mutateRate 	0.95
mutateChange 	1.6500000000000004
seed 	1646684373006
random 	java.util.Random@3ada9e37
numHidden 	14
numGenes 	129
Training Set Training
Fitness 0.0576633171921678