8.71845845541501,-1.8438588296207534,-5.477314725253873,3.8276899022334057,-2.0926548506795237,15.73512181004596,-0.9975656055771678,-3.6962510457966413,-8.473588425407387,-2.042752581056374,2.4597590597598993,10.086053233375969,0.4989341621853516,-5.248199408713324,0.8007979525570086,4.461989320391654,3.730211761635431,8.559523236018775,-1.6452104694063427,-20.47028650044821,3.079515124707661,0.9900838837077561,7.41454394749465,-4.109290764068578,-2.0398191430646957,16.631609725833364,-5.281909729860482,1.2134079867747722,1.695115761769296,6.361537974200344,1.3676464362100411,-1.3126893470232712,9.47606851401845,0.519930617679873,-0.23429071796404877,-3.333708280631802,-3.153904528857078,7.179806627855319,-0.7424208796311547,9.582069000680413,-8.15101356060111,-12.15771372136843,-18.472130678286213,13.923734410670356,5.049765960058632,-2.7512645051630074,-1.4069725909465323,7.894093922147455,2.7018095901384704,-7.744121209890688,1.9906479541520934,-1.9378196722630117,-2.8668479146601884,8.5351546787169,0.3584233469877134,-5.324651687130191,0.34139320960538244,2.057972307828585,-8.587742918639279,-15.963213806644445,9.365814572513269,8.703774535401879,-11.412562310482116,-0.36635792099003694,5.624323038862509,6.178049072447842,0.5891101801207963,0.9091161535809409,-9.01103298286695,-5.48565585826959,7.678356878349717,-16.730230343743475,12.12069704494699,7.104174440854873,-14.21519137025327,-1.5165437655014014,-0.7830418461115816,0.4370789302254403,0.19180406709728537,4.746738740698824,-4.339747759489583,7.834150124163484,1.3006819481438097,1.0431770496401684,10.87185195505343,0.8342284521786381,-4.44478192103816,7.814656132132934,1.1919871863006382,10.356325633793242,-6.624009866062458,-11.490714702318211,0.31268051534992747,-0.36875088002842205,-0.8728250412151732,0.9697802017727195,5.903990308172366,-11.652175632804418,-6.3117703822019,-1.3076028490551046,10.24091604672604,3.893772512896729,4.366459534941127,3.025926774288056,3.52800986174062,-9.54354049917335,9.815476619028816,-9.917245821591445,-11.909214566824101,1.4970798489295234,-0.36826281363117763,5.707073522035726,4.8585222004142645,-9.177545051827858,-15.816934684219968,2.6201044207403665,4.571437674860507,-2.360285382686369,1.8621653705498211,10.088462447173834,22.81846532636473,0.0732435039180297,-9.408419863547387,-5.764893117871754,-9.570367073304169,9.360493162948877,4.155832216006461,4.486126036410249,7.705645398104876
neuralNetworkClass 	class coursework.ExampleEvolutionaryAlgorithm
INITIALISATION 	AUGMENTED
SELECTION 	TOURNAMENT
CROSSOVER 	UNIFORM
MUTATION 	STANDARD
REPLACEMENT 	TOURNAMENT
ACTIVATION 	RELU
COOLING_RATE 	0.0011
TEMPERATURE 	100000.0
TOURNAMENT_SIZE 	90
maxGene 	3.0
minGene 	-3.0
populationSize 	110
maxEvaluations 	20000
mutateRate 	0.95
mutateChange 	1.6500000000000004
seed 	1646684373006
random 	java.util.Random@3ada9e37
numHidden 	14
numGenes 	129
Training Set Training
Fitness 0.04662948458909134