4.0026162319069805,1.2842008873682884,-1.702196605778452,9.509366323092657,-10.347736637856167,-3.5722937526537226,0.5423838479898535,-7.8322471529569295,14.241450849017063,6.212929795151144,-16.85805146298052,-3.703506157800108,-7.252505784357318,12.8371512915333,-2.224703414776987,7.082184649851426,22.08828342632269,-6.018164115846231,-3.9650575232339573,-1.0197409086601974,-4.739061626974834,2.5554510949853038,-3.0900472947326367,0.24779361278685208,3.985911895791575,-0.6974442904869189,2.4825716481976947,5.128023463699973,9.620785073564088,-0.4063015745542753,-20.566060656085583,0.5118559714559865,4.516985540215501,4.354025316449205,10.856933772018683,2.6387694782728177,4.689142282414175,5.66935217606067,6.2644084227327514,-5.675904028576149,2.6507764668891056,4.326819300901871,-0.141172632600707,-6.538200569383395,1.9915106191533987,-1.846896243069394,8.09453615409151,-1.8985347605387943,-2.0200352712728353,12.856527035475573,4.316640497137252,-9.364669970939284,0.5229898089675018,-10.689751220210889,-7.0492998907719,-8.344211751022467,-0.8041238771329811,-13.66789448178292,3.0951764176604577,-6.244077587588503,-12.820343347003291,-11.527496003753471,-16.016187528512802,-0.7547884565639027,7.750609573387182,0.8151443901942779,4.837852308482718,-0.8103149993865255,-5.636448698458851,-6.873794550925433,0.8682448111524028,7.660394046271188,5.204491295345939,6.70598181944049,-6.83428923505261,-2.0138136160483366,-9.040290827384975,14.45282658997563,11.181784479212734,2.056376434028431,-12.142705788607074,5.792608540669278,2.4066793795043946,4.00601467406957,13.283676685354095,0.6577529044581736,2.090056928305148,2.891066230696029,-4.038340762987815,-3.031702101042299,-11.221483201045466,-0.6270770189198132,7.947947390807265,0.5232508584887849,-1.7911441089818911,0.5312768234651486,-9.532844301344403,2.1538978904018133,3.298884025074801,9.261496769492418,-4.704243106865711,-11.228431621905548,-3.8821865560803452,-4.662742003339426,8.64341995951687,-7.139274672179756,2.8459753674485064,4.581281550236083,12.750673277850801,-1.3258943846411055,-4.151147263138737,10.836654708864842,-0.7191924050448781,-0.4700038871471959,6.043150095791679,11.068307153246318,-3.4195780681190335,-6.757408889077237,8.32285733817075,-12.351167708877771,15.56699886287052,-9.915266692848137,-3.009000486476097,-17.055051844522417,-3.4766204501906905,6.1382042074952405,-3.692004271545498,-2.879494717015781,6.437992587523578
neuralNetworkClass 	class coursework.ExampleEvolutionaryAlgorithm
INITIALISATION 	AUGMENTED
SELECTION 	TOURNAMENT
CROSSOVER 	ONE_POINT
MUTATION 	STANDARD
REPLACEMENT 	TOURNAMENT
ACTIVATION 	RELU
COOLING_RATE 	0.0011
TEMPERATURE 	100000.0
TOURNAMENT_SIZE 	90
maxGene 	3.0
minGene 	-3.0
populationSize 	110
maxEvaluations 	20000
mutateRate 	0.95
mutateChange 	1.6500000000000004
seed 	1646684373006
random 	java.util.Random@3ada9e37
numHidden 	14
numGenes 	129
Training Set Training
Fitness 0.014964001493326145