-9.808088470501838,-1.6074139171697102,0.024383032460498555,1.724134960867577,1.5623851673924172,1.5986788426546532,3.3484426400141123,-9.92432444323777,-0.07553079021673348,-3.365581750353952,-1.6766225401885322,14.788692417063498,-5.036010271877842,-6.607229599257666,-4.995786650480695,9.915563733314931,-4.971605512671997,3.2943824423183994,-3.318793488436933,9.847155688138876,-8.255411835677531,-8.29406222466033,11.583974499319652,-6.590527499007882,-18.221162986633956,0.02355586200889981,3.3294697613929145,-4.8994139416692235,-9.858248031072398,14.890310113914472,0.04463671590933416,6.559281924275657,-3.2826641611185243,3.244476384098232,4.986195027505484,-0.024977531374931417,-6.5976932884994355,0.05391375015310018,-1.747156686898439,11.498242131147633,1.7303863127877364,-3.36798185479703,4.989278925685689,8.340653644938854,-3.274031432257889,16.501978695586935,1.5667812469301534,9.817158347739015,3.382560263709313,4.92860548803781,-6.50829272427754,3.274117612495017,4.943612176071028,-8.329213363671442,-0.008900009420390376,-0.02684350068947694,-3.323164370024447,3.37267159013078,8.303711503646205,-13.294665062516154,-4.9721739064540404,1.7079666778515659,3.2150945228239864,6.597435608764631,-0.0352082074119906,-6.5807320995116765,1.5670173170794959,-4.959718099238869,6.633412106262712,1.6031451172551412,-13.105691208907,-1.6815866799998878,6.679326905410731,-1.6682692257072436,-1.7036580205707477,0.051109838879416,-11.584515373735915,-4.92714455130568,1.5857157845312253,9.966670659588944,3.362553449032731,0.07331144015975743,-13.226703726044816,0.0750169838617305,1.622826452448015,3.203614873966636,4.896630543896068,-3.2218975599172044,-6.63847175556246,1.6276756110623118,6.627847592221222,13.263278913334846,-5.03584290080124,3.357073579070213,0.057512325616840165,6.661679416938862,-9.985526812798298,9.927178976266744,-6.657499739683518,4.921844021407436,4.944970025361282,6.591143008491,11.478812167884444,5.0482285531984274,-4.899857030350422,3.3178248242924715,-1.6356506101689732,-1.5650998616983998,4.872594891287632,1.5510093756823817,5.002022125267736,1.6366375799038266,-4.877003985566579,-1.5601899732093925,3.3601645740990174,8.262818588423642,-8.222858771270515,13.183938720471074,-14.944917584744122,-3.2961098725889286,8.206824894416673,8.30256568550703,-13.150340454668783,-4.994118046536677,5.045979667697042,-3.368220336064379,-4.877697282109311,-4.8546623054401,-8.230497560022332
neuralNetworkClass 	class coursework.ExampleEvolutionaryAlgorithm
INITIALISATION 	RANDOM
SELECTION 	TOURNAMENT
CROSSOVER 	UNIFORM
MUTATION 	STANDARD
REPLACEMENT 	WORST
ACTIVATION 	TANH
COOLING_RATE 	0.0011
TEMPERATURE 	100000.0
TOURNAMENT_SIZE 	90
maxGene 	0.1
minGene 	-0.1
populationSize 	110
maxEvaluations 	20000
mutateRate 	0.95
mutateChange 	1.6500000000000004
seed 	1646684373006
random 	java.util.Random@3ada9e37
numHidden 	14
numGenes 	129
Training Set Training
Fitness 0.01899670530663802