1.869781272135275,-5.037081703456872,-2.6701885032859565,4.180531511163135,1.8459378709313725,-7.396993818284398,6.397101333557669,-2.6084085802545625,-0.030173095847108478,2.3509546385075675,-1.9753530137079274,2.551991295133875,-1.5060775612481963,-4.509089949087788,-2.9342009824878215,-2.1372473932199982,-2.3492997772700983,-0.8957345833485566,-1.1677427219122816,-5.8212126283600165,3.4516638087182177,-3.80333659066123,-1.3154192662616753,1.294506566973987,-3.791844828501193,1.785003809566124,2.9814415423711447,1.7292693706769482,-1.9217630494260103,1.313094456860675,-4.08641437516562,-4.417319785089881,-8.665835920989128,-4.060805616693722,5.832449001446141,0.5981013728061209,3.0226995741281395,-0.7491902288659551,-1.9451357789713972,4.228605969714808,-1.6442402998629024,-8.088291199345655,-3.4657280363680254,1.6429583240977772,1.3216142867030003,-5.2167650157294565,-2.7646573256911826,0.19006456052302134,3.9970954547439446,2.2866056436475537,3.4828913195948568,4.008699372861099,-6.130992962043584,4.434990111777208,2.577458654206551,1.3251719539511537,-1.8618390341473217,-4.836223963522672,-0.07108805589811595,-2.1250467729049003,-5.467801705089112,1.37453716404002,-0.594094668695667,1.5901481511932358,0.3935902900638055,-1.1671718048460233,2.533024306331596,-2.986946037996,0.9369476145013831,-6.977961144737692,1.4389207015493097,2.3519049988588954,1.8850001659728681,-6.594847185436195,1.0177319222846801,-1.4617339130998293,0.9453457765965521,-6.916637133820643,-0.8874383274248236,0.6263919681624603,-1.5197032984607866,3.4651032686777397,0.7137807289115505,-0.7067656048882682,-1.5001058833750536,-1.6788267082202282,-2.0636020253551104,0.9036342302621696,0.3233862615120824,6.901229897033154,-2.800273249853956,0.14859637803781656,-2.4927917841056084,-7.375957476639059,-6.470935353136088,4.795404977492256,-1.2222695489094422,1.6785059742300827,6.883082828327719,-5.243303562642304,6.484781699533011,2.2845246150038547,4.332110441154098,-0.05853497811415931,8.55718037577646,-0.6875185383837819,0.6214788689522015,-2.9556626033408673,-0.6557489894707844,0.04712485900955077,6.700580224085738,4.260310592551334,-0.1824712228042933,1.356304149558588,1.1822745393892786,1.9055076971259703,-0.8654049230436724,-0.012894228983697964,0.6187671544359286,9.680364732584836,-2.417781780019382,2.011542993075344,-3.9609386718002604,1.1050217902070694,-0.831290108507039,1.2810638964154037,-4.7604256294002925,-1.862449152203352,5.025640934355269
neuralNetworkClass 	class coursework.ExampleEvolutionaryAlgorithm
INITIALISATION 	AUGMENTED
SELECTION 	TOURNAMENT
CROSSOVER 	ARITHMETIC
MUTATION 	STANDARD
REPLACEMENT 	TOURNAMENT
ACTIVATION 	RELU
COOLING_RATE 	0.0011
TEMPERATURE 	100000.0
TOURNAMENT_SIZE 	90
maxGene 	3.0
minGene 	-3.0
populationSize 	110
maxEvaluations 	20000
mutateRate 	0.95
mutateChange 	1.6500000000000004
seed 	1646684373006
random 	java.util.Random@3ada9e37
numHidden 	14
numGenes 	129
Training Set Training
Fitness 0.06747988283616575