-14.95193702023614,0.8365486539181415,12.764286040901405,-9.156242077210575,19.413149400345517,2.1621758056454814,3.8394942929286415,5.728584574492393,-1.4222387499388827,-7.503431064893798,5.981604926834559,3.031426541362686,-12.274502155169037,7.59280265490529,-1.021895725019533,1.1717646583914476,6.34582698540554,-4.422987277122278,9.201741332119182,-11.384806972664368,1.984895227252915,-6.366769771262792,-18.781312904559712,-2.007131907462937,-13.297993867751822,1.142091895332956,-1.6234628702113518,3.603941104453005,-15.272128537776533,4.745802106589865,-5.497165508704791,6.153233195028596,2.593007618687828,-5.150387643491731,7.473303665228029,0.5705510120769244,-2.4205856220446362,9.820475565761676,-10.049995765225798,-11.435316676008954,-15.754061426402469,-1.3435782464868762,-2.756873343994644,12.284257850219609,-4.2625085488693895,4.9755939319445694,10.266169191236898,-8.810719812029571,3.2105534730465273,-5.288227806456962,-0.7172496623777329,-4.618684746446597,-0.6578334983411214,-1.496394521343535,13.684326798068346,0.846913975645883,-18.913121195768312,6.277660866941654,-10.80839726961713,8.88802754085253,-7.29412661170002,-6.949209078806488,-0.8115687988679667,-0.7552072602175244,9.714776692327492,13.715210148830964,-2.3744746594580253,-1.03978778772861,-4.868590322552553,-10.029937786165233,0.17231094843484795,-12.307105985759176,1.602009035765112,16.226150607023477,2.3987695136582587,2.5031559856173864,-4.3057877186559335,5.135895277075599,2.4351345520619585,4.769440458217497,-5.682634568563161,-0.3115308705146722,5.885821605924068,-1.063873979494348,4.565478172136812,2.410458812279508,-0.8850139419237939,0.7004627896544076,17.475416986679463,-9.424715816546271,-4.0753799890386695,-12.084500165522016,5.75269182531536,5.750002143449077,3.312113993422374,1.4675118764970225,7.289458450166505,-5.253988552342026,1.5727261035471036,-7.569424574136953,2.084122901272954,-11.809435890604767,-7.446584781416726,-4.142417214196451,5.169201727138628,-2.3011179765375793,4.31801206325245,-1.4638750862551237,-0.0861441963673526,19.052065871499792,-19.350283138687004,-3.4806866104582106,-15.510217697868942,1.8738753487936393,-1.65457258405924,7.485753492938956,-6.626085868660634,0.7998500030771094,4.847418500944165,-0.11048031367403155,-5.941357724622646,7.495130048850221,7.711407449824316,-3.6198730899652807,-2.349957696089227,-1.4472715873945203,-6.173942593934558,0.8041306614475978,0.006851193321727678
neuralNetworkClass 	class coursework.ExampleEvolutionaryAlgorithm
INITIALISATION 	RANDOM
SELECTION 	TOURNAMENT
CROSSOVER 	UNIFORM
MUTATION 	STANDARD
REPLACEMENT 	WORST
ACTIVATION 	TANH
COOLING_RATE 	7.0E-4
TEMPERATURE 	100000.0
TOURNAMENT_SIZE 	90
maxGene 	0.9999999999999999
minGene 	-0.9999999999999999
populationSize 	110
maxEvaluations 	20000
mutateRate 	0.95
mutateChange 	1.6500000000000004
seed 	1646684373006
random 	java.util.Random@3ada9e37
numHidden 	14
numGenes 	129
Training Set Training
Fitness 0.03208181211051933