-4.981789101360808,-4.489064250149491,1.9537318645182418,5.9436651818698145,-1.8180039007624833,-10.784537804501193,2.5188436633365257,4.024311962282292,-4.339595754653477,1.0685049667837605,2.4805329689050932,-0.4190318915666973,-9.240255953963374,5.1428447780356965,1.0005641931821678,-3.0060148596076814,2.3958698463991053,6.781086611304392,4.972087708701878,4.0058624998441115,2.745713109296366,-2.3984810964002943,-1.5417456215851946,6.002935984069813,4.921529640779503,5.992486934234036,13.473546873350141,-0.31116592308942437,6.407572800313287,-14.12897311704498,-3.582735534486643,8.946736659676041,-9.046020512306525,5.014706431042121,3.704925773302972,12.001921944550588,-0.8097643411420115,-4.978675529650038,-5.807819140462302,2.123042950018209,-4.19933601750324,-3.040677239652804,-2.1028462857889076,5.1400247762193345,-0.3530432594642381,10.842467108368789,-3.9990361240266803,4.658430676131504,1.2278532873138186,-0.9044414447169382,1.5425028607661142,-12.285405193433023,-16.116359205030104,1.6236372302576436,-5.277628505656985,-5.8572247528091825,-8.966765827611757,6.805346272546533,-1.4577901272544516,5.315031846060935,-7.225829786258901,-4.548175306238982,-0.4705181706967707,0.366488388855025,-10.819072200519559,-7.544297589791773,6.984102511161815,5.733090313618472,-9.095434178812058,0.6004730836066994,-7.817873345037003,0.40592333618120957,-3.9932532735256956,-0.5412760903445042,0.23304306224014626,-2.354389109963252,-1.19620669612023,-0.8215955813884417,-1.6389515849789316,-12.547738427163761,8.751503649607411,-0.41048067393144816,9.267002401354288,-9.19910936236784,1.2690273965705057,2.859334508807885,-5.173406125977022,-1.8708062412512074,10.580184556201528,2.3823866440258072,2.2415758740925824,11.304002577928477,-0.5068131262355573,11.66229190089393,-5.765244245451083,5.14470675073742,-5.105201508616426,-3.0244489770059317,9.115754205635756,-0.8036215315024613,0.25255244980137137,4.203252165670024,-4.706624082034477,-0.9277101500038496,-5.801283462832004,3.4747745728169797,-0.8282380879799813,1.6249663817396591,7.4622801150514535,-4.161698744474441,8.041322193511643,0.6068722256766823,0.2203128183383285,-0.6938495842227534,0.21177554529826015,-1.503723396810035,-2.5423774971344955,0.2686388660742387,8.983451087147829,3.5908046037451307,3.4537193735396885,-1.8216057768691787,5.764334290876478,-8.18937321841435,10.758670740365345,-3.2722643954912733,-2.485830794903425,7.3051971852536095,-8.475491742637063
neuralNetworkClass 	class coursework.ExampleEvolutionaryAlgorithm
INITIALISATION 	RANDOM
SELECTION 	TOURNAMENT
CROSSOVER 	UNIFORM
MUTATION 	STANDARD
REPLACEMENT 	WORST
ACTIVATION 	TANH
COOLING_RATE 	7.0E-4
TEMPERATURE 	100000.0
TOURNAMENT_SIZE 	90
maxGene 	0.9999999999999999
minGene 	-0.9999999999999999
populationSize 	110
maxEvaluations 	20000
mutateRate 	0.95
mutateChange 	1.6500000000000004
seed 	1646684373006
random 	java.util.Random@3ada9e37
numHidden 	14
numGenes 	129
Training Set Training
Fitness 0.0417442200041924