-8.639803161588432,-4.639800961569769,-3.6649317624454074,5.168902427594648,15.766079786833412,0.7680490581855057,1.312921085666841,-3.96912725797653,-15.16523148852311,-2.7244874049958483,-12.67289617046511,-13.321814398502763,-14.927200913306947,-0.4823576277135704,-2.570807115521278,7.901049693329597,-1.9749799097517524,5.860424234925125,-1.3566385349495773,-3.3968197501022974,-3.921761445874365,19.093585940806364,-9.174165517419517,9.571073192222787,0.6530408738455771,-6.49273258594604,-7.083632916630387,4.790905454077604,-4.982826837849142,-0.12314288284513175,10.702439929059784,-4.845643498572081,15.725353593582815,-0.863841516962788,11.782096509874922,1.594257353414756,3.549369202738335,1.1124083049721563,-2.9359185625883537,9.678082973018208,-16.891200837167517,10.777530886846383,3.534173875890218,7.711910565720887,-3.3033134399013733,6.238368399986748,-9.405655017114398,2.219579937676148,-8.284032813208187,14.494489020671475,-6.153398809149522,4.561398047747524,-5.398552576016438,9.63553323980367,-9.05388728288921,-4.806160404993996,9.79860968639895,1.8809186404180167,-3.71154519443372,4.246307841967404,9.704504572182563,-2.966919235945875,-2.626466819764807,9.003124602221762,-2.302523592930278,-17.2287082681148,-5.696012253661673,-0.3214675041185764,7.691452029705923,-4.1935499034388535,-8.721384783030464,-6.790402935637134,-8.152992666339284,-8.251896145538634,2.481574686854718,6.116510806952558,-2.4945897049313395,1.3533202072487382,1.2458832240107505,-7.108093656515836,-7.866677384828273,-3.817120774091064,1.9349369730041346,-5.619602812321601,6.4748287176483945,2.2836274995594437,-12.511468621328602,-0.25332485006851435,-6.49605577580745,-5.00331535138457,-3.1299140572472934,-0.8449016513927043,-10.295262202323832,9.009559277508925,4.7295149679282815,-8.75417972807757,7.727690135752395,-17.37391384192538,-10.738579340183314,-1.3578876297077542,6.979892517618804,-4.278541451060648,12.041015081908629,4.160646288956807,10.30317575290818,-10.619511981240459,-9.839580579134255,23.72111080076072,15.378242471644946,-4.714418187033996,-5.8342849854554935,-0.9363523134970073,-1.2356383797057955,12.02679183735447,-7.189638889714413,1.3821973742796292,0.9931665491722583,14.799642829487265,16.343326021221902,-10.131039466195737,-8.668415209525035,13.987311261083596,-9.009486517642982,6.2897844797318925,15.61290968262378,-4.857916651799869,13.01579912212604,13.522397845850252,0.05651033622500545
neuralNetworkClass 	class coursework.ExampleEvolutionaryAlgorithm
INITIALISATION 	RANDOM
SELECTION 	TOURNAMENT
CROSSOVER 	UNIFORM
MUTATION 	STANDARD
REPLACEMENT 	WORST
ACTIVATION 	RELU
COOLING_RATE 	0.0011
TEMPERATURE 	100000.0
TOURNAMENT_SIZE 	90
maxGene 	3.0
minGene 	-3.0
populationSize 	110
maxEvaluations 	20000
mutateRate 	0.95
mutateChange 	1.6500000000000004
seed 	1646684373006
random 	java.util.Random@3ada9e37
numHidden 	14
numGenes 	129
Training Set Training
Fitness 0.014572830213033355