16.853823152503033,-1.76956158101245,-8.565838039545127,1.238055279504506,-2.8958038307357725,1.3310420433763683,-13.661855037849106,4.792495338211291,15.427147866804438,-7.489285528505702,-12.982228219405423,2.7720178497391963,-12.053289063365348,-5.87852100279981,6.942148545118249,8.288917933646033,9.197573072504333,5.320273715429854,2.993520090639244,7.091572393906413,-23.19740550749583,-4.520647767514411,4.812836365493808,-3.123424446207901,-2.6126259915330685,-7.570504468145858,-15.068516188301947,2.7751317926331183,-7.45750490870474,1.3211750012302765,28.03400080015912,-3.1741347475156854,-10.40875026934294,0.21874659110694683,0.8696797105806677,7.534889805833917,16.92111598103081,-16.165949147325264,-18.25604415413413,-9.313205057445451,-4.766680066213392,11.656069120141428,-0.30817893550886133,7.776658578932319,6.911146499704321,-9.708944109251943,9.325106927014115,-9.387468334888933,-20.904967788702038,-5.649679161945766,-9.492025454523088,-7.123184208309398,0.13732330617546662,5.399306031873101,2.8212098622091775,-4.390789173829075,4.82135424821454,-4.284501854040766,18.499653894280918,8.9790264682408,2.6193768651740186,-7.323672656841097,2.7168773977823424,2.4688403441774014,-10.383319328415672,1.6145613400716652,-4.810313317150255,6.954948377096892,-11.763018114320774,8.855986814715958,-0.2300743851645084,-2.912474694585927,7.794168042682761,-2.157905650526538,7.228154780376586,-5.580104512139743,5.026340607667123,-3.169271639075154,2.008393891495598,-8.229696188204223,2.0364627149864383,-10.55461054805604,-1.8047780380215421,3.1710518864441877,3.819772901993497,-3.3408835004263606,-2.8158563255244324,-4.231139287806615,-8.79851034818708,8.101607391835795,5.083235448358219,-5.363206406380261,5.289188279015822,-7.331527461141581,4.448696395329792,-0.557932552679743,-7.137408266859568,2.3892494593700064,7.969037151525436,-5.714442940115557,-3.470622960520595,-1.0739585973639247,-6.987748541444981,8.13778755231703,-16.781042711952878,11.477377750665475,7.037421407478702,0.4426901815772535,23.51705862820755,-3.1478741838415196,-4.403180202785995,4.394383539023485,10.01227298571233,-9.843976931179858,-7.033320692838519,7.213725013572601,-2.3683766934660184,0.698626385008458,8.444411464540947,1.9103636738940413,11.885540313157659,1.1812161042139655,12.337163679681542,4.962507889366525,-2.5764924266980778,-3.7835768281203954,-1.0587854993580033,-5.869393704204537,6.719992191525156
neuralNetworkClass 	class coursework.ExampleEvolutionaryAlgorithm
INITIALISATION 	AUGMENTED
SELECTION 	TOURNAMENT
CROSSOVER 	TWO_POINT
MUTATION 	STANDARD
REPLACEMENT 	TOURNAMENT
ACTIVATION 	RELU
COOLING_RATE 	0.0011
TEMPERATURE 	100000.0
TOURNAMENT_SIZE 	30
maxGene 	3.0
minGene 	-3.0
populationSize 	110
maxEvaluations 	20000
mutateRate 	0.95
mutateChange 	1.6500000000000004
seed 	1646684373006
random 	java.util.Random@3ada9e37
numHidden 	14
numGenes 	129
Training Set Training
Fitness 0.015488387691410999