-2.603348851866659,-10.746804487530927,1.5541515501703111,-3.146177593944942,-0.3049687463681465,-4.807362861071734,-6.012539263010035,6.647490712603998,2.6306669518528354,3.3250288848379146,-8.835485207453203,0.5433782494330801,7.03456823795884,5.128731385132632,0.7561289981535531,0.6524237819757266,8.603491727009057,-11.568846117440431,-5.211164886136334,4.318209243879387,-1.6178471693169065,3.9806588588720713,-3.7534705369489947,0.48295035600123715,-14.19726211623484,-5.578569749657129,1.368183165374555,17.36098433680133,-7.843979424222392,-5.908005260675731,7.7329118239885535,9.274627217131501,3.924244449540643,4.583322630715595,-8.87668950735755,-12.98374672191047,5.049295655582828,6.495167137083742,0.6950683267724012,-0.8530620208132129,5.690549552607722,0.9195367342612348,4.2554883738045834,3.5259869846823904,4.3451292420894125,-9.64207120093474,2.6156452231832352,-8.762839686235957,-3.2408183990827997,-5.355813315450229,14.980525209764203,1.436382579352152,5.152127414945051,-9.052421664753895,3.678600621005158,8.092218111878594,7.456707484914366,7.220928203631415,-5.6430994452112735,1.6243705244339264,-0.3539960984185493,-9.96363314871402,-6.620251067671801,3.0669535540456154,1.074474277911082,-1.4835004317215885,0.8689524678339939,5.742262008826129,9.30339676170906,6.071529648507909,-0.8396742941065205,1.8772581076721444,-10.888015583196347,4.743102991187168,-11.52394412925739,0.37897190791986546,-5.386215415499963,-6.6666205435756964,5.174513982973269,3.8564982743311598,4.703838914452756,-9.986931955598697,-1.0612692158930237,-0.9637417088946565,-1.2445584557755236,7.054897685344203,2.5018676165839935,-12.286323240182611,1.4161875583348698,-0.32076838798921603,-11.217384957595444,-2.9315871422603887,-11.628632089159538,2.5762634276000727,-0.8844303016090196,-4.358237300914223,0.49862373132193305,-0.11552593286205148,-7.188757807961227,7.683841353973906,1.9311331708323065,-1.9922446908777536,0.467462918911,3.824631117233835,9.577461691611537,1.2438474566665558,-7.271440244961562,2.4069713464583478,3.8645705452682453,3.5744662328238324,-0.8492092346693934,-5.808951925051649,-12.123668600434216,-1.3172652818275292,3.1821268186131624,4.048924125444577,7.253258942784814,6.116265444971776,2.5015850861453206,-1.8358606897069412,6.450032081242476,-12.895524511005338,-7.21207310672302,16.235389230891148,-2.034269446676035,7.416448994187144,0.09963968689688674,-0.14521987834133343,-13.232421054175598
neuralNetworkClass 	class coursework.ExampleEvolutionaryAlgorithm
INITIALISATION 	AUGMENTED
SELECTION 	TOURNAMENT
CROSSOVER 	UNIFORM
MUTATION 	STANDARD
REPLACEMENT 	TOURNAMENT
ACTIVATION 	RELU
COOLING_RATE 	0.0011
TEMPERATURE 	100000.0
TOURNAMENT_SIZE 	90
maxGene 	3.0
minGene 	-3.0
populationSize 	110
maxEvaluations 	20000
mutateRate 	0.95
mutateChange 	1.6500000000000004
seed 	1646684373006
random 	java.util.Random@3ada9e37
numHidden 	14
numGenes 	129
Training Set Training
Fitness 0.0319462374558155