6.646971722412722,1.7013563921131825,3.0409150612443785,-5.388549701348878,5.4335962993811,3.856430573945623,-11.96682246481739,7.192868046273979,1.799895498265791,7.015859695782199,11.46164598603014,-0.9486019939550765,3.513516763186828,-5.379414788548693,8.782421084281777,-12.402295893467265,2.3207059444884184,1.0854834018617496,-10.377697800332706,-0.1856524743474317,1.5082124566237223,-4.072913218503599,-2.793540781896895,-2.899718685136923,-8.868397441207907,-13.38197163704704,-3.047854669840355,0.06611575768991962,-11.402861578337108,1.0448198726003666,-3.952358758694748,-2.829953411202637,0.9109437566328396,-5.3153623069248646,-6.962817845149663,9.698401796299246,-0.31426032559549455,7.855853322548489,5.584182214773506,-0.09117609571401353,-7.528004204060414,0.3361066029454136,-10.563366541921798,-7.981831632405333,7.856905347254834,-0.01921656797146909,-10.579881760474589,-19.868739785549757,-8.64884533296879,-9.336178391123294,-0.7145620364575578,-1.9792854829163593,-11.689979514909494,-3.7481687231804823,-10.76057843254675,-4.017912373487788,2.861890440058195,3.1615784772447393,5.039041484892435,5.85268995298666,-7.456134496673805,-1.3600562185130425,-2.169473849683401,-1.853547813200482,-3.329335692636871,4.944528940007595,4.5667211579177085,3.0213005996311946,-4.860386630553914,3.242148795703965,-2.412486685473711,-12.490441204781723,2.351068278012315,1.631506532665834,10.449694933617623,-3.144044316004414,-0.49982566289845076,-16.114585937349748,-7.055792601727349,2.171882897115397,-3.177562440763232,0.5469812205976892,-11.909733864078905,-12.321393863923554,-5.497861526850705,-3.8967399774147573,-3.102568305809614,-11.523801704890452,1.379185617797761,5.448892962501627,5.188253227573245,7.139024495025163,-1.6834343482397234,-6.808623432455148,8.825674641401342,-4.447328616894911,3.767111824884978,3.238614174904039,-7.809045328594342,0.2712760421223539,1.204873363262028,-3.6015061786114924,5.409415906792719,17.63827184840303,-1.4370682628329838,-4.940708956191468,5.822899066270049,-0.22236844480825724,5.096072119133062,-2.791243475295898,-16.340637140344327,-5.223250058532513,-0.9867197843744115,-6.111186078374038,-0.6983696624363871,-3.6038285825568623,-12.248401473369338,-14.67814729323522,-0.291152860853539,-12.244570177179938,-4.660563077806822,-1.5163336379290113,3.5957780304955964,3.108330938904208,5.973996112493894,4.437145878338443,3.7766312584113964,-1.4649304007796395,1.6640247653743048
neuralNetworkClass 	class coursework.ExampleEvolutionaryAlgorithm
INITIALISATION 	RANDOM
SELECTION 	TOURNAMENT
CROSSOVER 	UNIFORM
MUTATION 	STANDARD
REPLACEMENT 	WORST
ACTIVATION 	TANH
COOLING_RATE 	0.0011
TEMPERATURE 	100000.0
TOURNAMENT_SIZE 	90
maxGene 	0.7999999999999999
minGene 	-0.7999999999999999
populationSize 	110
maxEvaluations 	20000
mutateRate 	0.95
mutateChange 	1.6500000000000004
seed 	1646684373006
random 	java.util.Random@3ada9e37
numHidden 	14
numGenes 	129
Training Set Training
Fitness 0.06013538220027532