4.582976406246104,8.734406603056105,4.601974348943189,3.4753537989179977,-4.136267520362384,1.157587162054381,-6.988188380794453,5.309100443600505,10.276252831709074,-7.356863110376024,-9.814896278395624,7.774283804737798,-2.520762042563499,-4.17259655535046,-6.220584447256084,-2.390850447106753,-10.50823983833971,9.828914543043648,-10.63054262657638,-9.01076613377646,-6.461803671639869,4.134869100898153,-6.2737836241444045,2.6874190170398844,6.952338424967312,7.877661498667804,7.024473526118842,6.578338435458455,9.141109055324382,2.943176906816123,-9.973405864782569,1.4997643675534844,3.700106504240779,-12.096236472706883,5.40102731816216,-9.365213474338304,15.108749015882248,-5.961287750177798,-4.54612896947281,0.7672577895724189,11.268338468864483,1.3749952036898287,-5.737593134115192,1.382907453794851,-2.7555947945903627,7.79156125138675,-1.3086950691901373,-1.9696807715672806,8.188373790946608,-0.21834133525205335,-11.77975365453605,1.272767245776886,-5.432119478181161,-5.856172690428409,13.972257995419254,-2.9744246220707202,-8.960625510634873,5.510873702292966,-9.63552358036019,1.3435881878931388,4.132179905837406,-9.2289336398362,-9.886397924136487,1.5870114366635928,4.211241174196723,-11.875543376135033,-10.21114308488141,-3.761195299112326,-13.891173643240373,7.355906675986139,-6.518575793739311,0.0479777249079536,7.832250947295128,4.598200560624378,-3.5925977019730695,8.168066790978724,0.1027426341501938,0.7910364020231997,2.6343447749742728,8.220612203884265,-0.5776457345811901,-5.107130254914669,-13.992986644193286,-3.7509952986786113,4.645135651316929,-10.58999899059758,-10.960240460532352,9.435493470930679,-10.810680875994768,13.902220080211967,-3.596497087206317,-5.138434026546094,6.156571080459766,2.275494491717626,-9.016680045526183,0.09933529480599734,11.466158528052722,7.667108410819905,-14.019298403767802,-6.602260161347411,11.00992653876906,-11.576416731916561,-4.779912091536099,-7.771464322368621,1.4070302340559664,-0.8364963988707439,-3.3014167318909475,-4.766771862924986,9.804159556627527,-8.118949181464158,-11.659197561387126,-4.4617317935484015,1.8150454894154837,9.053460689472514,3.162595714875508,-3.2929967789415704,6.003578943058156,8.398049646882395,-8.59205322322806,1.1980522057005496,-1.4058254090235964,12.20062249805292,-2.77236461657397,6.338438158039935,7.309806062496813,6.52574790371351,-3.414947642127218,6.2209908617129,-5.120063720310451
neuralNetworkClass 	class coursework.ExampleEvolutionaryAlgorithm
INITIALISATION 	AUGMENTED
SELECTION 	TOURNAMENT
CROSSOVER 	ARITHMETIC
MUTATION 	STANDARD
REPLACEMENT 	TOURNAMENT
ACTIVATION 	RELU
COOLING_RATE 	0.0011
TEMPERATURE 	100000.0
TOURNAMENT_SIZE 	90
maxGene 	3.0
minGene 	-3.0
populationSize 	110
maxEvaluations 	20000
mutateRate 	0.95
mutateChange 	1.6500000000000004
seed 	1646684373006
random 	java.util.Random@3ada9e37
numHidden 	14
numGenes 	129
Training Set Training
Fitness 0.032399548890987596