4.998942206986937,6.663872994759149,6.538590954789336,-0.08549102566863542,13.281595247613835,3.3598171741620053,1.6682647335547223,-1.555402734720758,-1.5774542933622255,3.237588642104395,1.6998553156139384,4.990395872729154,8.284147311948349,-3.287603314163853,1.5566028288843379,3.369872269227554,1.5769157170372363,-6.650370625710803,-3.280738446789921,5.010197593000094,4.972744741553323,-5.045656714802243,-3.329070372175752,-3.351405491615721,-1.7381372818956566,9.889278512014045,-3.2425351451917317,1.5904417284593997,9.900239803182695,-8.177801455917766,1.73194450540824,0.003861826124032852,-0.08827700259452786,1.5687676671358792,13.22077428407437,6.667444103706533,3.2019181858547725,6.612264908675274,-0.02268490922769839,-0.08609361975428342,9.86780404334933,-4.855117343865356,-6.651241129693084,9.999991672728092,1.6556342562662412,-3.2582706591190806,-0.08763797449567967,-4.8518233092713805,3.2779146782511432,3.288830322687846,-1.5744622660820164,-4.914116965661635,-0.028520586011514304,1.7499469484041024,-1.607127517447041,0.08885054145010685,-6.64252538542617,-1.6017838134963904,-11.580987769645606,-3.2164945549862045,3.3407398931947814,1.68045080056792,6.6726507238238195,0.057384159079821195,-8.181394491553439,4.970907537050026,6.576360144588277,-8.20177723016205,-0.08444867632256248,-0.059655136007984666,-13.287650915321775,0.04652005817196336,1.7444775175939569,4.859912454848595,0.06153439783140513,1.5983592354432483,-4.860226131001355,-8.252524074749662,9.869903298159391,3.2253213376405743,1.637545829009472,-0.09075120540527948,-11.480483759623173,1.7375484300475623,1.654102149122806,4.997470250079237,-5.005963057106454,-9.955134869723723,-8.257786742111273,14.838148117849006,-3.359783633929842,1.6699223207591523,-1.6131770753257912,-1.735669606844021,-4.925718326264166,3.211403520340271,-1.7059728110364056,1.586585416139176,-13.221224867346091,-5.036920901951618,-4.911564520941539,3.2784306771414133,-1.599329513792357,-8.181562929411985,5.013338047701375,-9.941401758753935,-13.123265283416336,-13.246294050336326,-0.008614927817098383,11.641806252645065,1.697498278108255,8.248440825924842,-9.859962848597544,8.154974526670074,-1.7217525358065444,-1.6368252061670123,4.928224704418573,9.903938876636603,-6.570230284125367,8.270033787287089,-11.587191109015698,9.973835986799907,16.4245676169595,16.46814988893982,9.873482107292999,-9.931685876260195,0.025309863553802714,5.014787990920144,-11.623246231762868
neuralNetworkClass 	class coursework.ExampleEvolutionaryAlgorithm
INITIALISATION 	RANDOM
SELECTION 	TOURNAMENT
CROSSOVER 	UNIFORM
MUTATION 	STANDARD
REPLACEMENT 	WORST
ACTIVATION 	TANH
COOLING_RATE 	0.0011
TEMPERATURE 	100000.0
TOURNAMENT_SIZE 	90
maxGene 	0.1
minGene 	-0.1
populationSize 	110
maxEvaluations 	20000
mutateRate 	0.95
mutateChange 	1.6500000000000004
seed 	1646684373006
random 	java.util.Random@3ada9e37
numHidden 	14
numGenes 	129
Training Set Training
Fitness 0.10484946005103783