-3.7584087530724917,5.773730559812357,7.341475030275445,-15.283541243953527,-9.951212530258662,2.1273613933180053,15.965924986424257,-1.629632200835676,-7.286097306893099,-4.998284061315497,-0.6934012463130523,17.494679630034376,12.668671615129362,1.9406693854088917,4.685281992469401,2.4475760135834435,1.8493390877013516,-13.256181983281449,-6.314773382479837,7.313160889374677,-9.588063494105622,-12.510087200107428,-0.8296588300309091,-1.8638980056281484,-3.8604427622822666,9.013969863230942,10.079545955537723,-2.02531089869957,-1.6138072448983225,-4.000932676135016,-3.732999617184707,10.149713225233743,1.8909983279465914,-0.610202530234961,4.539083298881106,7.923570284648763,2.2148974582343346,-3.280629437515339,0.8197101461616452,2.7068928711261506,4.33930644073705,-13.414347753344504,-1.9153153659233269,-2.101686718793861,-8.540952922096107,4.7870091966211845,7.953345653370359,0.05788222642172336,4.468310680217974,-5.4074857299005785,5.508011374636872,-5.352910158392358,3.1428363060390234,0.3222283522200895,-6.828579037514162,11.838359204262645,10.263261617171443,6.701952807782908,-13.552903340447095,5.504300585279884,0.74218801980183,-3.408039533403226,-1.0744089764889555,17.841940395394637,8.078007965140161,12.031331388718868
neuralNetworkClass 	class coursework.ExampleEvolutionaryAlgorithm
INITIALISATION 	AUGMENTED
SELECTION 	TOURNAMENT
CROSSOVER 	TWO_POINT
MUTATION 	STANDARD
REPLACEMENT 	TOURNAMENT
ACTIVATION 	RELU
COOLING_RATE 	0.0011
TEMPERATURE 	100000.0
TOURNAMENT_SIZE 	10
maxGene 	3.0
minGene 	-3.0
populationSize 	110
maxEvaluations 	20000
mutateRate 	0.95
mutateChange 	1.6500000000000004
seed 	1646684373006
random 	java.util.Random@3ada9e37
numHidden 	7
numGenes 	66
Training Set Training
Fitness 0.02023271612414354