9.136117479932002,-7.180179307516303,17.42671798292067,8.102579710098304,25.443806153545978,6.005412355540608,-11.457064446662017,9.12910342087285,-1.3558396961782275,6.103704625658214,2.4328123526839684,11.34356907845905,23.268540762292908,-7.864192394376613,-5.875966279462507,-6.0070873620663665,1.9945157632064499,-6.26260709615563,1.4790037031113972,12.582904300272723,-0.9659939083590645,-1.0084687385787907,3.583238017521655,-4.976687495761038,-0.8299063633644295,4.798288778201016,-14.256060755636154,2.403520216619243,9.301367266471763,-7.7183448790028315,-2.072257614435907,5.561474631197834,-11.835209796326007,6.905860519845125,3.472484746290249,-10.375921061979474,8.457682144698651,12.332126868676257,2.7012089384406295,1.1498773429605817,-1.933482219901518,-2.0566242481388235,0.9974685567886343,-5.454887947996019,-3.76514431505724,0.6984097186090281,-4.030632706572511,4.901970038898481,3.2648173058227394,-1.2514432289842183,7.1356186567187265,-7.276931759488674,14.446147308041345,-20.341237054162526,-5.089725117732547,-7.251036876435473,-1.506004450273724,14.02159400050201,0.39363264474862447,6.695703342306391,-9.098829720359657,-2.71340262717708,4.945180515947085,0.3871783599942571,-11.07727908167814,-1.2510448155756446,-2.6796830978156736,7.732251348398684,-2.589680608140082,22.40034785896767,8.245922502422879,2.9493985478705405,6.201017063152282,15.341428672342863,-5.809268521596647,8.331811801014464,-5.210435503929672,1.4392964587590455,-1.045193681948029,15.323653930509886,8.325591179577632,5.7348365717444265,1.4082808361443009,-1.006605814804165,3.3265488916792405,2.3637856585618433,-0.44710780690788443,-11.207117868869611,10.184436057733418,2.2018576813818047,1.7106857902795527,9.33105393419344,-1.2810727827584616,14.428258889263107,-7.037365025479014,0.8189004081668836,12.541639872594235,8.523394776354277,3.165774499445271,4.807558983704325,9.795884039263298,16.675565713138532,14.870811409812326,1.0441262701341785,2.223345590242748,-4.082073976240029,-1.6069696971524614,2.8100243124400652,-14.666233243169104,-4.699031609594005,1.707673415122799,5.434484479844723,-4.934206246238601,-12.7227218156657,-5.90316533604991,18.24095139241996,3.776773615105645,-4.215710406879744,-13.381736053257848,4.03693903658024,4.236389050631523,6.757256238003782,-10.9026588194803,-7.901889074752523,2.5736321892506684,-5.211364397410442,24.36183417337091,1.0250853497040309,-2.711274636169522
neuralNetworkClass 	class coursework.ExampleEvolutionaryAlgorithm
INITIALISATION 	RANDOM
SELECTION 	TOURNAMENT
CROSSOVER 	UNIFORM
MUTATION 	STANDARD
REPLACEMENT 	WORST
ACTIVATION 	LEAKY_RELU
COOLING_RATE 	0.0011
TEMPERATURE 	100000.0
TOURNAMENT_SIZE 	90
maxGene 	3.0
minGene 	-3.0
populationSize 	110
maxEvaluations 	20000
mutateRate 	0.95
mutateChange 	1.6500000000000004
seed 	1646684373006
random 	java.util.Random@3ada9e37
numHidden 	14
numGenes 	129
Training Set Training
Fitness 0.05895049085109889