-0.4638505376562876,0.6336882463280898,-0.7098517913809426,0.33260193327029997,0.290664915305027,-0.4977461913386527,-0.7432169448075479,-0.7970946184158486,-0.35001906121273074,0.06574286861305267,-0.47900991474130894,-0.31316247318877477,-0.9996699451328267,0.5256806625469023,-0.7199684309748111,0.5338362958087742,-0.9947793355540641,-0.9543105682197287,0.8651806775427126,0.04338412310076889,0.699549280182635,-0.18233172710875056,-0.595063119431616,-0.6074995250189987,-0.4418967261808038,-0.34622699591231765,-0.022713461017590753,-0.9218871050784357,-0.8067635587125269,0.8971068970303248,0.04538823108768508,0.9361404452513838,-0.3341029314167434,-0.6453715218931713,0.3399805495751248,-0.8863820295528165,-0.9217829465327728,0.6235782016350767,-0.7184533563705606,0.6601597030657168,0.12987111967989418,0.6389051450835302,-0.20656512809642869,0.6229835602122752,-0.9644952613608749,-0.159233587891342,0.011408727362490656,-0.735416784201774,-0.5789448682400724,-0.7655056465379174,0.33010472530233004,-0.11401355890509657,-0.2984598304673578,-0.36818132398117087,0.6025231496339515,0.604230960001798,-0.8627382616567433,-0.28507408864480466,-0.4328050091497362,0.21869876133178823,0.47162779268202326,-0.6053912201857408,0.5993100690077101,-0.9257524289018585,-0.2089280296400129,0.7403144426364346,-0.4061879649611535,0.45762403690325926,-0.8814613634391532,-0.37116851104955995,0.38800343531993164,-0.010629802753499451,0.7528279834694828,0.5022713169610092,-0.5049247542854283,-0.47443544444951846,-0.3729377104978593,-0.8042982810955773,-0.8239937073518683,-0.8091489319053408,-0.8301688518855393,-0.6527567872099787,-0.22705975082998298,-0.4253581693679993,-0.9461356317768556,-0.4820579701158787,0.3115451968369757,0.5508237434230087,-0.5190089101296425,0.8626398217330756,-0.7548296864177365,0.8503316854223651,-0.4850235134549272,0.4993865659590294,-0.46936794050299824,-0.5355398800655466,-0.8407480225950962,-0.24870048163935032,0.48732239973452585,0.2128584093392275,-0.2566737949653153,-0.4548184268662243,0.8580177039468863,0.8465642427426313,-0.01317922921179382,0.45347888172305206,-0.06508660721503823,0.6710591827325735,0.9178392057375694,-0.30905148310696884,-0.7489982088308009,-0.6642813955720548,0.6457363725704665,0.41897716191502277,0.847027803316761,-0.5256587769051522,-0.7351729373662392,0.7527690164004274,-0.6742033354921537,0.7234789260106637,0.9082056025955686,-0.5404422417456929,0.5959741033217288,0.8907427405194771,0.26883771997969397,-0.046619726177586696,0.37437635582145623,-0.5533974268620525,0.6436339914804264
neuralNetworkClass 	class coursework.ExampleEvolutionaryAlgorithm
INITIALISATION 	RANDOM
SELECTION 	TOURNAMENT
CROSSOVER 	UNIFORM
MUTATION 	STANDARD
REPLACEMENT 	WORST
ACTIVATION 	ELU
COOLING_RATE 	0.0012000000000000001
TEMPERATURE 	100000.0
TOURNAMENT_SIZE 	90
maxGene 	0.9999999999999999
minGene 	-0.9999999999999999
populationSize 	110
maxEvaluations 	20000
mutateRate 	0.95
mutateChange 	1.6500000000000004
seed 	1646684373006
random 	java.util.Random@3ada9e37
numHidden 	14
numGenes 	129
Training Set Training
Fitness 0.1349369643854066