-9.239933028999733,-3.4698032551353775,-10.95258219567709,7.564215991752423,3.2354690442881147,-7.4073987689182665,-4.176430054034168,6.596788863900684,3.8058321739048218,4.289701454121602,7.0821026829811,1.5645934626226978,-3.793888491709742,-3.1483240605825205,-9.999984371615533,-5.191329818029673,-7.7182064431434565,-3.505938283178116,6.871054382003436,-2.145679134888935,-1.291353070571791,1.87570740858847,-1.2739401826209322,-7.834341864550142,-4.356676909688844,1.6276449916823035,-11.848466865815242,2.097472506737442,13.822059504766404,-0.3797733091657731,-3.315981681644317,2.798674650268282,7.461059731521351,5.350326029065151,7.325479011705882,-4.6827216905836675,2.4109544299787657,7.307354607570465,-2.8450729777211787,-4.284909847911715,1.779079077004944,1.6163028195939466,-9.295863419409125,-8.27902489792515,-0.04287346553240212,-3.5920405242523703,5.920356525040886,-7.315229536365775,-0.7219344977889843,-1.7690744336325697,-5.943487402671451,-9.160374483958158,-2.074958907119938,4.546985092506705,5.309466077936691,4.088744312217069,-0.8736963869031764,1.1408506411868098,2.569479364655354,1.0532143369714912,2.1940380833272997,-14.872741486616773,-1.500890703749425,6.450806743868759,15.951298212384371,-2.297168447733572,8.727335804703714,-0.5786643684153234,-5.309928233891895,-11.782906336332523,-4.925196237608868,0.12236871135653704,6.714837772366532,-0.32353865746551946,2.51863935825142,-15.810216412468236,0.899800116596472,-7.103000352380553,-14.339621931831823,5.590866925495643,-4.975688175974286,7.186176702558081,0.22812045535158365,-5.056641090554792,-12.400165846747905,-4.589191054219606,-9.225892148498328,-1.817955003009926,10.713096762596617,-12.452162006318137,-3.728506931589794,8.975203754189046,2.7339624543723993,3.316537091992142,-7.6808470136507685,2.3264200029233892,10.022819898190733,-7.74480404284717,7.380972958880399,-0.607022817515805,-16.128840123634994,10.182285846418486,-2.7338901495734067,-0.43975471838819624,-4.42968200494987,2.4715603330006024,-6.900683810132859,7.432184065213166,4.477196348304578,7.07250284198796,-11.914509751637636,-0.618716186541076,-0.6179007213181276,-8.87802111543176,-8.45980891956642,4.796970092135202,-2.2673435010112986,-1.580088893639747,-7.462061186202318,0.17970196334432442,8.829122874562964,2.8312437958986836,-6.027304407242605,10.348694435507653,7.03018263849556,8.778418441702156,0.3800035526125125,1.8644005796907912,11.444708546870284
neuralNetworkClass 	class coursework.ExampleEvolutionaryAlgorithm
INITIALISATION 	OPPOSITION
SELECTION 	TOURNAMENT
CROSSOVER 	UNIFORM
MUTATION 	STANDARD
REPLACEMENT 	TOURNAMENT
ACTIVATION 	RELU
COOLING_RATE 	0.0011
TEMPERATURE 	100000.0
TOURNAMENT_SIZE 	90
maxGene 	3.0
minGene 	-3.0
populationSize 	110
maxEvaluations 	20000
mutateRate 	0.95
mutateChange 	1.6500000000000004
seed 	1646684373006
random 	java.util.Random@3ada9e37
numHidden 	14
numGenes 	129
Training Set Training
Fitness 0.021929626165327547