-4.485007150207341,-7.7523159258666645,6.29155716625247,-1.0017089542166815,-4.0233951229785845,9.001404802761446,-3.6613663092304662,16.171374616259392,0.06777677290345174,10.610141466996497,7.542963511445306,9.747955789344646,3.9820641715926737,4.499178303862023,-8.497752199333735,-0.6540308463252575,5.16507302355908,17.002823819407954,-3.8100748398041615,-10.619273855432782,-10.63979431490756,-7.497041798970022,11.85787216396227,8.235878739794853,-8.949082380354936,-9.183447600824394,-6.048646489051929,-11.466968583830248,0.7031326986190916,-16.8908491939673,2.96389863013506,-3.300545873045203,10.743891204835657,-6.084398161610238,9.060945235391713,8.706391731681684,-8.617777688609419,-1.7588777885968447,-2.560228757538816,2.961015963883794,2.9356580357514304,2.4450735669261583,5.76940164164721,-10.616889110126623,11.370724863924352,4.476629057090001,-1.6821485082400542,-0.5932319729412949,6.2189957299283165,4.297077232717401,11.045600646925694,10.044184238406439,6.736521602152454,-1.4565515720447024,-6.408820346508161,-11.731239433165342,10.394676921590834,-1.4311798816010608,-8.164443087170703,-1.988261564706633,3.303065089642363,-9.262812026853538,11.662294710537003,8.011881140061444,7.821578115617206,1.204247072551703,-4.0235871713361595,11.411960395449299,4.269467318215325,9.102544434748626,2.4546257342814393,4.13135055307641,-1.8691672227671958,4.0521988432584415,-2.9505574171356965,2.591160870479961,0.381706090368076,0.04404943426931318,2.2210511278827836,-1.0928318941947373,-5.622331269294208,4.03919855770812,5.78162033215666,4.173496641704647,-0.85630482195781,9.673430139982305,0.6862947894956637,-1.6212402243733477,6.987947947568507,-4.471744844034603,5.656465457290573,-1.625911919809372,10.93179071530821,4.695748264414403,-4.969354617199663,13.418545903006624,-1.8560858241926361,-9.096283772065583,1.12098864442628,3.2106070401660594,2.926321849010712,-7.694960338025929,11.855263406865244,5.613653660047248,-7.145350251303173,11.059553957322835,-0.9844480022430817,-0.5320864823175331,-8.51231052784776,5.276685965983621,10.695017298576733,11.215549667007485,6.7429846536218765,-13.996214536947202,9.324361995391257,-6.41110163810389,-4.288730481648832,-4.55735297073708,-1.8884298586902926,2.0568417201070854,1.270123283497591,-5.665554440813223,-1.202030784693811,5.636441610328896,-7.361599145163729,-15.884629021017128,-7.400873828570925,1.9666230362232628,9.232293771184935
neuralNetworkClass 	class coursework.ExampleEvolutionaryAlgorithm
INITIALISATION 	AUGMENTED
SELECTION 	RANDOM
CROSSOVER 	TWO_POINT
MUTATION 	STANDARD
REPLACEMENT 	TOURNAMENT
ACTIVATION 	RELU
COOLING_RATE 	0.0011
TEMPERATURE 	100000.0
TOURNAMENT_SIZE 	10
maxGene 	3.0
minGene 	-3.0
populationSize 	110
maxEvaluations 	20000
mutateRate 	0.95
mutateChange 	1.6500000000000004
seed 	1646684373006
random 	java.util.Random@3ada9e37
numHidden 	14
numGenes 	129
Training Set Training
Fitness 0.02448951702135096