0.48442874621497634,-0.8529982762938797,7.310459314596487,4.344773812424758,8.940112913289358,5.495364935418992,-5.348868298724803,14.327473048575689,3.665826505456481,1.248313757386919,-10.826504750425633,5.320001353708536,3.448978682407274,-1.793497269042902,-20.988946207416873,-4.802582300988997,2.2837749009362387,0.25249942348728904,3.846487814728368,9.1218126933574,1.166473689490699,-5.314987734704246,7.253201619039838,15.942479086326841,-1.5750901563246353,2.5227567796425125,17.6753559524836,7.155436711034963,9.228511586440355,-17.42434472219168,-4.352115884683576,-3.1762834147731276,0.06996226497826452,1.0978568646400237,-8.97833174607728,0.09535439651911837,2.1420777287558206,-2.4086328280816645,-7.089781482890354,-9.520909796852088,-11.04660634360211,-1.2291312077229435,-20.187126694310614,-3.4516800420367266,-3.166622233463393,1.6296152934256884,-8.504290251337478,-0.7081109371908703,4.973104708397525,10.513073923940551,8.925024624409536,17.115867255324403,-12.120346826238693,-9.938708066563201,1.2494184636956742,-9.42651077307337,-3.807594865208493,7.672758718528305,6.565188360707809,-2.7890076298411204,-6.233148185896773,5.771828536449801,-4.924095050473927,-0.5348682231227171,-18.173569174554046,-6.07142724856171,11.270721530213445,-1.8663025767069232,-1.4846601242468207,-0.7157806847701895,0.3471378252338617,3.2134056421456325,-11.744801842242325,-10.122859973969819,13.542607120790125,4.310085333982416,10.865843675839182,12.193641423577718,9.165553626066776,-3.2758753828771248,-4.294519687008749,-6.0153905118593265,-14.869965406656673,2.9996908555833404,6.9178083374659955,-7.056640245483001,-13.550545002051152,-16.050714836844485,7.393694668033396,-12.96816413780992,-17.76658604171746,-4.3742629997932845,6.162360811784135,0.2716031126706806,6.707935874160572,-19.338206685174477,1.3219887461499988,-3.2171269015203503,-7.856992033618257,-0.46699642681506326,0.9020655445122969,15.009098889579784,-17.977480027750865,10.622646707214315,3.119711696241291,12.806472578397116,-6.769626140530081,4.627995633420342,-2.750341752333921,0.8069559858687567,-2.547298882653518,5.295260803091651,6.972459007697886,-0.9697281907017707,-0.34020055678758165,4.0060992709994485,-10.302051197170547,3.874580113875952,11.082571774657168,11.661626543775869,3.2808778326845394,1.1073594525906483,11.436921127618726,-1.329588241818639,1.0030761192163,-4.142687657758447,12.775728789032174,-3.7550148501548817,2.2414208464718506
neuralNetworkClass 	class coursework.ExampleEvolutionaryAlgorithm
INITIALISATION 	AUGMENTED
SELECTION 	TOURNAMENT
CROSSOVER 	ONE_POINT
MUTATION 	STANDARD
REPLACEMENT 	TOURNAMENT
ACTIVATION 	RELU
COOLING_RATE 	0.0011
TEMPERATURE 	100000.0
TOURNAMENT_SIZE 	90
maxGene 	3.0
minGene 	-3.0
populationSize 	110
maxEvaluations 	20000
mutateRate 	0.95
mutateChange 	1.6500000000000004
seed 	1646684373006
random 	java.util.Random@3ada9e37
numHidden 	14
numGenes 	129
Training Set Training
Fitness 0.014962310085902465