-8.556382758101703,-10.526360032642161,-5.062152754916365,-1.809801690109591,3.3956084766315406,7.2512167272479235,7.67418383480108,7.271213879608174,6.027937939839075,-12.912710396901392,-2.279297956666758,-8.74625914974069,0.7963496485306951,-3.473376042694211,-3.7795598525978535,-9.23653117105926,-0.07020342473183394,-4.756303791828651,9.270298907006207,-4.150408998109633,5.045678892260225,2.6385608856431633,-5.970930037898755,15.925289982207543,-7.054355572149774,0.7084193874053399,-2.4382165058320595,-1.276211565313397,-3.3057534795757846,4.5138793367663705,-15.907808456617643,2.4848710004041568,4.92625024155098,11.220565169439924,-1.6058119091426253,-6.292277280519785,10.831775942850081,-8.742318617152108,-16.65420068215157,-19.472641595909067,-3.9847726735315305,6.610246496340173,4.14215157320471,-4.242418523179374,10.35901098588119,-3.456426463485524,1.2266897418645506,-11.466025833480739,-10.749241241942057,7.875338060005106,-9.874101647885102,13.377077986473237,4.891918524697468,4.348348222664216,5.185039867092897,-8.328946169346446,-4.298412827686931,7.333591894319951,-3.2286610361046097,-2.305758590961581,15.412615028958328,1.6912727357921602,-9.243500927116756,-3.6905132900477815,2.9658901100526407,-0.3182467148191117,7.604265026101986,20.54012423885402,-11.817038274974449,2.7107066023778366,5.752518461966808,-6.901491647583474,1.10427126960915,-7.4713504677752445,-6.0256238461602605,-1.9957021459127118,1.4496950701884534,2.6897179500836916,4.9278202528428245,2.194129647385452,-0.6393071837706197,-3.6647628088415587,-4.404724194063492,-9.318688546360303,-7.609572941365041,-1.6833740728428808,-0.7545829720556867,14.947303100770002,2.5622653738460013,0.36102523038057477,-7.2343505392781875,5.631276346625859,1.0435665348895249,-8.762573799841974,7.756776477915073,3.797648849316136,5.36505413386754,-2.899425854510067,-0.947790604370855,4.829456334453809,-8.591172412051382,-5.9506615751894945,-1.6743323021080299,-8.180314663771359,0.985109749880996,-6.344448955671188,7.404988547326607,7.803730143061364,14.657841222663833,-7.181927712446273,-13.749992175694716,-3.794622895071588,10.037687182803202,13.035380733814423,-6.9773317078706985,3.8622760553607716,-2.7944352451752774,-10.010269240026515,9.563263582779378,3.8255049147782163,-0.5193820061855012,9.793812397144924,-3.766068189466016,2.6109106130744983,3.7132759543746463,-5.022102842375142,-3.5488701690133126,-4.679706360207456,7.769154443737371
neuralNetworkClass 	class coursework.ExampleEvolutionaryAlgorithm
INITIALISATION 	AUGMENTED
SELECTION 	RANDOM
CROSSOVER 	TWO_POINT
MUTATION 	STANDARD
REPLACEMENT 	TOURNAMENT
ACTIVATION 	RELU
COOLING_RATE 	0.0011
TEMPERATURE 	100000.0
TOURNAMENT_SIZE 	10
maxGene 	3.0
minGene 	-3.0
populationSize 	110
maxEvaluations 	20000
mutateRate 	0.95
mutateChange 	1.6500000000000004
seed 	1646684373006
random 	java.util.Random@3ada9e37
numHidden 	14
numGenes 	129
Training Set Training
Fitness 0.02938546035861192