-6.538762425017861,-3.521025161326228,-9.623387308279097,5.846421860250407,-1.7970403473952956,-0.32625988726759303,-1.8125858967563966,9.21691452330285,7.6892600920557115,-12.49366511224621,-8.424122074867471,0.7295772534776948,-10.833782550422526,7.740010055452673,-9.09733229286796,18.383404556622303,11.82351789403603,11.692639164821951,-0.38312046579207326,-8.687137523993593,-2.8422117746274367,6.077142586277633,8.654372148733307,14.351771928174939,-10.583332907176159,1.6927696581881655,0.08203712186953416,-3.7322193478872645,-1.9192514259228588,-0.252553070431234,-4.587874988369499,-5.039085989808946,-1.0005879212525794,3.823830338159545,-2.8457112518728547,-6.314804866153166,13.082929186911297,0.821614362706125,0.34644706407012693,5.67261580467329,-8.490018601228071,12.516079041741175,-6.8440918230977275,-15.195290353389842,7.595740726919818,-4.832227523728394,16.008996028739347,-10.309348335352764,-0.09878580892349209,10.650652057669753,-0.23828538074295036,-7.788021786014648,-6.612400164025454,11.83592635971417,5.665782931156672,-10.717304709983084,4.1799482107173755,-14.273733127467166,-7.086326620350377,-4.550285843509781,-12.94752719054959,0.6299710221350825,-6.7369214534168105,-8.377775451574747,0.483393440296787,16.097092942019636,-3.7044687368848965,3.6197881600437185,4.800252538591517,8.859466085705641,-3.344300813554689,4.417608677348247,6.1471818286178985,-14.126023381391605,-4.602827759553559,7.6936016404438305,0.40365212216581536,-12.886641731650569,5.927355902007964,-6.354434017555088,-10.930221462946713,2.531207909265727,5.348384255219422,-2.252075039433139,4.906306081544017,-10.152160570152665,-12.467241373833042,-11.993820724532737,1.1279438507992783,-5.8389832409153355,-2.748279163106684,0.7140240798022077,12.46397621819638,9.498825615105181,-5.258840892418066,0.7166556915374613,11.197930911226306,-1.7320135102665546,-10.905851372651222,14.41280336230565,-1.1469340991750325,-14.066838278944862,-4.038977317196312,0.5110201407531436,4.037110080526425,6.795572133345299,-0.3328350231671413,8.07653013637312,-4.08741474480048,-15.235013029598312,11.57551555693674,-2.1870722624728742,8.430704245502033,4.02690945787827,12.575075599085626,15.452033168028597,7.921829742909987,15.98903577603331,-6.281505803677273,-2.051215045639303,-1.3658961209533258,23.82875148505137,-3.8025224579889407,5.874857461747849,-2.8791159767396817,-1.3865246594255254,-5.829313858708943,6.46836515638112,0.3349926045278284
neuralNetworkClass 	class coursework.ExampleEvolutionaryAlgorithm
INITIALISATION 	AUGMENTED
SELECTION 	TOURNAMENT
CROSSOVER 	TWO_POINT
MUTATION 	STANDARD
REPLACEMENT 	TOURNAMENT
ACTIVATION 	RELU
COOLING_RATE 	0.0011
TEMPERATURE 	100000.0
TOURNAMENT_SIZE 	50
maxGene 	3.0
minGene 	-3.0
populationSize 	110
maxEvaluations 	20000
mutateRate 	0.95
mutateChange 	1.6500000000000004
seed 	1646684373006
random 	java.util.Random@3ada9e37
numHidden 	14
numGenes 	129
Training Set Training
Fitness 0.013305959794723446