0.3914381898441238,-0.9335540051806711,0.982135552240481,0.27337524324732365,-0.5618558757056231,0.5219502537419433,-0.045481352514332274,-0.36621741513250927,-0.5426168177268906,0.30958052984353734,0.7182988356130423,0.4305140829046895,0.060404030360826755,-0.09307452341349043,0.37731428035236847,-0.6657340561039597,0.9692758739623789,0.4099222455312509,-0.430150924601852,-0.4312147930593533,0.015213737332285038,0.18438957218223828,0.12856601152282254,0.5873136178424058,-0.13876373149952648,-0.8683976263490566,0.6741521229500652,-0.39192957132014494,0.5583778702663468,-0.9963788797925243,-0.3584416201714744,0.1336688582325497,-0.9995384944750753,0.7850028735199605,-0.27793272558686444,-0.31115230857022547,0.9103241485194077,0.2347503646511261,0.46201554181057014,0.9954126476225756,0.7795419066037167,0.32867490821243195,-0.9697063097156623,-0.21580374857027396,0.5167774032332232,0.4136337195172103,0.6984322141679812,-0.7937368069878173,0.3796528153204227,0.9789741625125677,0.898480236927269,-0.45826825046110775,-0.8302868773275102,-0.3896326500288998,-0.9834709190229688,-0.2274566678497858,-0.621798939385608,0.9298078657187322,0.4602352052838278,-0.9735607946610861,0.3678842780602153,-0.7280624207681983,0.6281788836249759,0.5782017110415384,-0.7916658277152105,0.3264416259489885,-0.00887081095917508,0.9474177363322022,0.6451099304023643,-0.8412772670549699,-0.6860562686340708,0.8260427230420467,0.6461386675463375,0.5405135678927059,0.5767918303887042,0.22877592542091663,0.3876986531847141,-0.42092500064064997,-0.6149430348601039,-0.5695465975941383,0.533922027391626,-0.1760737537064001,0.3328353377489871,0.5654923465311829,-0.21948495122266998,-0.1412534336083211,0.6086254272464052,0.0880568264174929,0.12804356423758512,-0.7846777519913574,0.820726693099756,0.7336136580441696,0.8929597932866334,-0.6540771939158698,-0.031043160609123932,0.7984275394286912,-0.11298961011547837,0.7722300070217732,-0.434128299716541,0.9762986039455627,-0.49234607231389527,-0.8768043753758489,0.9256666077503398,0.9572309929768731,0.5394282787261845,0.7262068261821145,0.26281775712660804,-0.30013819831944066,0.5919200816972204,-0.9123607319970403,0.9030420440488715,-0.3992534412826485,-0.052849414894486024,-0.3507674726604597,-0.15528163992954314,-0.2266662498734131,0.34938421984090373,-0.8388724058011866,-0.6445581765526069,-0.8441541766577446,-0.4205859098409379,-0.3316321013670249,0.2499016787416738,-0.3082422904725761,0.16127478256183603,-0.5439297324646926,0.7475958252486349,-0.6322942662979205,-0.17029599722599387
neuralNetworkClass 	class coursework.ExampleEvolutionaryAlgorithm
INITIALISATION 	RANDOM
SELECTION 	TOURNAMENT
CROSSOVER 	UNIFORM
MUTATION 	STANDARD
REPLACEMENT 	WORST
ACTIVATION 	RELU
COOLING_RATE 	0.0012000000000000001
TEMPERATURE 	100000.0
TOURNAMENT_SIZE 	90
maxGene 	0.9999999999999999
minGene 	-0.9999999999999999
populationSize 	110
maxEvaluations 	20000
mutateRate 	0.95
mutateChange 	1.6500000000000004
seed 	1646684373006
random 	java.util.Random@3ada9e37
numHidden 	14
numGenes 	129
Training Set Training
Fitness 0.14151209514691643