0.4754653999941144,0.031677910009741406,-0.9059486437898824,0.6384779838688538,0.7692444409069595,0.48773550821852407,0.9846394691253119,-0.07989780718230133,-0.988837836979859,0.7567222625823461,-0.34195173132638224,-0.013352462694543599,-0.38179678225755476,0.921127298481396,-0.18814944158820635,-0.84353938384097,-0.16868315246768062,0.3306034420732017,0.7676649245310644,-0.5252957340855293,-0.5859830591741331,0.88397601774486,-0.9600426014159947,-0.4816997160598626,0.4504859127900894,0.8568909859456474,0.36181512341931155,0.07536385224780606,-0.20496931596070467,0.9964203319567707,0.10046889644112078,-0.45685745260012256,0.36338155152620344,-0.7065353805923522,-0.5970443479174183,0.07894374485086375,0.5632264687381182,-0.9251089169601209,-0.604412632937366,0.9936959791243322,-0.3028328197645971,0.48136120796199633,0.0704524018306204,-0.7022318395657206,-0.8557331204357056,-0.9264908767456722,0.8957025213379729,-0.7477501717428834,0.11303833619281234,-0.19657710970791742,0.591279739878645,-0.6919423734242018,-0.3769357842029466,0.5891950739006663,-0.3493841319213833,0.4766904815006815,0.5382486340772387,-0.5303702339967631,-0.7948612047088913,0.5622258327101685,-0.552447503202462,0.9442439688707541,-0.3916323215366069,-0.24429357310730748,-0.5780775272037202,0.06264711931312583,-0.04013031776955178,-0.19999933140776882,-0.8212256749204866,0.18232913508331994,0.2059240775143235,0.44850034681618245,0.17261698719175345,0.5337895774421416,0.12907973791721294,0.6385041297583737,-0.3939900878459508,-0.5088566259752623,-0.2848566889095616,-0.15577391215838854,-0.3626508335453571,0.13964369894075268,0.849935716156197,0.5319471166453141,0.7416604664771757,0.7199546782823006,0.886720510352652,0.5388507769220147,-0.9189092200848278,0.21596039196131456,-0.9871368605556007,0.21417604123081457,-0.5328743385443999,0.33774947932839117,-0.183782877193869,-0.6250671983462257,-0.04275701757524897,0.26632457747282745,0.5256412604648298,-0.8268187663610124,0.4751930251834563,0.9854187257697539,-0.6000605902445406,-0.8061048513949446,-0.6958147745623597,-0.07441209202898569,0.29881128313979277,-0.42393304373438134,-0.19411222739733858,0.24071968933425458,0.4457073560912085,-0.5730658816313736,-0.7055303930000696,-0.2107735568111857,-0.32624760405894904,0.41234498337211434,-0.5332950079505263,-0.20956957256254571,-0.8516552516121049,0.9631869398326481,0.20841204935765034,-0.1050141413006298,-0.7083845157993804,-0.9179751926221064,-0.02469406511959349,-0.24283036986704198,-0.5494229602583174,0.3617820430999966,-0.990304280820478
neuralNetworkClass 	class coursework.ExampleEvolutionaryAlgorithm
INITIALISATION 	RANDOM
SELECTION 	TOURNAMENT
CROSSOVER 	UNIFORM
MUTATION 	STANDARD
REPLACEMENT 	WORST
ACTIVATION 	STEP
COOLING_RATE 	0.0012000000000000001
TEMPERATURE 	100000.0
TOURNAMENT_SIZE 	90
maxGene 	0.9999999999999999
minGene 	-0.9999999999999999
populationSize 	110
maxEvaluations 	20000
mutateRate 	0.95
mutateChange 	1.6500000000000004
seed 	1646684373006
random 	java.util.Random@3ada9e37
numHidden 	14
numGenes 	129
Training Set Training
Fitness 0.13178709654124846