-11.853799595931582,-4.237044210813481,10.671483321558698,6.842584293988471,8.485452657011821,22.065391705477552,3.796874903795512,4.263420088678484,-5.128962698644097,3.652808700889146,-3.2156940653507435,10.495441896982838,-8.960125658924799,-10.90154075329507,-1.3535133664045507,13.553039521277947,3.4254294286630236,-7.177560733007455,-11.15569794120932,8.004061147091246,4.950471168058322,-5.482797203374545,7.857943089309659,15.156712477902223,1.2376062456225592,3.6464034244439123,2.8251711431073874,-2.8881338844113547,-3.209884247352324,-8.698866357156701,-11.957199016649092,-10.66190497222452,-1.420392671762738,20.71598952226077,-5.8947851224024035,-6.061150925955175,15.448476223185784,-2.296749122514954,1.268961319508234,17.380808497699277,-9.455843942200852,-2.2931762245353298,15.335219702596303,5.839550497981875,-9.001375776335138,-4.641546151607169,16.482153247438845,5.243282731945277,-3.849390203634803,1.4370756759440564,17.25690118326552,13.507498758429726,-0.3205625830604033,-3.9619744997914434,-3.5478012280552536,8.203027125955003,0.5284251094493762,-6.247797830430676,1.8453478095314662,4.98704798101474,-2.057763374383443,-12.913878552761911,-5.732506123027267,0.3512686846164037,9.226575724873145,0.022167285467888043,-4.401099447457593,5.7035500711729235,-24.38990705854617,0.474204202091534,-2.04885298895387,0.09889324899531449,15.397358703893984,-9.712925895467553,3.649907481502492,7.522799429826145,-5.001756177858665,-8.790641659238416,-14.027791875217615,-12.545371796481424,8.80302915105959,-4.6628515200173,-4.88021161385255,-1.19931198785806,5.394054623882473,7.482425625804778,6.775429967164152,2.386403209818167,-2.656301463423942,12.813009832431824,2.241850541560366,4.1340075996863055,-4.35503590309083,-11.50810265649745,2.0029952335491648,1.4768290226689906,-6.045063981135626,-2.5378316124255154,0.2752886383434241,-9.526663642555219,-10.49714984175939,3.6794997921265615,-4.9683492196515955,-9.41627277615946,-7.626490951912327,7.087684670686034,2.483810506582289,8.058949272933813,-1.8767453076648035,11.163412635876794,-7.351316293648177,5.166653566800636,-3.0302992839261513,3.024930223718213,11.852323757682733,2.090687626627748,0.46790347042839553,-1.9949438936796167,-10.559822747723231,6.140348975085414,5.944642502700508,-1.4176137020457071,-1.2348787378730215,-2.2072746525122593,-5.541039747869359,-3.804614530501312,15.364985475942493,6.616056998070844,7.691098587765856
neuralNetworkClass 	class coursework.ExampleEvolutionaryAlgorithm
INITIALISATION 	RANDOM
SELECTION 	TOURNAMENT
CROSSOVER 	UNIFORM
MUTATION 	STANDARD
REPLACEMENT 	WORST
ACTIVATION 	LEAKY_RELU
COOLING_RATE 	0.0011
TEMPERATURE 	100000.0
TOURNAMENT_SIZE 	90
maxGene 	3.0
minGene 	-3.0
populationSize 	110
maxEvaluations 	20000
mutateRate 	0.95
mutateChange 	1.6500000000000004
seed 	1646684373006
random 	java.util.Random@3ada9e37
numHidden 	14
numGenes 	129
Training Set Training
Fitness 0.0985138035636347