-4.926532968323591,9.267885755869496,-1.392889684530875,-9.999924306912623,-10.7439092108792,-2.6362841384390903,1.6651858219082252,-10.021180017170405,6.426734381508,-4.5747462701087525,-4.0796341586409,11.584929359427289,3.0162869994135515,-13.84396197880895,-9.085349511197514,-3.637040800908096,6.606382082734053,-3.9930964395363735,5.227795427903622,-12.821124785499368,-0.42217910893984545,5.052592767235037,-8.007178074913174,-2.1263650070126676,13.964417517287748,-6.307284589161995,12.863470293606458,10.064878926190769,-3.133446372992019,1.73429706342782,1.3728648617686554,-12.610686542528807,10.729045469516661,-7.323152734525953,5.62892490710866,6.052088270140407,-2.883399858791309,2.7969357691113235,2.1115737489386017,-10.0116461555336,4.805770110380649,5.87422876431543,2.8918421544218385,7.2752883557791,3.316290600421011,-11.549459475251595,0.5477139106704341,-2.8711956063416917,-4.0631971570350975,0.370673658919066,1.3319542812301037,-2.908180728272888,3.5367329333433557,-2.3362291709105936,-3.3333265094154925,-4.588291843844968,1.326238842965262,5.053207075039087,-3.617158833963466,4.247636941948714,-10.95381515551504,6.619771408879799,2.909567894778932,1.1121785953543197,1.778535371672091,-8.150350898208172,-3.856706478202363,-2.4669492109609945,-6.006205089610971,0.503842735169683,2.0874400455184645,3.2782569256459,-1.1219088397763812,3.1115940549734793,1.7373116446247092,2.4690290824059797,-2.0546934504056438,-7.382735131586756,-5.1633256005666315,4.42115614895441,3.892211858152618,-8.871445863801661,-3.88443308323186,-11.678935534329732,-2.5577411591542303,-4.252297709856714,-11.858688625787638,7.5589119687310475,9.513843956487298,-4.1781463816475455,6.570070996804292,10.864489701452197,-2.5162433283725743,-4.833285531868956,8.990546058785569,-5.955397529587513,-7.012339469661974,-4.400852381922332,-1.8732637530333713,2.722672707831146,6.3232408443089465,-2.3548596246609517,5.897778654904602,-3.902095090795698,-5.99337890840601,2.307769423822418,-14.275549553141184,-3.093395572611872,1.0763542129825892,-1.3224014195147449,1.6634873517371975,1.1840220894342952,-6.891059156197677,2.535878600714123,0.8208762086481434,-6.756534429380162,5.4703688853321815,-1.6794814913485787,-5.20291661270631,-6.261873554559102,-2.568224550932163,0.570482128300223,4.174039465787587,3.88982747144252,3.196896572207673,-5.776117711593764,1.2735227032028478,5.933388440260593,3.290739035228741
neuralNetworkClass 	class coursework.ExampleEvolutionaryAlgorithm
INITIALISATION 	RANDOM
SELECTION 	TOURNAMENT
CROSSOVER 	UNIFORM
MUTATION 	STANDARD
REPLACEMENT 	WORST
ACTIVATION 	LEAKY_RELU
COOLING_RATE 	0.0011
TEMPERATURE 	100000.0
TOURNAMENT_SIZE 	90
maxGene 	3.0
minGene 	-3.0
populationSize 	110
maxEvaluations 	20000
mutateRate 	0.95
mutateChange 	1.6500000000000004
seed 	1646684373006
random 	java.util.Random@3ada9e37
numHidden 	14
numGenes 	129
Training Set Training
Fitness 0.07298019224532942