-0.020314515480360784,-0.2768270625737044,-0.4609173206443149,-0.7800840492739148,0.8333121248272805,0.5367876631936827,-0.315270615401418,0.6194670668386723,0.8765808427466629,-0.803938468839886,0.8392245164830804,0.4189523079846159,0.7411076813897849,0.3933506054408181,-0.8180785046938376,-0.8781691722919295,-0.831749562863532,0.052341317756493644,-0.7130139643174922,-0.3199526925786942,-0.18108310871433697,-0.5799706983365345,0.12779853006661746,-0.0659458124219734,0.7424529155300997,-0.9358841109586943,-0.4937087050762252,-0.2177204490372222,0.5069273800032327,-0.9159077347220125,-0.4996637284922285,0.2380049415864537,0.7064568531539693,0.560860310446431,-0.38550198046624584,0.8048463572587891,0.3811118822648759,-0.1339467844073896,-0.06962538490293557,-0.9983217847637479,-0.24477622358396167,0.8746393860996281,0.9493011988227192,0.2628200599111886,-0.8117542549046638,0.23921573690249043,0.3829473306605865,0.226677540277045,0.20444530875051814,0.1919942285787285,0.1828585865034137,-0.21751978258726434,-0.3195711300680735,-0.20868634472673153,-0.223831561115597,-0.5114312228575835,0.8590808344570054,-0.7708005317368548,0.9035669776232681,-0.4335464783969116,-0.7769104751824639,0.45694633907033755,-0.917285957960719,-0.7861872938370728,-0.12638896780712416,-0.6675554185761212,-0.955879819473184,-0.758661871849979,-0.9826602450399106,-0.3193278302587279,0.22571675602190433,-0.30763739857354433,-0.6366206528329696,-0.31870011656347974,-0.018419864149638032,0.09766063914447132,-0.516002255324143,0.9528162475493295,-0.1548131725575812,-0.6296605759526894,0.5970121883525007,0.3753975813005107,-0.6152429380367925,-0.9385570336133916,0.46225579379739157,-0.5420891766147022,-0.8513697964170576,-0.7739045413452664,-0.9063511927287023,-0.32449716687344266,-0.23689715788426224,-0.06151959219634362,-0.37133810319210414,-0.24400879008667076,0.40458985139281156,0.9752391405428712,-0.57400868115832,-0.8749818501683632,0.5547543305183237,0.34305776247123665,0.964789485160117,-0.23454084173088519,0.9502915689024728,0.5861342418501984,-0.8206421592718641,0.4872799632961827,-0.30007347829175024,0.6556114712178495,0.9092091196077748,0.0043641752674413725,0.4172998601568504,-0.9049744504469514,-0.10228849896620429,0.392187950358177,0.01053729510162349,-0.8230484993824768,-0.5647723522508383,0.08558656453976299,-0.3532184139166703,-0.6172822195393923,-0.46136186969071,-0.4149033874500505,0.5050006087340043,0.8684101752614858,-0.6450212003433289,-0.8608184073826436,-0.11384406112987788,-0.17744632463515608,-0.2659733508118567
neuralNetworkClass 	class coursework.ExampleEvolutionaryAlgorithm
INITIALISATION 	RANDOM
SELECTION 	TOURNAMENT
CROSSOVER 	UNIFORM
MUTATION 	STANDARD
REPLACEMENT 	WORST
ACTIVATION 	TANH
COOLING_RATE 	0.0012000000000000001
TEMPERATURE 	100000.0
TOURNAMENT_SIZE 	90
maxGene 	0.9999999999999999
minGene 	-0.9999999999999999
populationSize 	110
maxEvaluations 	20000
mutateRate 	0.95
mutateChange 	1.6500000000000004
seed 	1646684373006
random 	java.util.Random@3ada9e37
numHidden 	14
numGenes 	129
Training Set Training
Fitness 0.13987093887279906