4.592544866327753,-8.266718891391257,-4.459239085616617,5.656366332101046,-7.684874923578173,7.148652851365654,-7.801964474461924,16.56752982894242,0.3785825449829181,-5.071938041794898,5.2186790550066835,-0.7165019262737422,9.43433903983888,4.591230813030553,4.1176455028132155,-5.4245660825065425,14.915134854442847,-5.945716330120362,0.8353883322001883,-1.4847851718118594,6.38372130808791,6.869117925437147,2.534928201959092,-6.964459812738502,-7.0052568477793695,3.8163669171207033,7.674434050259303,-3.7655776367850518,9.13693936193234,4.593985679984637,11.01209389478937,20.129174306410356,-5.46354155419235,-7.420966637875101,-3.167530239322341,-11.330692918435505,-25.446739442133754,-5.886723574114676,1.7034580036926608,-3.1404547622040955,-2.2587530191290615,11.02378149288245,11.780393633208407,3.0734644363456516,13.068931918280478,-5.1622869439455386,1.4187622234954498,-5.844944971594791,-5.8888587462382915,11.7861016955872,-4.960597152133943,3.559810504924883,-19.826601437533256,-2.1856100663334903,-1.6399915070882356,16.178735307786706,4.9493235575287535,5.678115383305521,1.8641524968019318,-14.632033132345425,-4.262450402438457,-10.61628400136591,7.568939635042822,-16.441045291352896,1.6977437603392929,18.46916722911549,2.1906613013732734,-6.588667937759713,-2.208220889131254,-5.112710506079729,3.7071510975563386,-11.918209617848376,7.3032953597276595,8.38912300210852,6.682739316156394,-2.9652579206535368,-0.5005246967040273,3.5729790292745074,4.146996885824063,-7.079403279678324,6.980832198332804,6.894191482699091,7.108623231941092,-7.888445551399085,10.3372898102898,-1.2072230194197768,9.553579323125415,10.433570180544647,-10.995662962733523,6.273574968703686,0.9008147078480278,-6.006578214397411,10.573747719650811,12.154009617774221,-13.416322541875294,-6.177278379364417,-10.615332594859067,14.410585282381193,4.020735400177467,5.708310242406753,-3.057959386316191,-6.918607470894507,3.4954230804178383,1.4273127011092575,-6.696882870461742,-2.715398340852442,-1.26069629881719,1.2157266950795922,-2.2260309539969185,4.136344217431799,1.752231848380772,2.5161466265417785,5.751506447238647,-8.100213953118402,4.922728000729686,0.27497424744050125,-16.11901837338109,-7.795201339460871,12.513328500440092,-9.29874093260865,-11.691523012052956,-5.617508589460915,6.168681750697534,13.628613993954895,5.917381306649272,-5.8085373129682125,-2.469386435384429,-3.2115550760414164,-0.5401425476668802
neuralNetworkClass 	class coursework.ExampleEvolutionaryAlgorithm
INITIALISATION 	AUGMENTED
SELECTION 	TOURNAMENT
CROSSOVER 	TWO_POINT
MUTATION 	STANDARD
REPLACEMENT 	TOURNAMENT
ACTIVATION 	RELU
COOLING_RATE 	0.0011
TEMPERATURE 	100000.0
TOURNAMENT_SIZE 	10
maxGene 	3.0
minGene 	-3.0
populationSize 	110
maxEvaluations 	20000
mutateRate 	0.95
mutateChange 	1.6500000000000004
seed 	1646684373006
random 	java.util.Random@3ada9e37
numHidden 	14
numGenes 	129
Training Set Training
Fitness 0.014063934689491249