-11.512707799739312,-4.063196933067083,2.0556802841181057,7.674596759769409,0.8526934125977608,-3.9762425581367706,0.6410499209865703,-8.116687558770177,10.591598861892633,0.8557856904093564,7.653045478210263,-6.7944212294590205,9.586678883579104,-2.0862420025368023,-0.6672662811062793,1.797385446781865,5.7502935914237066,10.68069724411886,11.993407169024053,17.687853349363813,-3.11367838260034,3.141018027934935,0.7681642697768911,-9.24470646609618,-1.236471661142029,5.879375540024669,-5.184542912269205,-11.312657560562883,-9.149737403592962,-15.773917438553639,3.732204691033404,-9.948375102901592,-8.84323670275786,-8.323083052311052,-8.985698187420581,-6.021992362600443,-1.8846658751981238,-2.7665033867988083,10.032090854935117,2.965614029658708,-3.199867967188327,-0.9837377318943812,-1.6964038378519515,4.37738147503894,3.697301398877914,6.645464976098667,15.001055575910534,1.9220512966495074,0.48266617947198664,-6.183584616200935,-4.9334808295010095,0.9980898978660022,-0.4518201598191913,6.76361296576899,0.5400160402803396,-6.263847745539904,1.8398161460352043,-5.93577022705311,-2.5309690465600116,-5.673696887389847,10.878567467501405,-6.775215216459761,-6.279241179784888,0.003325554191243363,-0.7672957824224031,5.475703362054523,-11.841153169506889,2.6880534285585203,2.893429460203718,-2.3831827438718864,0.4740627368954735,1.2947739969565202,5.177550209727263,-13.537283329170592,-1.1264333905571506,-0.3856439421977944,10.789772177146656,-5.4697717468901175,11.186194227567857,-11.380130320575487,5.523703509148646,0.7911532485677091,7.831396873279692,-2.733928724206307,-6.385355098713266,3.831753204735959,-1.872784295006431,-5.433761889393605,4.678722508399628,2.4663392779508975,0.22790368467249156,-0.4205542598778935,5.93190554604078,0.2456716586460228,-6.31545785487039,0.07849040537256524,-13.421062809322427,9.581740496199105,14.41223314545453,-11.756730463932602,4.146188548792312,11.228858773258038,-10.074815620117871,3.8865400003248265,-7.196068016572967,-1.4331475398876021,1.6921146832289748,-3.544701862957721,2.7822992070669192,-5.299894250650242,1.7691828414496005,-1.9706815974403717,-4.471437212576391,-5.5470212654428614,0.8099381910510131,-3.738100664280461,8.569967990728188,9.58740551705137,8.784203356135848,12.94069241250492,3.4947186274078748,-3.636452856833202,-7.44321402563812,1.562794672512343,-7.77208919386829,-5.2041351993664575,3.965131173278065,8.340925146640162,16.999944369034544
neuralNetworkClass 	class coursework.ExampleEvolutionaryAlgorithm
INITIALISATION 	AUGMENTED
SELECTION 	TOURNAMENT
CROSSOVER 	TWO_POINT
MUTATION 	STANDARD
REPLACEMENT 	TOURNAMENT
ACTIVATION 	RELU
COOLING_RATE 	0.0011
TEMPERATURE 	100000.0
TOURNAMENT_SIZE 	20
maxGene 	3.0
minGene 	-3.0
populationSize 	110
maxEvaluations 	20000
mutateRate 	0.95
mutateChange 	1.6500000000000004
seed 	1646684373006
random 	java.util.Random@3ada9e37
numHidden 	14
numGenes 	129
Training Set Training
Fitness 0.020772356475374724