5.581037989541968,-6.70314703647372,7.562116264530967,-11.667973269927142,4.489097411917305,-2.167365478618306,-7.950174763618088,-0.6037524220213459,-2.156165857798065,-6.82057164879768,-13.872756092206481,7.893510315245619,-0.6294178277315119,-2.6385923338741595,-2.0507407254715453,-0.9324932226954719,6.973699192571409,-14.38974190698758,4.880175199863594,4.040916269879087,2.5160067558803796,8.08935712599186,3.7004256659738224,14.011478765734378,18.066899777301195,-1.8689751691181336,-0.8454432207859579,-12.050812541801783,10.194887996082606,0.8342189462875105,0.7331609712181129,-8.0245720073294,9.098746312583371,18.99628806511074,-6.576900415794713,2.2252003469138186,-2.582117052265793,8.622057405397861,-4.389668533938511,-10.023027557761846,-0.08274864893655565,1.1091688619777074,-13.222406877698225,-12.789348747436382,1.8012110309730236,-10.117005654827748,6.964731097232378,-5.879907682818423,14.092501677727146,18.145317700810466,-6.363409657805304,-1.7892393753826497,16.265261382789774,2.072225463311698,-4.17373651811716,-2.5448320720609114,1.9871149835013373,-6.772991556759983,0.42912420836875587,10.308151861831483,20.239779842110934,5.596467219727515,-8.459082435702657,13.653570274567668,6.881145964012257,-10.549784713764721,2.9680102461075233,-12.122504679975394,-1.1555182384229479,-7.351583572476585,3.0704925676800645,-6.592461580698773,-4.582934008567136,6.3203258240513165,-11.399456458816688,6.8329120010182915,-1.3713469002253103,1.4501965352064357,-8.831381951677079,-3.482627511270774,4.618852290286038,-6.082341485388069,-5.372567531933698,-8.353513257705643,-2.92132798670759,-11.5122769834247,6.708649719832,-3.7825362435171304,-0.4748480218649851,18.481112861244092,-3.520415417018329,-4.415914513264243,6.469179309631757,-8.571331999211285,8.007173142634448,-11.088926730843843,13.775254894968754,-0.8258815190623938,-5.826127198532168,3.721517792905024,-1.6118506704578746,0.5875673477467487,-7.414921194932351,7.987801263651372,2.665060251763939,7.537572238654027,3.3900680587960377,-2.879264932626773,-13.146949408028405,10.542758912450276,1.2083998123769568,-0.6465652606061365,-5.309772752745658,4.334450324979098,1.3111272667654195,3.295749122104082,14.985281891491882,6.509839602064492,2.8010956438938557,-1.5981403228569566,-6.556305182500314,13.090781908544141,-2.7809782629463413,10.347960599632861,3.6600727790580843,-1.4236713270496164,-1.9376774299536237,-5.799043208836576,-5.215240807930213
neuralNetworkClass 	class coursework.ExampleEvolutionaryAlgorithm
INITIALISATION 	AUGMENTED
SELECTION 	TOURNAMENT
CROSSOVER 	TWO_POINT
MUTATION 	STANDARD
REPLACEMENT 	TOURNAMENT
ACTIVATION 	RELU
COOLING_RATE 	0.0011
TEMPERATURE 	100000.0
TOURNAMENT_SIZE 	20
maxGene 	3.0
minGene 	-3.0
populationSize 	110
maxEvaluations 	20000
mutateRate 	0.95
mutateChange 	1.6500000000000004
seed 	1646684373006
random 	java.util.Random@3ada9e37
numHidden 	14
numGenes 	129
Training Set Training
Fitness 0.010302047090758834