-17.35358197543563,-1.9302269358732271,-5.474463781580317,-2.1989702033693437,-1.0098419856839351,-17.297067208684837,14.454561860351255,-5.36121026090122,-23.544226771542803,-11.372533218197137,11.424853792356245,3.473385467953327,6.404642929262566,14.405547965741901,-9.410825766974643,-6.4090104195896,1.9763490582861145,20.392788323891615,5.427434440485516,-14.324897682038827,20.515723117855778,4.69070330333291,-4.157814769725485,27.511933140734328,9.186812578596706,10.144470532850987,-17.691962434544457,-13.525950246108923,7.4252714215231705,11.18738332077923,9.116166797306317,0.0467878351953388,-18.205653526156837,-7.4310487265683545,13.487469253492629,-14.13379299691189,-17.989195848123103,-5.6233550786395305,12.447865854951482,-4.920825767311869,-0.30418267269097043,0.6718302852787028,-12.933330548791961,-12.784540377696455,-4.918002338531657,-7.341518054065138,-5.596149582279871,-17.221482378761223,7.8714377946417375,1.8388151381446374,-2.605535863918565,24.365929502251028,-8.159206409694928,-3.3669784975655217,-1.9315835270460724,-4.127721011685168,13.928112016368871,7.750839411915274,2.6611741551577275,11.006526546704322,7.062281249604549,2.4507387835220733,-0.8340564483055859,-3.6272499697352405,3.7096509539068663,4.458045454919906,-10.43973588600151,-6.182589772228212,12.213543033808241,-0.7136221803266167,-14.390114307458033,-9.761897808162908,-20.658954660598823,-13.432684397313317,4.4102215152098,2.328046916753344,0.5276515458478652,-11.258734005071652,-1.329414315577763,-1.602625068894877,-3.7760160479113374,12.598041483701927,-12.071146313988653,8.266552309802066,-12.349994108690593,-9.871290719163186,-8.64590048694815,5.869093255450974,0.05080424096907521,-0.9391822469740614,8.902187732082293,-7.1699954651281015,-0.32580663220508566,-10.652843581826492,-7.115779091322915,15.653199232196648,-5.3459370382271185,11.963747511039534,12.690163873467935,-10.494582338494999,-9.065433625587538,1.1458187784304528,5.429888851860262,-8.524011720504909,8.308915144413286,-26.948950541437135,-1.1386934495833536,12.221060529387794,-9.677280260485832,-7.812565910041906,-2.229829338200034,-5.582266176518258,13.855487136659942,31.0286495305689,5.948564951332143,2.4078107513398077,1.495057084618514,-16.037138836905296,-5.710995179638955,9.502691440223973,13.508433157809282,7.481450501901541,-13.681494482132456,2.9502302818793975,-8.561366386892448,-2.5378072290248106,1.0418920882833644,-0.2188323669090959,-10.029138400172693
neuralNetworkClass 	class coursework.ExampleEvolutionaryAlgorithm
INITIALISATION 	RANDOM
SELECTION 	TOURNAMENT
CROSSOVER 	UNIFORM
MUTATION 	STANDARD
REPLACEMENT 	WORST
ACTIVATION 	TANH
COOLING_RATE 	0.0011
TEMPERATURE 	100000.0
TOURNAMENT_SIZE 	90
maxGene 	3.0
minGene 	-3.0
populationSize 	110
maxEvaluations 	20000
mutateRate 	0.95
mutateChange 	1.6500000000000004
seed 	1646684373006
random 	java.util.Random@3ada9e37
numHidden 	14
numGenes 	129
Training Set Training
Fitness 0.01878971714780673