3.3400356703756975,8.235721016374235,4.934954177845594,-8.269559360786317,-4.889333112266055,3.2323286501010067,11.529079927277719,-16.497481418349363,-6.699107075102916,-5.014952140786386,-8.223951511431641,8.282452811886206,1.7165518707356333,-1.6583648434888159,-6.5634951452684795,8.209432417256906,-11.603143201815213,-3.296856048891751,5.000662046092797,-5.025785086494898,-9.902039372478349,1.611838966996042,11.467807661334387,-8.258491537508608,-8.320870284430303,1.7412448772915061,16.51327319118655,6.660733993634158,4.921244094324823,3.286845814509901,11.640259946683456,-8.280358967589441,3.2005065350597324,6.588179336768757,-1.6522955196145377,-3.3068972832718835,-1.635343513360338,1.6265447378035018,-1.5895946361763889,0.06851698743513968,1.5646491865508612,-1.712727779159187,6.613922360104155,5.0395925289827055,-1.7183258750535533,-4.998523903169573,-3.385701984348988,-9.998100420850825,-4.992448749754203,3.289441589781858,4.951440799406649,6.606417267494937,1.7359573149629375,1.6162715456090053,5.0350479507219585,3.331410829841036,-3.247401272541559,-11.559854256053828,4.993235245070261,1.618323376901945,11.524361571737288,-3.3154777573669163,8.326580053927287,9.88396871861543,3.2306332368656756,-4.852163389835043,6.644072992119508,13.119163096106865,4.85440438525341,-3.3722684829147784,-8.327487425406657,14.813035382085486,-0.09357607336245244,-0.018424239593091585,-8.272833578620043,0.05260676684882171,13.142593803451238,-0.028991730544495553,-11.540938488526198,3.388832600983748,0.052954325076611575,-4.854530732827399,-1.5969448757867557,-6.516849452250481,-8.29997490559187,0.008157341210845104,-1.7091228685339637,3.3526808298749877,-8.23506965877872,8.327577639580657,-3.2853766325268285,-3.232424163904862,-11.578348264728248,-8.191176893213987,6.578718893670388,1.5706180219381665,8.302915782585256,3.2709571295522997,4.962159018681973,-13.162983475476162,1.7456369226353141,-3.2596574521267883,-9.87212503229077,1.721454456826626,-1.6904985013301523,6.61448862970065,4.912360239925377,3.249790503656153,-0.050808051196896464,4.926964026028516,4.956232646236352,1.554419893609329,-6.661085516851363,-3.2988495879018895,-1.704803814795529,14.775151491644811,-1.6026923717935038,1.6190880478447154,-6.529094104312243,-6.598440783430976,4.941473184922259,-8.198609024278138,6.642527945668027,9.86811760317152,-4.889214990360294,5.045186270001307,8.282326254307497,-1.5699670877485001,3.294295252164276
neuralNetworkClass 	class coursework.ExampleEvolutionaryAlgorithm
INITIALISATION 	RANDOM
SELECTION 	TOURNAMENT
CROSSOVER 	UNIFORM
MUTATION 	STANDARD
REPLACEMENT 	WORST
ACTIVATION 	TANH
COOLING_RATE 	0.0011
TEMPERATURE 	100000.0
TOURNAMENT_SIZE 	90
maxGene 	0.1
minGene 	-0.1
populationSize 	110
maxEvaluations 	20000
mutateRate 	0.95
mutateChange 	1.6500000000000004
seed 	1646684373006
random 	java.util.Random@3ada9e37
numHidden 	14
numGenes 	129
Training Set Training
Fitness 0.023668806344140324