4.193819475099227,16.20293035882665,-0.5237117036273755,-15.629540005638926,11.06002125421775,5.8472978292127955,-0.6773160886212581,-5.892936358570099,-17.062250047213027,14.092013268053163,7.813128861405703,9.66417632463171,-1.2634751064718994,-26.736038335004913,3.4134866100782455,8.03234874712915,14.93741489582458,-19.517136613001924,7.651981233367893,22.290639573872028,7.478793262717719,-1.1085428960035966,22.69624440185259,10.241217642537022,-8.31490053266451,3.2091924865792176,-9.54471062508122,10.57725922674972,10.540189191755152,-2.302673018648333,2.089801450322696,-2.588913602038324,-19.148168072414485,-5.742551166574153,16.822639000819755,-8.394094755188778,11.939306298501736,-2.6926697190728675,1.2989450745909679,4.156596874896543,6.493801410105709,-5.350590862444001,-3.394798985867423,5.516935322209445,-4.246254499649028,1.7297477303916544,3.063722364089334,0.03190352283121278,-22.153034296932944,0.28366926837948814,2.1076126827867223,-15.234740908931476,-1.3357843110501761,0.6364337408886485,3.189310707749092,1.2798873012429652,4.0679229755056845,0.3492617173822339,-16.03033020730873,7.569302886155125,-3.5091740459435115,-5.453910319371296,1.2525762505644575,10.480097773780921,-10.683068793786953,-0.7873053188818142,10.4098355451754,-4.693202875230351,-6.0519608041174955,-3.2870993392140653,2.647232338009948,-11.080681850897824,3.9074603433533284,-12.084223943184721,0.6603395747636034,-0.8831799815579027,-3.8777349277330533,4.4634306270147,-14.3842071311875,-1.6900791163101125,-0.3752044569824209,-9.73732321455218,9.975597931244938,-11.676102006354697
neuralNetworkClass 	class coursework.ExampleEvolutionaryAlgorithm
INITIALISATION 	AUGMENTED
SELECTION 	TOURNAMENT
CROSSOVER 	TWO_POINT
MUTATION 	STANDARD
REPLACEMENT 	TOURNAMENT
ACTIVATION 	RELU
COOLING_RATE 	0.0011
TEMPERATURE 	100000.0
TOURNAMENT_SIZE 	10
maxGene 	3.0
minGene 	-3.0
populationSize 	110
maxEvaluations 	20000
mutateRate 	0.95
mutateChange 	1.6500000000000004
seed 	1646684373006
random 	java.util.Random@3ada9e37
numHidden 	9
numGenes 	84
Training Set Training
Fitness 0.011663085638013621