1.358223736450305,10.138162606626016,-5.1732582042575075,-14.793899181539361,3.9646017271246237,-9.559143440876989,-1.040249726214701,8.794278694816226,7.186456118204708,3.906599726381569,-1.900750550812485,-3.5189229107752076,1.560575626445075,-15.981365762519262,-0.022714334845790773,19.81561209647308,-5.357680975784315,4.912639227235865,-13.134157001426226,0.38086958038601093,2.9577396039654618,0.8883657504610944,-6.6925194461710245,5.042872602221323,3.633643537034909,5.940070721671855,6.347896602072319,-3.09022019415427,-5.40473323134527,1.9664326876503173,-23.56430882891823,-11.601879716882602,13.581803699711635,-8.471948690457765,-20.766106811766434,3.579540463490428,3.02806489059017,16.815556286465423,-6.2953801798578795,-8.429886934409168,-13.203910229157739,-2.026228578487099,0.03252599810214196,1.3254262077392598,-11.486411513824526,-5.852696161031304,-7.705494680902083,9.643345899565995,-10.213370266688434,1.9203484254515883,5.862397394892832,-8.147483222043649,6.852043386390524,-4.981581248018642,4.217251836599743,0.9783341075792933,-5.5794506014601355,4.172140005574898,8.908001220613212,7.379298507861984,3.484673157586527,-5.186839082932747,1.3041861660220944,0.2853296334111155,-2.2239436257946226,-0.9703405776547687,-1.8783228528628761,1.8707924091959507,-3.470186630772832,9.403846036262735,2.5671315391340066,5.058657858219662,2.3741373878898324,-5.363716186435412,4.801224061073601,-9.446604385273423,1.5864023181302045,0.3567698001643915,-5.037517473595687,1.713861601632237,7.992554189912957,0.9789427855573809,-0.4271397406167097,-2.796375044996047,-1.8403645893958194,-2.249294033417925,-8.362028058686608,-0.38016006892220755,-8.033172338085489,12.659972241105018,-3.3157824602095234,8.1529492304334,-1.686549573773238,0.40016463870026975,-6.558185391278877,-2.9818293233062,9.382896203815628,-13.442675954214314,-11.787942545319014,-4.474103147995907,-5.87046882241631,1.2255996568447802,-1.3260823817382512,-0.15319818360027693,-16.20886282364811,4.090317865190047,0.6893966784236798,0.5286292120449279,10.252517460267145,2.362750732245588,-3.3411578536670783,4.410301209615453,-8.228563288149218,-11.716879187420417,-2.443271807816152,7.805163463209048,6.076108762749002,1.3033091027823254,10.395206959387894,0.18885131943190903,-13.2210010496765,2.943146112138108,1.3170276948578863,0.7534355587976123,9.549748244619858,4.0590949766088,-13.838780647349694,-7.621823520537577,8.000577733666194
neuralNetworkClass 	class coursework.ExampleEvolutionaryAlgorithm
INITIALISATION 	AUGMENTED
SELECTION 	TOURNAMENT
CROSSOVER 	ARITHMETIC
MUTATION 	STANDARD
REPLACEMENT 	TOURNAMENT
ACTIVATION 	RELU
COOLING_RATE 	0.0011
TEMPERATURE 	100000.0
TOURNAMENT_SIZE 	90
maxGene 	3.0
minGene 	-3.0
populationSize 	110
maxEvaluations 	20000
mutateRate 	0.95
mutateChange 	1.6500000000000004
seed 	1646684373006
random 	java.util.Random@3ada9e37
numHidden 	14
numGenes 	129
Training Set Training
Fitness 0.011461107436136023