1.7699573394446535,6.673255060009531,-20.481528150017716,-2.6643344923165593,-3.0520434225509625,-16.53281490815378,-7.13020551672248,-0.3351362205557642,-12.870613286345598,0.42421205181207,22.914920191062492,14.044192279103092,-3.8706511209598222,-7.592049809362845,16.09329261543195,-7.670885953823937,-9.696064201007696,-13.040720769681613,4.793918358933249,11.788575987365588,-12.039650596456983,1.0244734385280028,-5.4724889169079916,-6.751431717099187,-29.849711973149326,4.4832541973064295,19.448214797451207,-7.58450388474648,17.77535237602131,0.24141196460329795,4.583502483114754,-16.717851434330214,17.42297371158822,10.727721148518604,-0.8294254258543035,1.0012551204696631,10.599502192169087,-5.3241173307520455,2.9310890005074945,8.169882511330908,-10.407755760444362,-10.595524905366617,3.744225502413796,-7.0318336862632,-7.269968860436675,-7.281607659003219,3.538624884091343,-0.09670688958130214,-0.7232014190356679,6.151879910119355,4.4217961633604075,0.7045699203299058,2.816655746702418,-5.748277254905222,9.951129466204423,-6.95216003459722,1.0983020632531542,9.774661803739065,-0.4763000631915686,14.307427875878712,-17.50843495111762,4.583743422912443,7.272593860081306,-0.07902189023428363,7.797308528977364,0.24549900895839372,-7.530226716565869,-6.103693157189523,-9.449738006775704,-8.483292248867981,3.9112606521507605,-0.31305173245396567,-12.079691994636331,12.16229989090902,4.949202769392553,-12.267643526542226,-5.720060622770054,-5.33963854043455,1.7178487829948068,18.494449210342175,-1.9952940410486288,13.988838658257164,-1.8203929848045481,-2.8461216073942985
neuralNetworkClass 	class coursework.ExampleEvolutionaryAlgorithm
INITIALISATION 	AUGMENTED
SELECTION 	TOURNAMENT
CROSSOVER 	TWO_POINT
MUTATION 	STANDARD
REPLACEMENT 	TOURNAMENT
ACTIVATION 	RELU
COOLING_RATE 	0.0011
TEMPERATURE 	100000.0
TOURNAMENT_SIZE 	10
maxGene 	3.0
minGene 	-3.0
populationSize 	110
maxEvaluations 	20000
mutateRate 	0.95
mutateChange 	1.6500000000000004
seed 	1646684373006
random 	java.util.Random@3ada9e37
numHidden 	9
numGenes 	84
Training Set Training
Fitness 0.01510762114961284