10.038833717130602,-16.408803620746667,1.955455392503989,8.828028629155341,11.599865674594684,-11.366935998447115,-15.447487577802049,-3.559254173063918,8.74944905025729,-17.130601100819213,17.492240304401626,14.906046025665942,-1.1012737115195588,22.86038821337474,1.4561090369873897,-12.610809617108739,17.935322058134176,6.171273992504894,-6.194840530266466,-13.076970667608471,-10.338394140269601,-4.3950644483979024,11.024525763147587,-10.926987220628318,6.209523159243533,-8.260708001130208,-16.63658019184632,6.608018351927219,-6.53964201698356,-22.692981486106262,-7.858188461722931,-5.284043686030996,5.244469576846383,-15.893562185658906,-11.111405924714168,2.0263523559855656,-11.163524204543434,6.727564976749425,6.763327166373509,13.119100748895946,-5.554464926473723,13.316150801137514,-11.805292915681015,9.35932402789912,3.8783088677901443,4.681186896196064,-12.006284032665326,-4.547234206706048,4.723866204036877,-2.9222982045831394,3.567958055277292,-3.0856127627982524,12.725221079352364,-7.133204633658954,-10.474004836294842,-11.065171756043862,10.261374003101837,1.7687258748619898,11.566548171594578,-8.734861955289453,1.316658010164157,14.682480710576895,-13.302763570234921,3.7696712362908293,8.760869404182237,0.2466297199205254,5.371081364895871,4.27028729866408,3.2040930353794668,-15.538623339054139,10.216304763429742,-9.728015082106715,-6.425688162168534,-13.11940794687978,-5.133991684903316,-16.179156520249023,-15.106179813980537,10.01522701881674,1.369124033040916,-10.350363389389045,-0.4978608925326471,8.815876209360912,1.632580966996394,2.164725271681754,3.538563388899039,-6.227626324941424,-13.19306188039008,6.819829637869143,3.706647542656503,1.7321735615134681,20.183787477460776,-1.1419786635442293,-9.654130111095224,2.196884914835106,12.523036747180928,-8.217230376269807,6.982391414359753,6.2076961136391535,-10.028264323318968,-21.9578823841277,-8.778742397869667,-7.824457459012235,8.02341391008576,11.377056720727078,18.17656993423087,-10.549262127221239,7.647954196155002,-0.20409064319441939,-2.7859158908489015,16.259406605530472,1.0468285217301911,14.691022687683281,-5.097629062843729,-11.43957724120809,22.707079607648176,-2.8376822250090026,4.6341069639283585,-4.353323476867196,8.489735537899726,-4.945768506392962,14.988239704728569,2.2283585067337004,-16.355601284650525,-11.701670475091927,-16.393296377818793,1.5435673456839059,13.541556522083646,-7.766637537250849,4.656042018410811
neuralNetworkClass 	class coursework.ExampleEvolutionaryAlgorithm
INITIALISATION 	RANDOM
SELECTION 	TOURNAMENT
CROSSOVER 	UNIFORM
MUTATION 	STANDARD
REPLACEMENT 	WORST
ACTIVATION 	TANH
COOLING_RATE 	0.0011
TEMPERATURE 	100000.0
TOURNAMENT_SIZE 	90
maxGene 	0.7
minGene 	-0.7
populationSize 	110
maxEvaluations 	20000
mutateRate 	0.95
mutateChange 	1.6500000000000004
seed 	1646684373006
random 	java.util.Random@3ada9e37
numHidden 	14
numGenes 	129
Training Set Training
Fitness 0.023555658083844487