-1.3626772951240178,6.404700382156031,-6.255752776845407,-12.54433859073389,1.8089226951879196,2.3774829842192853,-1.2724887793821167,3.5776162856246407,-9.756299896777374,4.849097878483341,-1.2482552209969215,-5.181231300540131,-15.320947601299117,1.8945492613767168,-12.002570949969787,3.3783861511944684,5.99803369443845,-1.0117012632151359,-7.1004905642186324,3.109665330529116,1.499122983409162,5.851756489010976,1.649210085483619,3.1686274495604283,8.284464646187306,-15.069407466481683,-5.384197391388738,4.164190469613888,-15.086412801680126,-13.118408290415896,-9.709389796966692,9.155351518333209,7.195783449664693,3.753074038141596,3.2442033768163254,14.839462966933787,-2.7607454595072065,-12.59030249571888,2.663912613517705,-6.476369438971245,6.082542609843801,14.356758869760816,-4.747543382456059,-3.161941890626702,2.8411987427753056,12.873403428548954,-6.167843543643468,14.198213841304048,0.5725557652742377,-4.756547679477963,-19.974621596027077,-0.6292652125041931,9.393894848943578,-18.27939612019979,-6.391982795610149,-15.666462016480185,-3.1532801283473377,6.306558776246688,-5.578492009877246,14.681150109742907,1.3197729686797692,8.437420911841514,4.442524368450509,4.436816815237392,-4.636652357821831,3.115518471906719,-7.6643101742272695,8.793497804671642,-15.59637283172842,3.5655877613212885,-0.8341923546468739,6.391401305805456,3.2981988905683854,-0.013939244124501204,-1.2027212766968671,2.912760261305875,2.181315561283927,2.1954920030883884,-4.252944119594916,-15.014905097466409,-1.6201026113961934,4.678458946521506,-5.428850123469185,-6.017740658539794,7.988690546827276,-5.0291845144356335,-11.009123185824736,-10.226888355338938,-0.5870796805455063,13.065976804446972,-5.046293638386838,10.878195054153458,0.0191957514108152,-4.234291601601275,7.074746767898732,8.080367408111222,4.205350023196934,-7.209307893729997,3.6810672059005993,3.020858790592162,-6.792682674396049,1.1329347576205988,-0.20526341677575166,-14.139712674997792,4.343572120641835,13.523886315072149,-2.1958729098102046,-6.461541175966995,1.6425775373022637,13.333927509922201,-4.113299488008774,-3.1601787938806956,2.2686107400607822,-0.3393135854448439,6.16017278191455,5.906995890591745,8.23125764226919,1.517939513107541,9.640117456283324,-18.032149408535233,5.046286408147476,-3.47135196386053,5.108245531883502,0.18962606356921974,-3.01446198154694,7.004980248370493,-7.540729594920881,-14.728320787612905,4.060884960516827
neuralNetworkClass 	class coursework.ExampleEvolutionaryAlgorithm
INITIALISATION 	AUGMENTED
SELECTION 	TOURNAMENT
CROSSOVER 	ARITHMETIC
MUTATION 	STANDARD
REPLACEMENT 	TOURNAMENT
ACTIVATION 	RELU
COOLING_RATE 	0.0011
TEMPERATURE 	100000.0
TOURNAMENT_SIZE 	90
maxGene 	3.0
minGene 	-3.0
populationSize 	110
maxEvaluations 	20000
mutateRate 	0.95
mutateChange 	1.6500000000000004
seed 	1646684373006
random 	java.util.Random@3ada9e37
numHidden 	14
numGenes 	129
Training Set Training
Fitness 0.02060297465909329