-8.683133254318841,-1.0981008115634996,0.21576743780880037,-1.4473438163253292,-2.8519506035402227,1.3066107291294244,0.4911435293009543,12.90762516810871,2.3475160515315476,0.7907190243273998,4.589514920039422,3.629546434323059,0.25001366587878593,6.245591128506769,11.103147967845903,8.229387497272922,9.255301653680887,11.038494510811871,-6.251318894880546,-3.797184147624467,6.100740493430639,2.2894524704027805,2.963570175623789,4.1296620805509265,-3.991959071607665,6.081460221083255,10.406689742458038,-8.54650826012154,13.764462530334226,14.228316955209177,3.603657278427435,6.144248155991617,12.493672294002458,-2.6088766717112613,4.84111396594056,0.6324833308466467,-6.096098132897502,-4.461201890066832,5.51537105651893,5.1767340335683265,3.1709549849796455,5.839755401810505,-11.170498772811387,-8.913848817839913,-16.77895421563242,2.2011887142357747,-1.8908743343359724,-0.6814633116944333,-3.126632100924608,-2.71080016777732,-4.2791795664130206,2.009487489632156,3.484714142330926,5.167309084606219,9.528238745451882,9.361395736782152,5.008393235366088,4.482682203665543,5.4597139746265615,4.781597469897868,7.837106462393422,0.20870134785738426,-0.2627159365501406,0.8570132005328546,-5.655626386235047,4.969310686509031,13.180747356044238,-2.2118325886324968,-0.8284836701628207,-0.8751419603121651,0.4015328826183593,6.728522346188528,6.127130226644747,-3.109045113365884,-4.360160204139248,4.535607880865346,10.423399874712855,7.391172760558989,14.024671887610934,2.2384762459175462,-10.881470762064273,3.911189643058857,-0.2999341357079137,11.811558359751,3.8169868091704062,15.476299481197188,-6.088015366132811,0.6180418961071128,8.5491830415665,0.2159919867201605,0.6390144273618557,8.846443360765054,-3.84038016038596,-1.0413910100715476,0.9261848468622,5.912088168562647,7.827476142710694,0.6158787803183152,3.9448923386846655,3.2807638407049042,-0.9239875928658137,1.6214287612312779,-7.496911509283715,1.844854460343896,2.047100977306113,14.479171508599402,10.168561329718678,-5.257185101054317,0.8746101722658448,4.756756034116242,1.2443114583140211,-15.339111728187454,1.4852917792804554,5.926077482418466,7.198695230032877,-4.408484411431144,1.7882443646834156,-0.39287207897376764,14.104182439641852,8.745938713120395,-0.21605519391646233,-3.586726386965714,15.277243419788787,4.629037404468543,-4.318734859206214,-5.174659920698042,-9.411944191163652,0.38249367697452863,-1.7941888008826008
neuralNetworkClass 	class coursework.ExampleEvolutionaryAlgorithm
INITIALISATION 	OPPOSITION
SELECTION 	TOURNAMENT
CROSSOVER 	UNIFORM
MUTATION 	STANDARD
REPLACEMENT 	TOURNAMENT
ACTIVATION 	RELU
COOLING_RATE 	0.0011
TEMPERATURE 	100000.0
TOURNAMENT_SIZE 	90
maxGene 	3.0
minGene 	-3.0
populationSize 	110
maxEvaluations 	20000
mutateRate 	0.95
mutateChange 	1.6500000000000004
seed 	1646684373006
random 	java.util.Random@3ada9e37
numHidden 	14
numGenes 	129
Training Set Training
Fitness 0.10683186031924377