3.0782219125405668,0.6761725516835124,-0.8583887115881854,-20.725342853972904,10.344513062847176,-6.764945411940472,15.994591225419427,-8.797200131870676,2.0504972774340864,25.781216245230915,-0.06308976093617247,-16.031637222132538,-9.603985745174246,-9.839538237826096,-3.576303970183684,-19.90884563544809,9.230972426698962,12.31332154980921,5.304753911461635,-5.578637661599069,15.900231442619742,-0.6368257869468659,8.998681693313507,2.0546800165629824,10.71704161138886,13.7210820055156,-8.492745453984705,-4.106993712528031,-23.749062427690255,3.6460089712243224,13.373906053032824,2.220965460663889,4.879813738645289,-1.3481623082333094,-0.7443225804065641,1.3761182262485683,-10.27385869674905,22.25057295199342,10.831826619191704,-5.593018859823605,-0.6932215999347893,2.678343345373463,-8.275837147952503,-18.66273188192222,2.755984139578649,-16.185957676996836,-2.295297864092939,-4.315611813121809,1.3415728717383217,7.38754490793626,7.639027167510855,-3.5942460135857033,-3.8169062290324454,14.516210913801304,-3.302007864188436,2.521882024564823,2.9976648163316284,15.974529979295758,3.3112858339218736,-0.8755434012773149,13.17026229850538,-25.669166003639575,-10.823316355416619,3.255656084874479,2.881991780943568,-10.17767193136491,10.675021288018273,5.718785180189613,2.2322869820618214,-5.893845178178161,9.31533171339218,22.663867054901758,9.522552175542735,15.871260847571781,-6.22193753449487
neuralNetworkClass 	class coursework.ExampleEvolutionaryAlgorithm
INITIALISATION 	AUGMENTED
SELECTION 	TOURNAMENT
CROSSOVER 	TWO_POINT
MUTATION 	STANDARD
REPLACEMENT 	TOURNAMENT
ACTIVATION 	RELU
COOLING_RATE 	0.0011
TEMPERATURE 	100000.0
TOURNAMENT_SIZE 	10
maxGene 	3.0
minGene 	-3.0
populationSize 	110
maxEvaluations 	20000
mutateRate 	0.95
mutateChange 	1.6500000000000004
seed 	1646684373006
random 	java.util.Random@3ada9e37
numHidden 	8
numGenes 	75
Training Set Training
Fitness 0.01523699003614325