-0.48205470301454767,3.061765641785531,-1.911863757666202,-0.23916056233179717,4.081460225583908,18.32654698632048,-10.48432973772257,12.907832914761546,13.920663985072606,18.226623770463263,10.206582645975143,-17.51048445382309,19.36677686806319,-11.772391108441608,14.758202962982677,8.705458998937281,2.5365286266945635,-12.509959026233364,-7.059768455528476,14.299535728512911,-0.9346676922879249,-7.845437676243831,-0.9830990072609662,-0.05513966117482205,-8.599331692907946,-1.365188675787305,-8.467754025940325,6.412734216421822,-0.9343245244310019,-0.7384745895673532,2.569064860408461,-14.41938761609167,-0.8365075311831776,-2.021230613701835,-1.8785462247726645,9.360278129670796,1.9409423210404118,14.288125444894446,3.737590300266918,-9.00890900328488,-3.7343019759061864,-10.880893865859813,19.843740514618354,-0.9556644075830008,7.694113600293813,0.873969188445197,5.352261040900479,2.1733803216797236,-19.18254784348362,-11.147460988416233,-3.0143364773141803,-0.7794801978295549,10.172292650379049,4.45755969619203,0.7156065643556317,9.205050108108487,11.736436012988285,-13.98647583402088,-10.08002385720192,14.76829753517704,20.104688718795494,4.701851106292953,-23.396986305796382,16.439991697509633,-4.100561020473656,4.222698193928046,-5.747252713459417,0.5665487168531591,-2.4810063242514726,-6.01137546000724,6.1767772078446175,0.6554983316168199,-3.887809782947336,6.087736759650138,-4.038233670308392,-12.408535129454549,13.340839958690532,6.47387543470407,3.3437799657405307,5.067778946660612,-12.747884950273601,2.1988179160063464,4.705919382388065,3.053974101427185,-2.5689729153484064,4.44640006193981,19.58648726116384,-1.9169096497408669,-8.36129653691067,3.010877086499322,9.585224062232843,4.743879490031702,3.5152043564376907,-4.618233588546753,10.246944854971145,-12.598320326605515,9.38617834927873,-8.445158327601536,-7.568787932785733,1.5978994910075777,11.810696427649198,3.233859205048601,-7.906533304610024,-11.658280643659356,-7.706848483459076,8.520033182082363,-3.9926547980257885,-6.4412032801424015,-4.04483881455957,-3.8438150186224807,-9.100298525597012,3.100426158678049,3.4739536250842233,8.049922924496645,4.949152857894315,0.692783320914808,-7.658234769834916,-0.5548737447746497,5.01576379720075,3.419550162649786,6.236327631126333,-5.106569807999869,5.373779685077303,-1.7676095830951084,3.1155649356131967,14.547330737305833,3.3111188927698496,4.522420923756649,-15.639829127005022
neuralNetworkClass 	class coursework.ExampleEvolutionaryAlgorithm
INITIALISATION 	RANDOM
SELECTION 	TOURNAMENT
CROSSOVER 	UNIFORM
MUTATION 	STANDARD
REPLACEMENT 	WORST
ACTIVATION 	SWISH
COOLING_RATE 	0.0011
TEMPERATURE 	100000.0
TOURNAMENT_SIZE 	90
maxGene 	3.0
minGene 	-3.0
populationSize 	110
maxEvaluations 	20000
mutateRate 	0.95
mutateChange 	1.6500000000000004
seed 	1646684373006
random 	java.util.Random@3ada9e37
numHidden 	14
numGenes 	129
Training Set Training
Fitness 0.022780860275452626