6.292934827731075,-0.9005404335362837,-6.871046703981543,-11.930885675937713,0.8342653415045724,-7.567004513477189,-3.0317838601183613,11.992500951307864,6.774606105930761,3.7533067126562925,2.306442877289971,-1.3888595367183925,16.593005143120283,-17.837584323046016,-3.680105270555062,-24.509897593877163,-3.3217273214125047,15.688503454275816,14.612472782786439,-17.32366254693239,-13.188482352967837,-6.579078817725462,2.7493358132704344,2.4163073254198277,-8.725937659954194,0.17767093972715564,17.265792665350965,-9.57043863035863,10.305429623188019,1.2170588860602924,-12.600593767502028,-1.5096021347410051,1.254457984464329,-1.4170361120649986,-4.594644692847448,-8.408771087702467,6.222456412072617,-9.111603890860303,-1.3352911357125503,-3.27974478189798,5.190673124101627,-7.605245186382874,-10.667620189598752,-15.267461424084763,-6.6947899010690834,7.78443042482637,-1.953868144751664,9.427548176036002,-6.989123933266827,9.302128763907714,1.380122708776815,8.867736110949497,7.381326520125068,1.5055295564042233,20.076077840101625,3.681686750992556,-2.313795666861436,1.8186280042964604,4.02229771437999,-11.258134609162555,-7.5331509272419765,-1.1286608480219265,1.6253083730305518,-2.9090219061305467,-3.839496592235439,-0.06331755148445595,-10.71891981179502,2.8124386765483287,10.61880767867626,5.492095896526422,0.6523420401792812,-0.6005785596281337,4.109728318962773,0.3841646891948738,-6.504366125005106,-10.12653425581735,4.3229283258857185,-5.6837163778412245,8.706344654703308,-2.9124196463393517,-1.3330530748197802,-2.3434937267160993,6.162097376286663,0.3702793969246274,8.852413013708485,-3.971930883544937,-5.405553081709693,-15.1740297119742,-3.1511196810387343,-13.702187217340532,-17.494030711684715,4.153593027457255,-8.916274072954323,-1.9320437713373835,9.774429693991154,6.979397553201839,-2.530080551343408,12.304416107353719,9.49782612582263,4.621231104905352,-7.994675898547911,0.3000950183317519,3.633711961355324,0.010688284688423089,-6.02044578093618,-0.3757000033933764,-12.726684420577286,2.145965883131339,-5.344729762769061,-2.3003163032007166,-2.6844201447253315,-11.967756008568593,-8.09084623143579,2.0258377669155454,9.81835650065634,-2.6120979461847753,-0.42633599799556876,6.033900776653203,25.60359583813974,-3.796136953813166,7.0640344074973775,-4.190721703010239,10.530489369380918,6.239842596440129,12.25583149162529,3.959805492512255,2.025122070474759,11.775262857080133,6.646753423600133
neuralNetworkClass 	class coursework.ExampleEvolutionaryAlgorithm
INITIALISATION 	AUGMENTED
SELECTION 	TOURNAMENT
CROSSOVER 	TWO_POINT
MUTATION 	STANDARD
REPLACEMENT 	TOURNAMENT
ACTIVATION 	RELU
COOLING_RATE 	0.0011
TEMPERATURE 	100000.0
TOURNAMENT_SIZE 	90
maxGene 	3.0
minGene 	-3.0
populationSize 	110
maxEvaluations 	20000
mutateRate 	0.95
mutateChange 	1.6500000000000004
seed 	1646684373006
random 	java.util.Random@3ada9e37
numHidden 	14
numGenes 	129
Training Set Training
Fitness 0.01725557284443384