8.245785961013082,2.8619860773832277,-3.3037590469185734,-9.594418005833074,-7.548815615949248,1.9518247664319044,2.0390180669521865,-11.897837663307147,5.263263296477836,10.63453715335625,5.292159693873212,9.619485145596151,-6.87824759298192,-0.9190791756557424,8.727569902297244,-5.747481686522381,-2.0204756327097764,-0.578380099114348,10.01757217844173,-18.1515894399435,1.161019594509768,0.5002512281163138,8.266211423993719,1.6761286205218582,2.2947577999196653,8.015716655608403,13.721502192067932,-9.981883003413273,8.737171284532199,1.3385159862153335,4.449140812579851,11.163326829794707,8.844059631416917,2.037437084012959,8.962261774006317,-10.392478618494183,-3.61497308641282,18.004563458884213,-1.484119642722864,5.643329357851721,-10.614674736103025,-3.931899743124898,-7.011272841285875,6.549078870166246,-4.481409360614004,-3.3159161752819397,20.13924185860199,7.312008058190168,2.2130207659112884,-7.45039817195741,-4.963443939573043,-4.001989655514552,-13.727394700730775,8.781712574591399,9.531358457630652,0.9566352466352086,-5.245917206746888,-0.7421834127447529,-5.054403477171288,-0.32337230608162315,-7.120639243925039,10.014794173472465,0.6240329855152531,-2.0161482631024166,12.452197289849282,-20.89421405360826,-19.295263034522165,8.650006732815172,-3.5629940274553773,10.115056203514804,-0.3703477347625821,-2.692892913423904,1.8467074691378969,1.582940615908754,10.38044787523535,6.48925780380355,-1.2243851472698983,4.994443091841767,3.4389184486343716,-11.650177071231282,10.502400390199218,-4.063391504220063,0.685264667068263,-5.72135611562277,-2.522743676020349,-8.91863936951626,11.31164621271661,-19.029471160094857,0.5964225455927803,-2.1979421887972173,2.392462150553018,-1.027203360279433,-3.7436820292104454,-4.9664199538231415,4.416876719498172,-6.433779513523659,-8.031425664548317,-6.862674876009839,6.253170186057108,-0.7897201544399088,10.506333777545576,-10.315947279805416,19.328557747484034,1.6101910867574762,-0.5587663817105604,-0.6809211898017651,1.9221810503700567,0.6897505406266431,1.019565732515506,7.075884733153497,-6.816959518196812,8.630584940762692,-4.484842180320394,2.2557675276192004,3.548697893106157,-1.6350319164626894,5.235589409042522,9.292721750839082,-3.495357569263414,-4.264075947392832,6.597415278021783,6.074303798774343,21.88827476788729,-4.085099611123702,6.775133288221523,-8.459205966039697,4.75552694370754,-6.056143031936278,-2.032304727208693
neuralNetworkClass 	class coursework.ExampleEvolutionaryAlgorithm
INITIALISATION 	RANDOM
SELECTION 	TOURNAMENT
CROSSOVER 	UNIFORM
MUTATION 	STANDARD
REPLACEMENT 	WORST
ACTIVATION 	TANH
COOLING_RATE 	0.0011
TEMPERATURE 	100000.0
TOURNAMENT_SIZE 	90
maxGene 	0.7999999999999999
minGene 	-0.7999999999999999
populationSize 	110
maxEvaluations 	20000
mutateRate 	0.95
mutateChange 	1.6500000000000004
seed 	1646684373006
random 	java.util.Random@3ada9e37
numHidden 	14
numGenes 	129
Training Set Training
Fitness 0.03829414797901