-9.310408211009449,14.434068733050047,-1.151075501321822,2.3544070956529977,1.1378158374162126,-13.248810930359982,-6.74876281141376,-0.8326873124256142,5.7700163172429555,0.01263463796101405,9.75256359663472,22.011934399282197,3.0154267370583323,17.39517614684886,0.06308071540339011,-6.799231079951822,2.01703326247019,-0.4528603635266073,-3.0037475810164294,11.43892126660411,-7.7483026622662,-8.169347990986905,15.937468341395453,-0.3803038566193262,0.5945883674726922,-12.41592731113848,-2.868349426393416,-9.580814608934508,-5.530709731150044,-4.111175690743689,12.574685865101664,-9.83640979608891,12.586810535132706,-16.02499250299516,-2.483460829296023,-2.682433254056713,2.790723291647561,0.0941611324794156,-0.8465724443059326,-4.347844013386613,8.41681277927058,7.195701727018063,13.913611094882716,-6.248334460658093,-4.793588271764362,-10.502736849085474,-13.411503842212054,22.331412602690868,1.7179027457793241,-13.387939588179337,11.930673149285084,6.980038739910041,-12.080473094916323,-4.19305489056126,7.347924893433193,3.6694003553911774,-6.077189061574107,-11.437129687338029,-7.382828518581343,3.29183782006195,7.429601222231055,8.245028280399922,0.5247344789086332,9.938921695412509,-1.3331383385079798,8.612968538223612,-7.790773231555232,-4.572426350363289,-7.8779363506503,8.361557773776106,-0.6092046836457561,3.858752614520702,-1.1318281809016355,-7.118320176287434,4.3153690594989556,3.860697713931237,4.105663720103792,2.215131781128663,1.3749805668631438,-0.6769857116622484,7.302063104608008,0.2512100066157261,-2.3148422753796165,-4.680314723883933,-2.558397058575668,-2.8769684471065853,-2.192200500307207,-4.3016092216995085,-12.063124807782819,-4.09031656304769,4.102874038579156,-2.1696901185126976,0.35166014136765256,8.785836996999176,5.9746973159556624,6.68228035277485,12.698368459262682,-3.0164889012641023,4.498475470160588,-11.292204863512039,11.855667764818802,5.3412191570495136,-0.429789650289611,2.357775378035144,1.429902465545787,-10.236223668883715,-7.48200200179865,-17.971467689414027,-12.427643204447069,-2.248407017157767,14.393706284480276,-10.365699083922152,3.65494828277701,8.087759470651488,7.465516531631981,-0.5289710644209471,-2.1235277301409896,13.852411314535429,-9.530154824894655,-7.649894118624594,3.8205869104544075,12.700468445807548,3.969595034816991,1.96873843191283,3.4035392085279765,2.3988486922825265,5.135167526211431,-3.883624282139227,3.625296373934969
neuralNetworkClass 	class coursework.ExampleEvolutionaryAlgorithm
INITIALISATION 	AUGMENTED
SELECTION 	TOURNAMENT
CROSSOVER 	TWO_POINT
MUTATION 	STANDARD
REPLACEMENT 	TOURNAMENT
ACTIVATION 	RELU
COOLING_RATE 	0.0011
TEMPERATURE 	100000.0
TOURNAMENT_SIZE 	10
maxGene 	3.0
minGene 	-3.0
populationSize 	110
maxEvaluations 	20000
mutateRate 	0.95
mutateChange 	1.6500000000000004
seed 	1646684373006
random 	java.util.Random@3ada9e37
numHidden 	14
numGenes 	129
Training Set Training
Fitness 0.015390942982329668