7.430645459952045,-3.7990692407337114,2.5347438790414873,-5.91428765798581,-0.5840656221318774,9.150453544655537,-5.773638144038614,-3.4002102988608973,-6.988636993075077,-14.28744683172942,-9.49211519785718,2.525960687704119,9.021903803725829,-6.704834146769935,-5.609053743922013,9.683116739574604,4.148167031603444,-2.457093647271779,2.466099538942788,4.7604125632931495,-7.239411628494844,-12.32842108084541,11.499267081359129,-13.119990066446347,-8.513802634199823,2.0817274736710583,-15.981854567740868,7.291283620989062,9.392891971801646,-1.975471434770348,-6.158345912188471,2.477020007864631,-3.0669043760991785,4.623407964701782,-8.336280112429295,13.113465360918074,-5.901871914936831,-2.602658875451173,-5.07660907674409,5.949910743524028,-5.863426367659021,6.48687435971461,3.5264791334068937,15.659827191840604,-7.795616775916036,-2.4985171942224307,12.22963064014125,-5.835606732974535,3.8414006724332337,-0.7630410374485512,12.25592937308848,3.4905860868846776,0.9584561656402037,-6.645895948767737,-8.8681598370741,-3.90016621696836,-4.928877411530477,-2.63492840649178,8.868502077755975,0.8095560471003402,2.5806848795281105,-6.158707683129823,2.306085091157896,0.7787480548226906,4.929824270753719,3.3869860392424282,-1.051873302009465,-0.6599100492830505,6.849973040913785,-4.48515471975991,-4.066531895616427,20.084893798497852,-4.8307510917839185,3.0655532605605273,-1.2233872325190447,-3.956473805378158,-3.9856699540876313,-0.9196231524781493,2.603033080173919,-4.147225272622537,0.7165864590377033,1.5161535094212155,0.8141542141058409,3.1129529592619587,2.5722355669396273,3.684568904477805,2.4374474910431374,-5.688632006252488,-0.7417571883132164,-0.7972993833727564,-2.399731954400414,0.42510210115557445,1.220142225026808,-8.890619011270779,-8.08822425710824,-0.08511214457704153,1.3249036792191051,-1.3679896815801822,10.39548029967703,6.233185519116889,-0.3885717647942504,2.7810304258493463,-9.514344292175492,0.09339777620797385,-5.2267955838774895,15.304345302302922,4.084071440686573,-9.266513420474105,12.272112871998228,10.751555538819842,9.419191188480934,-6.043915929148531,2.1093190704008116,1.9279496300731234,-7.291806220257733,8.788518507973166,-3.2813529567499033,3.810774398836464,-9.40712744817207,2.4800027224307257,-1.3002193500614956,-4.594615124344444,-7.546326139636124,12.989563092571112,0.4730914766176273,2.5364514140863754,-2.498161626139659,3.1171126168719105,-3.6351544268849905
neuralNetworkClass 	class coursework.ExampleEvolutionaryAlgorithm
INITIALISATION 	RANDOM
SELECTION 	TOURNAMENT
CROSSOVER 	UNIFORM
MUTATION 	STANDARD
REPLACEMENT 	WORST
ACTIVATION 	TANH
COOLING_RATE 	0.0012000000000000001
TEMPERATURE 	100000.0
TOURNAMENT_SIZE 	90
maxGene 	0.9999999999999999
minGene 	-0.9999999999999999
populationSize 	110
maxEvaluations 	20000
mutateRate 	0.95
mutateChange 	1.6500000000000004
seed 	1646684373006
random 	java.util.Random@3ada9e37
numHidden 	14
numGenes 	129
Training Set Training
Fitness 0.03326167536624143