-5.685675259759556,-0.4980960155978611,-0.6947942171780612,-1.784932277731171,-5.277478733701235,-6.10965446274641,-11.214257647960158,11.816521861975968,-4.914589326337261,-9.075965903767635,4.309671636931891,-4.229556309249995,-3.745283066176216,2.753682180645411,-7.733816546473763,9.738268989631704,23.714489257114053,3.586058976342545,-21.947944325598364,21.72593161747431,-11.33476820265338,4.616428103293061,5.1931087899231425,0.5856488205445469,-3.892344285088103,10.051484698197596,7.796818462006893,-14.296046762108869,19.57027790306436,-4.464720032910692,-7.783944694854503,-6.808614484213047,-0.18154748303971946,11.343355410023735,6.341026880387742,4.585753992342781,3.863280253966767,-5.89945780123916,-9.288886931190483,13.064843018442433,-8.001716896649672,-7.7921371830586725,3.956094827413537,-18.47653643554124,-11.220989788886593,13.685771994302934,-14.842533320572201,-11.868519800755333,13.896539507566628,20.11892115621535,-14.636360137327562,8.065250757694674,9.507783898831732,3.6350322092714205,-6.26991734498076,3.541430166941643,1.1672979765647487,19.485875278915408,10.366868068446637,0.7210376557117106,1.988559630341209,-1.90954179864835,-5.0355096876397845,-12.214761664235377,-7.020979621054931,0.7664945388406919,0.030062816285438387,-0.0716470202357371,2.8345529467001613,1.3102927000983575,10.267772740490033,-1.1563320685168748,5.497290955273545,-9.037053992278501,-11.100424624619984,3.4991027421123935,8.686709621479189,-13.242562530578118,8.025409721981374,13.540077424659186,-3.3379544156396665,-7.100625624492091,4.472924744226702,-7.446703320185167,2.2491770385495817,-13.108184820084553,0.21976146972693655,-11.616709042129003,4.154203001242436,15.428871903595434,3.5338715967329986,7.3200530553991054,-21.050586291492678,2.536094339081324,3.9214227540630304,0.9105719234161826,-11.659734237660569,10.678314712535185,4.919539386519713,3.2100702634593095,-27.19267860942702,-2.269594870945074,3.5353133679450153,-1.6662762987707271,2.4597804957372196,3.846103985964927,3.493340912976441,7.18129300501381,-15.672874837227756,7.691869395139497,-3.7049177542900003,-5.276140911367541,-1.1263971490703337,0.904986183614203,-6.125793051757641,-0.45175494456328824,9.405339044333324,2.7217855618573354,-5.193859130452953,-0.5004062977886274
neuralNetworkClass 	class coursework.ExampleEvolutionaryAlgorithm
INITIALISATION 	AUGMENTED
SELECTION 	TOURNAMENT
CROSSOVER 	TWO_POINT
MUTATION 	STANDARD
REPLACEMENT 	TOURNAMENT
ACTIVATION 	RELU
COOLING_RATE 	0.0011
TEMPERATURE 	100000.0
TOURNAMENT_SIZE 	10
maxGene 	3.0
minGene 	-3.0
populationSize 	110
maxEvaluations 	20000
mutateRate 	0.95
mutateChange 	1.6500000000000004
seed 	1646684373006
random 	java.util.Random@3ada9e37
numHidden 	13
numGenes 	120
Training Set Training
Fitness 0.014392497102627017