-4.539676433737783,1.0997605360811686,-14.623442782303568,-0.19092845855214247,-5.0991945290516405,3.912823563825273,-0.5213312358190381,-8.275289081178993,-2.7800728033478563,2.390157843645402,-7.786677094497841,17.435634044909193,-4.63349924613583,-3.8282231796544703,4.813404933651781,-0.030212015342603316,5.3134763462088035,8.746120167319418,-4.257889349747875,12.437920313538456,1.2598932845586113,5.647855898459156,10.737835766518765,3.2173626829879067,8.539593429823737,12.681316585294256,7.295635078399923,-6.787313511694002,1.8184753620729674,-1.862817084572689,-6.833954640398607,-1.704194364889374,-6.605518413610218,2.4243257288057585,4.903245373820006,2.6886506657519575,4.784442233434336,-11.19448266257564,-5.141806648058664,5.3120807344214125,14.776811847540129,-2.244986088925666,-0.5614441567001149,-11.777246830787696,-0.6507362103211012,3.835315259077907,-10.054084136729186,1.7202104018287825,-13.617473550218348,-10.205302601693516,-0.23558568179249573,2.1544972560486944,4.921766608066895,0.6289166436973872,-3.0613412128280606,10.875163824544085,5.219248176420272,6.454776465599612,4.079897211435844,2.5605580434219464,-2.6630834937162744,4.085047641766854,7.128131732763075,3.8643590117996256,2.4449802736095956,0.17352836650164072,4.949018819380978,11.526848262163751,2.9474839289603043,0.7408267369547863,-2.691930767632334,4.733963533132493,-0.5642133071897435,19.195747619026378,4.790841765805769,2.03022678844361,-4.009215030187409,7.633959914966804,4.276486838449432,-2.9228165236142596,-8.612861320793858,-5.925080917152911,-6.614323867358051,0.14703914393088002,-1.4273186220864131,3.739815079709037,-0.6623795292949026,3.27672607220996,-14.071383033373484,-11.072385400246079,-4.147945244271906,6.555675511817565,3.5110301609270103,2.7630614932333533,-0.429264570395433,-0.8688740754517683,-3.718345608473718,4.28229737569665,2.549173526937227,-5.037164585301759,11.230768234879639,20.088561468798773,-8.517006696840692,-5.9803796614089935,-18.647490606432605,-4.460276509309724,-0.7655183674069912,-3.8793140125191723,3.1528200957960473,13.921203714502449,5.488563496133139,1.51026167402713,1.3401557964990074,1.1121277100385258,7.068611240180528,2.7271010690746555,4.544016868499151,4.919363366343823,-11.018832257413317,11.56595503139698,11.88877723581547,6.183380971495872,-1.665165888650849,-7.973830925790244,-4.854786677907745,10.42667851050676,8.442245359149851,-3.3593915605851894,8.08955337032586
neuralNetworkClass 	class coursework.ExampleEvolutionaryAlgorithm
INITIALISATION 	AUGMENTED
SELECTION 	TOURNAMENT
CROSSOVER 	ARITHMETIC
MUTATION 	STANDARD
REPLACEMENT 	TOURNAMENT
ACTIVATION 	RELU
COOLING_RATE 	0.0011
TEMPERATURE 	100000.0
TOURNAMENT_SIZE 	90
maxGene 	3.0
minGene 	-3.0
populationSize 	110
maxEvaluations 	20000
mutateRate 	0.95
mutateChange 	1.6500000000000004
seed 	1646684373006
random 	java.util.Random@3ada9e37
numHidden 	14
numGenes 	129
Training Set Training
Fitness 0.05283369926241505