0.4251426868253798,7.465035159618539,-3.6670877649560483,-4.96936959037013,0.820442946913909,-6.910919889660006,2.4802595950363253,4.086938258811228,0.9393225537159413,7.081387060844724,-2.0097906981573352,-6.756280394755853,5.459862370981297,1.2945900534905794,-4.447678946291381,0.41396973341855414,0.6945526281143652,3.1769661511815617,2.270562504632836,1.0646050775001896,6.293296875537392,0.9531341217337808,-2.3498653709702024,-0.9180662505534096,-6.651580350559675,-5.00699223497422,3.583682479854831,0.09732379621589793,5.97485691780556,-7.403224246523928,-5.353405307297047,4.885799796350197,-3.1538645939389456,-2.6470253779675255,-6.962731225329859,1.9483480235817168,0.5616631564352064,-0.8564795973377759,0.2118906706622372,-1.975745048574585,0.7532795448493577,0.22386118121819187,4.964448735341346,1.3528505899496182,7.7089321015145575,2.54820720389705,3.9913736089771756,0.6145796268594865,-1.5512271796920816,-2.3609041618174,-4.193630985890377,-1.2706379340794074,5.333883445341341,-1.7326578012702782,-2.2153315649170033,4.175760073856141,0.7202669816202025,3.5627260825435174,1.267125272669361,-2.482489816279087,6.090659127987126,-0.8324412121868718,3.79321786124015,-0.4154739589509342,0.9541392170723224,0.1745760465662345,-7.74178226094879,1.0535283963374997,-0.9515598092707478,2.457393599397509,-0.5465524348364186,-5.540999513150279,-0.48772125998582183,7.806063484331716,4.099721816995275,-0.4617815711258131,-2.2850500932357853,-0.17793437065845108,5.9727381029866855,2.974649072390152,-2.812147771189789,-0.4436376509296993,3.895358856527258,-0.5479415061280308,14.147529108165983,0.990945725513102,2.435392161320335,3.767217541701002,-3.367762730430038,6.268600556104079,-5.35134313403547,0.022141443909719616,0.8939732266831948,-4.332596219975637,-3.8042153847713083,0.027343151163494728,-3.5046905140713136,2.4457793225419433,0.8873866763962996,-0.45436846190493085,5.455317369670146,-1.0492783590531514,2.4758827024811776,1.1915285677999536,0.5212717447089603,-2.163899055741987,-7.0865372422805,-2.175572104441944,-1.4872431523183032,-2.3702416530082306,-1.7656764426151437,9.334166052470481,2.942213580425163,1.16739448583782,-3.1545054898009166,3.115720496237758,-2.139108870944048,-5.321943006797818,2.8242370851089156,-3.6847013958954253,0.6115866793631994,-0.4896761252617301,4.321177454151647,1.003128187882485,4.489478861532278,2.9300783559275443,-0.7929988037119697,6.988805389296957,0.2697851473426103
neuralNetworkClass 	class coursework.ExampleEvolutionaryAlgorithm
INITIALISATION 	RANDOM
SELECTION 	TOURNAMENT
CROSSOVER 	UNIFORM
MUTATION 	CONSTRAINED
REPLACEMENT 	WORST
ACTIVATION 	TANH
COOLING_RATE 	0.0011
TEMPERATURE 	100000.0
TOURNAMENT_SIZE 	90
maxGene 	3.0
minGene 	-3.0
populationSize 	110
maxEvaluations 	20000
mutateRate 	0.95
mutateChange 	1.6500000000000004
seed 	1646684373006
random 	java.util.Random@3ada9e37
numHidden 	14
numGenes 	129
Training Set Training
Fitness 0.017222465496558304