3.1132306532690155,11.831452923462649,1.5600249017102739,-12.521728268621729,-2.60930309723938,6.8898898434800095,-8.445303708848222,-1.0631280296316152,7.0749186774884105,7.588969539954002,15.83334208974741,-3.7568087355674287,-4.790559250228791,9.235586493843673,4.061605197035545,-16.74518709005352,-12.360655601046796,-0.4346890620704329,6.287637408955817,-2.8291535881977,-4.97617284958441,-4.932088961580069,-19.439640963081203,-2.440417048372078,9.215128157785834,-9.940003587779387,18.458508317252566,-21.681212317316337,11.310038892306435,9.444468265350858,-13.11240200764281,-0.6822657854610119,-16.500816795142747,-12.083885251222247,1.267382158764491,-8.830296972947046,6.048233055794849,-4.6441971328409615,-1.9581503755477927,0.20413736091301082,3.239665627937087,2.447668376084975,3.810236462792794,8.215313495280304,0.2540290849846478,-1.4022588988993094,4.100258189505181,-5.939182512761345,-15.216159304757536,13.543434223488,6.603701928219683,-2.2359275230884723,-17.003114361799888,-9.418572820838067,-6.586272855021326,-13.75190485997373,21.068842439515493,3.97514720987079,3.0599503932893715,-11.366394331675611,-0.5461945285287069,7.971167944429787,7.965486740005945,4.031060534196909,20.675432452901234,1.2805333676910173,-19.046812359524203,15.738830640049615,-2.6531957665122654,-4.11815191473849,11.550529670785778,-3.3683690622462397,3.22569446133169,0.2247914416182626,2.711664237933139
neuralNetworkClass 	class coursework.ExampleEvolutionaryAlgorithm
INITIALISATION 	AUGMENTED
SELECTION 	TOURNAMENT
CROSSOVER 	TWO_POINT
MUTATION 	STANDARD
REPLACEMENT 	TOURNAMENT
ACTIVATION 	RELU
COOLING_RATE 	0.0011
TEMPERATURE 	100000.0
TOURNAMENT_SIZE 	10
maxGene 	3.0
minGene 	-3.0
populationSize 	110
maxEvaluations 	20000
mutateRate 	0.95
mutateChange 	1.6500000000000004
seed 	1646684373006
random 	java.util.Random@3ada9e37
numHidden 	8
numGenes 	75
Training Set Training
Fitness 0.012126180355521883