0.8515253371490239,-9.097099838647082,-6.59207885262817,-1.0109857820759451,-11.350350412299427,0.7528979144996617,-2.9392606647209782,-8.742720445392164,-6.453546798689649,-3.140340849564316,14.697064558655631,-3.2711477257926305,4.609800555863805,1.637179860520332,-6.482313304196458,11.255929883455268,-9.346489231254338,-2.6919318953516447,-8.757183452580257,-0.9023448538560777,-4.017719043890983,2.6474687108919426,-1.6016796890258682,5.611101421945514,6.993363167069935,-5.0217770196626565,16.990709909951605,-6.124555542580023,5.9688223847389885,-0.03729110316644757,-3.363449189572915,7.287540313159987,-15.58475288957301,-2.3432687977296816,-6.246255620333452,-0.8357617722422566,-9.299717290321027,-4.263713136662633,3.254652227175412,-2.6163535568483995,4.586254494992857,6.3436216302823265,0.9718046495942785,4.9493663903795815,-11.759023664976558,1.79820889933998,8.295246966626639,8.036688567413442,-2.774506459884986,-1.619119644790537,-9.015723873805353,4.989294609965363,8.916399988073774,8.477585993549447,2.1106547615686573,5.2533592761269166,-2.147655180163127,6.573747984860173,-0.7326278490442126,2.974623153673991,2.9623903922447905,1.0098687258116144,-0.807190020890868,-1.547449400531594,-2.0415246629507013,-1.2115378241882535,-2.150877047882852,3.2388080357572306,-13.54841849058622,-7.466276887142252,2.597903008725183,1.9958375620692221,2.4458811334107615,-1.6119091753791919,0.8174474190206062,-4.583874717049767,-2.9340026789225533,-5.242797916889101,-0.3751812419321521,-9.283584456759344,-2.5245626794468525,-8.594928973481355,1.3937754360164192,-9.00152213598036,17.627590426942998,-0.8778501962109075,7.841953547083824,-1.4839439345483787,-2.2564315628214473,7.40343874864733,2.917139039266056,8.963246608193817,-25.464337890123055,-1.2458814164039467,-13.246761906684585,2.812416847424947,-1.7001397932826992,12.084726722583305,5.746816381703377,-2.444712519574836,0.2211316205660312,0.43146576728287833,-5.830930836901856,1.3787005140208137,-4.927997078824857,4.742114381900573,-2.6583336238868274,8.565759146012809,1.7232721155182555,-2.7484649006984996,1.7404726665589134,0.08624026410467334,8.820506051576107,-0.12623046680878414,11.554817647881752,-2.4742667165283,6.512395278236292,-2.5579918577889975,-0.818840089837976,0.07600073219888603,6.586959005729799,5.769517091680061,5.7686633064547,4.519605396046433,-0.020984286404059915,-2.1660966423173154,2.052745436352776,-2.5346316273426837,5.226730727836424
neuralNetworkClass 	class coursework.ExampleEvolutionaryAlgorithm
INITIALISATION 	AUGMENTED
SELECTION 	ROULETTE
CROSSOVER 	TWO_POINT
MUTATION 	STANDARD
REPLACEMENT 	TOURNAMENT
ACTIVATION 	RELU
COOLING_RATE 	0.0011
TEMPERATURE 	100000.0
TOURNAMENT_SIZE 	10
maxGene 	3.0
minGene 	-3.0
populationSize 	110
maxEvaluations 	20000
mutateRate 	0.95
mutateChange 	1.6500000000000004
seed 	1646684373006
random 	java.util.Random@3ada9e37
numHidden 	14
numGenes 	129
Training Set Training
Fitness 0.02693515290832684