-2.7855263905478154,4.51015238139635,2.368323254287839,1.74003850144135,-4.607434912234833,8.261128059319462,-0.6985160971485049,0.034784219876666356,-3.9044329623518,1.183082605705477,0.6848912448030546,-2.288057923109438,-8.095881436980498,1.4220526842990822,11.25776297322067,-8.009300471188126,-8.947514591660052,-4.314117575754126,15.898012143157132,-1.1900466391860167,2.5726552756652445,-3.691353072131392,11.36116445514386,-4.70682305695515,3.4645642586316896,2.303328337933401,-6.238456008974149,6.158497036994532,0.601681888731529,3.94673786996203,-4.15988784844581,-11.040618208801286,9.113996909319892,4.78599129823181,-6.228843063592603,4.411652004010788,5.173256347261745,5.8011563088888245,1.3178425940214469,-0.9671585154279896,8.888124680312712,-2.195996091768346,7.5544412149571105,9.340244046852057,7.4997409860933075,-7.751892355772705,1.0808821731643317,-2.77570202647603,3.050965580224398,-6.879152611338869,1.4630654725936738,-1.2157296275388818,4.435419205363729,0.9331871909103864,8.040199686749158,7.383517128183794,-4.184768770416005,2.2684080362307206,-8.551763820256705,-5.698093713540549,6.379225118534727,8.896290441667379,-2.083715251122407,-3.8666948908578878,-0.3539179785232136,1.6045531937762831,1.000707629930444,-3.103656111041521,7.34983665657013,1.2446672512246773,2.1294020089476478,1.5469818474271388,-3.372129446760816,-12.165523194690554,12.186592855849241,-8.898287183627886,5.314382021817481,3.2053711627638295,-2.323728793442009,8.550561520609728,-1.4748766073697985,8.977064515835274,4.560225158279945,-0.4406670809448858,6.652009224210584,9.488352718909738,4.02442290375145,3.6808900847352,5.9690112240211,-3.9924718612935397,-3.4646793594108205,12.515549056654546,6.433569034417191,0.2914477274077729,-6.794520067311293,5.630989832372693,-5.249442979206179,2.307559819923016,11.445691360731846,8.272397984445409,-10.151338710795052,-2.521490187479202,1.488614984273549,-3.83613916617597,4.401832659038671,-3.995744337458106,-7.97324075684611,-2.0276429046947886,-1.988705843526902,-5.9880623379788585,8.81543345790915,11.125989744382883,4.396393916764989,2.879059009475327,6.5991209466394185,-1.4015746160108247,7.775407141608982,5.520846574989912,0.627532582032277,4.441815298244372,-2.749796644196193,2.0279729928703283,3.48541329405943,3.6207861957050724,5.9915069300169534,4.486134827587039,-3.0320140863159857,-12.4295989922813,-7.745707836895514
neuralNetworkClass 	class coursework.ExampleEvolutionaryAlgorithm
INITIALISATION 	RANDOM
SELECTION 	TOURNAMENT
CROSSOVER 	UNIFORM
MUTATION 	STANDARD
REPLACEMENT 	WORST
ACTIVATION 	TANH
COOLING_RATE 	0.0011
TEMPERATURE 	100000.0
TOURNAMENT_SIZE 	90
maxGene 	0.7999999999999999
minGene 	-0.7999999999999999
populationSize 	110
maxEvaluations 	20000
mutateRate 	0.95
mutateChange 	1.6500000000000004
seed 	1646684373006
random 	java.util.Random@3ada9e37
numHidden 	14
numGenes 	129
Training Set Training
Fitness 0.05852323855578854