9.323236776311955,0.7654072234054006,2.1771589455618727,1.3171835745855365,5.6581063835380485,4.0182575606322,-16.140109487315456,6.5672709224886265,5.491780686561404,1.5906899505608552,14.182048058116713,-2.2920034252781054,-6.986828234298308,10.338115388971387,-8.587813710558988,-9.231430120957004,-9.920777295355231,1.5759465268808368,-1.8386000422950852,3.3160924599934187,-2.318478574229833,-1.8193573577800581,3.2439486850103254,-2.6027547995708407,-0.6852588198554699,-2.1426998661774572,-10.620429040834688,-5.421090444809122,-5.2902640984981515,1.0646437757132254,-4.578786543887981,5.222918785863898,-3.9797070766947744,-0.7136759882715715,-11.21317270686959,3.9969286246479587,-0.7837835469119661,-5.927029994937289,0.05630133185727537,-3.772308599282944,2.6865865432043323,-3.047503091431447,-9.485472259594594,10.294820304286349,-2.8042887458303722,-6.683289425293145,5.279014081937321,-7.2575771959191435,9.360459626781546,0.8903026196430774,-1.9546204952578554,9.152780008645642,7.481338366430277,-0.9761277817603711,-8.083503588909194,6.280547142972903,-8.439156987755114,-0.8743389791947482,-2.6990457512001527,-11.262255707541598,-7.018710432877216,-0.0927671168514701,-3.776046076124307,-9.150891515601487,1.5905021382461637,-12.283623410394418,3.6886530285756347,4.514168989416572,6.0574055585391235,7.616058228933623,-7.8415882959229855,-6.583292899104304,3.8107425221401865,-1.2587056349839063,-5.999693619455548,3.014063241800045,3.8628081934027803,-1.8736326264292869,-7.0122974542179275,-11.531959289764012,-10.653734540482697,0.09284768610639738,-0.6454016585050635,0.6459628281539875,-4.144222392311766,5.024436441993748,-4.523126640935576,-1.6252686703919288,-3.4626356489151027,-3.9723107750474753,9.275500431783314,8.47253059949453,-15.942936662985433,-9.111773295516128,-9.205805370115751,-5.687876579827652,-0.6933540837555014,0.7300880001212953,-3.601095483897616,-1.4635258185446318,-4.282186759899075,0.3214246516462431,-17.371037514673397,1.4017407189590232,13.807465403039263,6.24278509300518,6.349641243039988,0.6144643272101291,-0.5846876100287499,10.694782894925703,-13.986719476337226,-5.690909570868689,2.271264568870243,1.0199906192400707,-6.218928676505031,-11.321253641539377,7.54371535406468,-1.1505528617212981,3.4400081440368053,1.2765011374061963,5.72099649016254,4.457213470486806,-2.7305618179319744,2.3461271405527118,-5.033037808903861,4.616959138132743,-6.230936436557508,-11.279317540897894,3.317828255257451
neuralNetworkClass 	class coursework.ExampleEvolutionaryAlgorithm
INITIALISATION 	RANDOM
SELECTION 	TOURNAMENT
CROSSOVER 	UNIFORM
MUTATION 	STANDARD
REPLACEMENT 	WORST
ACTIVATION 	SWISH
COOLING_RATE 	0.0011
TEMPERATURE 	100000.0
TOURNAMENT_SIZE 	90
maxGene 	3.0
minGene 	-3.0
populationSize 	110
maxEvaluations 	20000
mutateRate 	0.95
mutateChange 	1.6500000000000004
seed 	1646684373006
random 	java.util.Random@3ada9e37
numHidden 	14
numGenes 	129
Training Set Training
Fitness 0.030692048342681275