2.1323200074700814,10.331722169509849,-10.519487599878268,-3.546804511867096,10.98477746970621,-6.46423143086222,-5.722483056228539,-4.808102372728999,8.246295163232915,-6.253494238707342,16.160590915910866,1.0102280584214274,8.77598596417127,-5.401322184314367,-9.779406444481355,-3.473274630312348,33.638597044998,-0.7285476823473935,13.940359493386755,1.1534982331160393,5.8098343288912515,1.8023090170660314,-4.99778418065655,-8.84155675134413,7.212804627619212,-6.5685536551149255,-12.95284806790228,4.774477745305948,-2.2005683973765233,10.550227885205052,10.63164760418544,16.88380377639224,-0.9128150057046476,8.158051454238265,-1.6913933662133047,-7.470174409750381,5.495444788525183,-3.899617504718707,-3.1391985552150405,3.8714562919539457,2.8973118048962645,14.816552123281287,8.408690745776681,-5.905843979539416,9.96165357023638,-1.0307185266494239,-19.08279008489132,4.779155103237429,2.056666106721094,6.85875149778571,0.7663626992353576,0.10692255535083994,-1.2394685766419382,-9.293393150684249,-10.571817502940215,5.483053511994708,-1.0763408899433529,-5.012536057139167,3.6078621051061415,-6.925645224841514,-2.0849746203856876,-11.57327017203869,14.059587158921284,9.630019027555166,-7.1264870924304216,3.6186392862953696,10.277842220766738,16.58738764166803,-9.008236646244455,-7.468521987415154,-1.2573068912834078,-5.826090164138698,2.7734369270573467,2.327056434665698,5.862782670769335,-2.983481449171993,4.792809711568118,-4.687259847765521,-11.837487091244165,6.556747874209572,13.359537571806673,10.611523260459927,-4.099880409073472,-4.405468631963936,-4.9342777637609725,-4.43180395136542,0.7310805506623481,-23.154273165130995,1.3139000450785403,3.0655225418415935,0.8965319966841259,-2.7519769464724906,-11.1664401110192
neuralNetworkClass 	class coursework.ExampleEvolutionaryAlgorithm
INITIALISATION 	AUGMENTED
SELECTION 	TOURNAMENT
CROSSOVER 	TWO_POINT
MUTATION 	STANDARD
REPLACEMENT 	TOURNAMENT
ACTIVATION 	RELU
COOLING_RATE 	0.0011
TEMPERATURE 	100000.0
TOURNAMENT_SIZE 	10
maxGene 	3.0
minGene 	-3.0
populationSize 	110
maxEvaluations 	20000
mutateRate 	0.95
mutateChange 	1.6500000000000004
seed 	1646684373006
random 	java.util.Random@3ada9e37
numHidden 	10
numGenes 	93
Training Set Training
Fitness 0.017682181282977463