-16.12850459721644,3.7517997216470054,-9.854734087402235,-8.366785336455417,5.263943926523815,1.361157898388794,9.865703929514497,8.60554149151177,14.10632252756132,-15.068397250451211,-2.6919870224246125,7.911157046814379,-10.830201013890795,-5.653167431115116,5.139146329039768,-8.137162579345098,-0.996797531281616,-1.588320265647507,-0.7918021400429005,-4.054764477214708,5.978831600773823,6.706493253839847,-17.698972754952692,-11.885197163670405,14.460287545744974,8.835893284184694,-0.7032635308816229,-12.714613548894377,10.743294127090103,22.591905788296252,2.1455178917045155,-3.432249768182034,-9.445542633521967,9.319842563523867,4.415126377378061,-4.95662100794864,17.7643933726997,4.8811544999333485,12.418463892558174,12.952534350002583,-2.919355448102629,-0.5991584071020295,-1.9625011620290387,1.5136383915831702,24.732286554544473,13.467866245498017,-8.751023709431362,8.715674765159921,-5.807890172444933,-12.27462692661489,6.5851093590967675,5.037401269997021,-3.1962515841621784,9.693378781585283,1.077678964038789,9.04678090118911,-1.5098901744289526,-6.790044482939692,-6.813300299400984,-1.7788540017378676,-0.4840538933410663,4.50779023390708,-4.99495266217579,3.4032198546330523,7.511389519387402,-1.238639675407505,-0.9418258936469535,2.2202309866905376,-13.015239309421501,22.045829044341858,9.333278576573855,-4.807038755879876,13.611941517627146,-0.40788202305720045,4.525022236585298,-0.2013181310317389,-11.713908609539857,9.103479952909638,9.125128998753722,5.726539588693921,13.145465167430233,-0.28275140343975735,-2.489069951419049,1.6760627754770177,3.1685812123286414,5.801304544598995,9.603156797139084,9.399069911874188,1.2849673806880713,3.868156626171144,0.2160144427635906,-0.8276298691621351,7.2462008204084345,-3.9796063383735785,-13.637192452036311,13.163254436410966,0.13593934054341528,4.3596257299246055,5.258118854586799,3.311887432960006,-4.780871904770494,-16.103111085346587,-8.127219629105975,9.004318078231776,-0.660451546521684,-5.304148704294256,-3.799391395645168,7.846935827544026,10.921361544305096,-8.43898837827798,-9.213889163790935,-8.222189529566567,5.314282163048628,-6.7485505403015384,-2.2598975745469545,-2.2375389636135177,-10.456495941494882,1.6565354696609411,-1.364589149361728,23.871210929417316,12.034481425965819,15.813378556794488,2.277577597297202,-4.627607965419587,17.37915558596126,0.3266409137985278,1.335699248953608,4.750275479827652,-4.555798415828362
neuralNetworkClass 	class coursework.ExampleEvolutionaryAlgorithm
INITIALISATION 	RANDOM
SELECTION 	TOURNAMENT
CROSSOVER 	UNIFORM
MUTATION 	STANDARD
REPLACEMENT 	WORST
ACTIVATION 	RELU
COOLING_RATE 	0.0011
TEMPERATURE 	100000.0
TOURNAMENT_SIZE 	90
maxGene 	3.0
minGene 	-3.0
populationSize 	110
maxEvaluations 	20000
mutateRate 	0.95
mutateChange 	1.6500000000000004
seed 	1646684373006
random 	java.util.Random@3ada9e37
numHidden 	14
numGenes 	129
Training Set Training
Fitness 0.03623099191858317