2.5865997323758476,-5.342109387304802,-14.428402892629622,2.937443422467841,-10.815507468736064,-2.99416335691119,-3.4128387142878474,-4.03854139312249,-11.864918768703784,-1.5326724735058068,4.397163892273511,8.400709465099442,0.01875712185136713,12.519239743819243,4.1813764326389515,-6.228785476725751,6.384980131053043,1.145272506129102,-3.6785605797012666,-5.679238208082759,1.4318259041594041,1.3520820106380222,-3.7754716140415097,0.674403888718035,-4.725926873320862,8.249297064132943,-4.511343097327151,-0.8593712701095395,-2.0366527777978227,-10.893951462546296,-3.2700359027896893,-5.141386125971454,-7.053121544638847,-6.083429314537111,4.984134111211949,-16.19435485403153,-9.738017915087722,4.214850832686421,3.973389674292889,0.9599494958436683,8.311414275364001,7.073228249504665,-9.252700776933676,-1.3221332565806665,5.350304637050812,-6.147736786157772,7.309936129889062,-7.70454580893192,13.988412110059814,-1.9608783270019305,-15.162280331238042,-4.396707389578661,7.22200089079398,12.81913814548405,4.6715732314520455,5.719430820745728,-0.29232592162543325,-3.9798529427346945,-2.9161782283335835,-5.100917965133844,-3.8239433143405623,0.2515899376102615,-3.475443251339266,-4.029148010486608,-10.293738417566376,-12.869669401151782,0.39398773766139694,-2.672044802037737,1.2426188930438435,2.9425314158276343,-7.333402275337427,-5.920953735436751,8.833201983248664,6.735864055197776,2.1097191689577315,6.276962464196135,-4.294780642180113,7.418753919102786,-1.2065597259932765,9.094849493195982,3.9654019634073574,0.9632750361787084,15.330551649178279,-5.4921873598007345,-2.375951053974461,-7.334264092968908,0.4645370253241019,5.514405701828559,9.489453705276983,5.513920990782818,1.3904118535222336,3.695945322409722,13.064968732402162,-0.607631300435516,-1.0024917800812503,2.112807803718482,1.8540228072006482,-0.9230054709014786,7.665101239397947,0.8255369461171007,4.888945741517726,-10.622212999578435,4.271072198519091,-11.145234317191123,-2.4024957102852253,-12.716774761459039,2.040595133832227,5.607625342855269,-0.09339842736719106,-4.207508658686401,-7.833864075140971,-7.70051442223491,-1.74436514569265,-7.358530476406626,7.871845877502067,0.7885440727605681,-5.347439974355441,7.43594987469235,-2.8752686439122632,-11.133046346678304,8.953748774925607,-5.099628383592755,-4.088224689878459,17.565849595424055,-1.665717181774447,-0.4171329455153643,0.4564862639745222,-3.917193523983448,1.0883643777586887
neuralNetworkClass 	class coursework.ExampleEvolutionaryAlgorithm
INITIALISATION 	AUGMENTED
SELECTION 	TOURNAMENT
CROSSOVER 	UNIFORM
MUTATION 	STANDARD
REPLACEMENT 	TOURNAMENT
ACTIVATION 	RELU
COOLING_RATE 	0.0011
TEMPERATURE 	100000.0
TOURNAMENT_SIZE 	90
maxGene 	3.0
minGene 	-3.0
populationSize 	110
maxEvaluations 	20000
mutateRate 	0.95
mutateChange 	1.6500000000000004
seed 	1646684373006
random 	java.util.Random@3ada9e37
numHidden 	14
numGenes 	129
Training Set Training
Fitness 0.0313798706417332