-15.374148275285318,5.58818899756117,-6.885228914550659,-1.3586895466031024,-11.08697341817687,-0.6439661388348079,-9.205228900166007,-9.64537581578311,3.2874243143333235,17.264671795214397,-0.7932825212090906,2.8617484279855,11.831117680907639,9.597566860681166,-8.550879562122027,3.005308405871853,-0.19847874473788174,-15.171717531108213,-3.1511720426403746,15.004476829461275,-3.3552655851411544,-2.9471051331890203,11.869129042204053,12.883594297293055,2.9222320772291113,-2.9113040283760583,1.21815134159902,4.0777593803306456,-8.854054902716438,-1.3943944094800216,-4.03528682805096,9.584527300663707,-2.4349484753621455,2.132221060907507,-1.3543142174498808,-2.627324063497934,4.77546413954029,3.393668638804707,-8.055839634770974,6.694514385542389,4.8436965408407175,-7.969313452122926,7.86070567573706,-19.546985771561076,-5.673550549468899,1.158762877018244,-9.48671867544391,6.261024474977776,1.3629513565356106,-5.546696408740676,15.915987569280635,-6.9813313484998165,11.412864431132054,-4.633845017752051,4.141315016555142,-2.071531970550984,4.805079139181014,16.162123753454964,13.909625110875934,-3.185042507821869,-0.9912629536383495,0.4878596241146598,2.539869638104018,1.3642299918686138,-5.948553084475248,9.082094325452612,4.194323301943145,1.0179585162170115,-7.384388477451217,-4.482867265212473,7.989451795674885,1.1924412857496574,4.140609327649346,1.0950017339819347,4.940978136003242,4.750668491848907,3.7972005081819384,-7.5174868965666155,-7.98123014213259,0.37012841697010934,8.797573230569917,-0.3604702910978679,10.797925708444657,-6.830134050146134,5.868074401506822,2.0024168497557557,-0.6218210978885166,-0.7610839792006656,-2.5913475730416256,-6.585202292955477,-13.633051101170143,-0.1145664827492423,-0.7694624309926219,15.65015732605528,-12.718259100974517,11.046911853761328,-1.3304659961080638,-1.999205592021692,-11.598526113839311,-1.5407830466081673,-7.603384103572239,9.635112475887627,-1.852388119857019,2.387246075759627,-2.903310215631028,-1.8556475448746914,9.268409087925287,-15.645352050897126,0.8369695686787519,0.5819251220949342,-18.45729142640802,14.269723461460218,-1.5185765469839803,11.1122490000283,-0.43633789575235316,16.58136907279951,-4.928714989924802,20.133480808214543,-4.180888607917881,-0.013066194568393641,1.5041707561731474,-12.818060244894212,4.4671743343383294,-6.763141313775003,1.0138987713147127,-5.694316097968378,8.628935414203387,17.58756129822969,-7.909984149451257
neuralNetworkClass 	class coursework.ExampleEvolutionaryAlgorithm
INITIALISATION 	RANDOM
SELECTION 	TOURNAMENT
CROSSOVER 	UNIFORM
MUTATION 	STANDARD
REPLACEMENT 	WORST
ACTIVATION 	RELU
COOLING_RATE 	0.0011
TEMPERATURE 	100000.0
TOURNAMENT_SIZE 	90
maxGene 	3.0
minGene 	-3.0
populationSize 	110
maxEvaluations 	20000
mutateRate 	0.95
mutateChange 	1.6500000000000004
seed 	1646684373006
random 	java.util.Random@3ada9e37
numHidden 	14
numGenes 	129
Training Set Training
Fitness 0.03071457918540819