1.46593020273996,-1.9080601091583382,8.295286290175365,-1.618011109745602,-17.475027149186822,-4.2473852527878275,5.372886167650644,-7.0595747774367545,-5.67875191482517,-1.3836891776951532,-0.16191855000983413,2.6675818418458404,7.961260983437922,1.1772303113878078,5.746692566521057,4.886577533227486,1.2761944547276025,7.973332918858352,5.340850858002292,-7.214774582770753,-0.5028937996052729,1.587519738764831,-2.576691601482846,-8.450189539549315,-0.8352667627512913,-1.5232297921659175,-5.70890220617672,7.134050215326278,1.7551307719062716,3.6554258493430707,10.046495922027384,-7.403390458505478,1.0258496299272322,-4.538185424428638,-7.601316731211162,-7.237191034383031,0.8671153550792576,-5.993491768429724,-11.860215982857454,3.8691399080124755,5.9286401192606935,11.032374604625545,-3.777962153533611,15.465985502390472,-12.364354575135428,9.31734114373091,-9.298591525152741,0.6317742275241756,-8.181910456309595,2.5375443122779373,-4.003263011258539,-15.203102636206976,10.284986066362773,-0.8111549630080059,11.815095378495716,-6.483812895099204,-8.426870497296783,5.200110339843767,19.02758786414921,1.9915591774023262,-17.271323685101883,-16.297917525814203,-0.47598464936715423,-2.979487229514989,10.090376433405257,10.51455010103911,8.40626425877312,5.082580161179859,1.8264046806199312,-8.167764306776998,-6.757498488323096,3.931834721933174,3.6675463223436893,3.7084749122759515,3.784478080278518,-5.964779234038904,-1.985933402278322,2.7921733705610823,-5.337396063700747,2.123573243465774,-1.386214057944816,-3.8738615918546415,2.0659601234033937,7.127951110027692,0.7641326101163006,0.5156579769079581,-2.3151013720733555,4.000902485820296,-0.5603851630544128,10.53532021879728,5.974482005907941,-3.498390336845624,-1.695525881142471,-10.78954420943711,3.084807888271482,13.201698542419573,3.8549783795039296,5.228817358835336,-7.511455694212421,6.303450010376116,-4.1615110682928895,3.7314646949987686,-6.991939440010535,-5.068700928109356,-7.633261999078524,-13.985025439971109,0.6800510469896839,-7.077713311779824,-4.249363933600376,1.3198749989029555,-7.30683614119252,-2.0752000519834404,3.5150285321852337,-6.169498971856147,0.2512377147801512,17.147726711701328,8.493151815260344,-0.5564382983573379,-0.38648245621469446,4.745966812475617,12.625987076736592,-2.4249051570898565,-0.60473418151361,-7.002301769975099,-2.312046661573117,-3.7731713277011902,-3.988407451650282,8.056881219041124,-5.026697460253016
neuralNetworkClass 	class coursework.ExampleEvolutionaryAlgorithm
INITIALISATION 	OPPOSITION
SELECTION 	TOURNAMENT
CROSSOVER 	UNIFORM
MUTATION 	STANDARD
REPLACEMENT 	TOURNAMENT
ACTIVATION 	RELU
COOLING_RATE 	0.0011
TEMPERATURE 	100000.0
TOURNAMENT_SIZE 	90
maxGene 	3.0
minGene 	-3.0
populationSize 	110
maxEvaluations 	20000
mutateRate 	0.95
mutateChange 	1.6500000000000004
seed 	1646684373006
random 	java.util.Random@3ada9e37
numHidden 	14
numGenes 	129
Training Set Training
Fitness 0.025930655686023468