7.69509267050908,-8.879394820551337,-17.436891452719337,-12.097719915146937,12.433733948650518,-12.803920892598985,5.258575960545965,10.186756382673655,0.41129325318938825,9.530523197580244,1.2919140395766,-18.61970579078823,-10.019091663386279,10.516556915679505,-15.260086387623408,1.5225801033606494,5.891400622730339,0.19812323253631448,-10.735344559409851,-13.182524229047665,4.7417279405735755,-2.6885930933456823,4.48969422071623,10.638057171081693,1.7836817780828973,-12.001698502360599,-6.688653665205152,-6.4662179249202385,0.3003565149872127,-3.048509819895658,-8.883836727542505,12.872101040217277,7.021901044846716,2.368572632428714,11.85340638604302,16.108929635745717,-2.438450106573203,-21.451474397563302,-14.723426152877714,-12.617983697057099,-2.98608800321846,13.107144117014519,-4.379236855877512,-11.891657203331375,-0.44601739126712125,1.268972363827353,13.422889706980222,-6.408690523762864,5.909327171451907,6.661590431020146,6.419514788743438,-2.8444377258547404,-5.25063075091996,-6.506018843448976,1.32226840376142,-17.623069788622075,-12.055298630950935,7.294066124062558,-0.17640684048589428,-4.387948255339401,-1.604180386471005,12.311352035040063,-6.924238428772179,4.606876544058362,-14.385331630900465,-1.7410062315765726,7.913861436026001,-0.4246616137190866,11.513865858921433,-1.4245626018082191,1.2586713833580134,-13.760893948954438,-3.0325337270411303,-7.570834620283554,-4.661911903514963,-10.49357320776206,0.7035960972329232,13.920926500435106,4.955999408636634,-21.107313244968623,-19.126709542566154,6.206194036161975,-12.184769777391846,3.3474223894063098,-6.338664459033332,3.016448903895748,-4.183574366790628,5.602127006092985,4.563911448495498,4.351254237571261,-1.1925326231094537,10.740302573088156,4.304310505069571,-3.056064888986299,-0.601744730797491,2.9658222494290687,-6.158005937079517,-8.927952667679957,4.883420684584911,8.657772182545392,0.9017324737502683,-7.31032861237912,13.780770718636713,1.7995546444354718,3.7585572278871133,-1.6480699383245767,-0.3540019664264431,9.407142467466763,-1.0892577654534579,-0.017013028870810132,0.46442715860018335,1.705984204745084,-3.54298984418881,-0.5928562432502069,-1.701701808368096,-1.8318309477770711,4.115648561109115,-4.631490354343217,8.733327285268166,-7.828930832268194,8.28220343508179,18.008081835114503,4.721015782444285,7.575788092800352,-5.731099402316949,-22.10207118248408,1.2034140847650736,-0.9516484638091658,-3.9970672743610542
neuralNetworkClass 	class coursework.ExampleEvolutionaryAlgorithm
INITIALISATION 	AUGMENTED
SELECTION 	TOURNAMENT
CROSSOVER 	TWO_POINT
MUTATION 	STANDARD
REPLACEMENT 	TOURNAMENT
ACTIVATION 	RELU
COOLING_RATE 	0.0011
TEMPERATURE 	100000.0
TOURNAMENT_SIZE 	90
maxGene 	3.0
minGene 	-3.0
populationSize 	110
maxEvaluations 	20000
mutateRate 	0.95
mutateChange 	1.6500000000000004
seed 	1646684373006
random 	java.util.Random@3ada9e37
numHidden 	14
numGenes 	129
Training Set Training
Fitness 0.018891639658522814