8.249166932258222,-1.391142377188702,-13.701713620523945,2.8566366850368947,-11.109135979448345,-7.621667070644237,-5.685679840159047,-14.562021016154032,2.8957262512655815,7.023538182788199,-7.385994122031539,0.4852147914725524,-2.2467783534189465,11.086999033666364,-3.7603212408071798,9.535326796441488,3.702189779070517,-0.9503583557177571,9.764399961387527,-19.714840966890876,4.218589518357126,4.603171565166582,19.108656430467384,15.072471076245142,-5.698409600784616,6.609319909195358,-13.444039455249442,-0.37594574661555313,-12.274181565900175,-5.540237412367538,-4.1392542413512725,-1.2287637569546597,-2.761886723914058,0.6079382239989695,-1.1787505323359566,-7.040721528223559,15.175199120502002,15.988918575560922,6.306874851856973,-4.309162405215232,22.364222247760637,2.975900142581672,-8.61618300316741,11.194837176700778,-7.008848324468325,-6.108188191386068,-5.775462611369798,8.350767126169197,1.2825861978266193,4.851953754280629,-8.03403329374954,0.5745982685558344,9.844560962977061,1.2085055688391395,-3.5518861214798942,15.486174996501871,-12.406110300018703,-0.023005337569570017,4.83732575830118,-0.8708577538693509,6.061831778386656,3.5935846007215106,3.684475368644618,-6.851704824345967,0.6170397688707654,-3.5343477120849744,3.3844651554235954,2.6550435500289264,2.341395217746867,-7.45479477029266,-14.219276897325775,4.59957219347819,7.32456005595853,-6.1291213849606265,-0.7342388850828119,2.4616472458862333,2.2431130515693845,11.863353160667975,-2.4677446758726234,7.723266944092064,-4.837318106300816,4.565927792124382,0.9467066870161016,1.4610172615878625,-5.628534517209676,13.012221520775809,11.492176616440064,-9.013613041773922,2.410011432128095,3.9903193757770143,-6.56315651721178,-18.773972993124033,-5.557019537682397,4.563812712566627,-2.442598305318456,-7.904372003087547,2.0307831042490987,-7.531729020028363,4.626397105347037,-1.4640317117173693,-2.8784439466061844,7.794607633854898,3.15816492932807,-8.343629364846919,4.320118391842547,-6.724397127759833,9.42242075887679,1.5300275489571344,-12.648410585599759,-2.216738659077505,0.24091084839910692
neuralNetworkClass 	class coursework.ExampleEvolutionaryAlgorithm
INITIALISATION 	AUGMENTED
SELECTION 	TOURNAMENT
CROSSOVER 	TWO_POINT
MUTATION 	STANDARD
REPLACEMENT 	TOURNAMENT
ACTIVATION 	RELU
COOLING_RATE 	0.0011
TEMPERATURE 	100000.0
TOURNAMENT_SIZE 	10
maxGene 	3.0
minGene 	-3.0
populationSize 	110
maxEvaluations 	20000
mutateRate 	0.95
mutateChange 	1.6500000000000004
seed 	1646684373006
random 	java.util.Random@3ada9e37
numHidden 	12
numGenes 	111
Training Set Training
Fitness 0.012262802797463447