-7.526866666098007,-0.292601116775856,6.874588107137361,1.4399414362959142,11.82653654972474,0.6222919484219283,-14.400695356238705,-7.738685133509748,-3.0260082002803514,-1.3028887522867159,1.3843274808421153,0.4882097622922972,-2.479988299597185,-17.232776699308182,10.683589290259155,-2.728727137870962,-10.985011945882153,-6.086405400760542,7.18154080113449,0.1300113919811876,-2.756614900910673,-12.17996229613543,2.830153410985057,2.339721091214873,-1.440878295871764,11.843075371702408,-2.3394770608697675,-1.6689523693585855,2.544352972719974,8.590063212807852,-0.04475539586986965,-5.906274233899582,-1.652843099625703,-4.822614350031363,-8.384224864223937,-1.0790447268649563,-3.5295740053619324,2.1542106623803674,11.594544233081798,-3.08669913085547,11.788566417390284,-20.721537905765878,10.18462792911015,0.030920093620935063,-6.089602587868812,-0.5796624105427535,-1.0796623215090193,-12.009651935169709,-2.014053609919541,-9.20512639044799,1.340131439524228,0.4469896290845119,4.8716272692362885,17.48873373107974,2.6487965632486237,8.336888560638581,-2.127409197976455,0.7975607011193828,6.288901443767914,-1.578729025518399,-6.177171386956888,-12.221086356698954,15.342061571101764,4.334774076162255,1.2429126085046533,0.8237494082129544,4.089626836126223,2.6399333454134357,1.1769957152841997,9.095014219239857,2.02474546454136,2.4868493993208807,-7.38365490939257,-10.20089810163874,3.5880506069007314,5.936121391684236,-10.710734012307087,2.168070337982429,3.7570787987806593,-3.6887496681816794,5.860770559803119,1.705098808908975,4.636731837388525,2.732549537197409,-0.09952087913545338,-4.075074951981434,11.500290219043322,7.67712992735278,-7.533706290086384,1.219444932830414,12.167593531090343,5.758710780211127,-9.014411351604657,1.4478326681613538,-2.8685694536289903,-6.438674954200732,-4.857872339217673,-4.169307981024078,3.67203849134526,-9.691932504647268,16.00521924282817,-8.633985952701156,-2.75241242685071,4.92067494954831,-1.389804226924399,-1.637150066090224,4.999479663738944,-8.941465553026662,-18.244966832697884,-1.6711170615332689,6.453278732654484,-14.364058813541108,5.383958552860529,-7.401447290581249,8.974646515014157,-8.47564397291475,-10.507480324071626,1.3126128365553509,4.533658050296681,7.33499546637842,5.482417551438118,-7.164647476276768,4.643976492517843,-2.3980477420561677,10.591286824029668,-0.6045577522389962,-9.538881103720549,0.9201906727983413,6.172572422513965
neuralNetworkClass 	class coursework.ExampleEvolutionaryAlgorithm
INITIALISATION 	AUGMENTED
SELECTION 	TOURNAMENT
CROSSOVER 	TWO_POINT
MUTATION 	STANDARD
REPLACEMENT 	TOURNAMENT
ACTIVATION 	RELU
COOLING_RATE 	0.0011
TEMPERATURE 	100000.0
TOURNAMENT_SIZE 	5
maxGene 	3.0
minGene 	-3.0
populationSize 	110
maxEvaluations 	20000
mutateRate 	0.95
mutateChange 	1.6500000000000004
seed 	1646684373006
random 	java.util.Random@3ada9e37
numHidden 	14
numGenes 	129
Training Set Training
Fitness 0.017289816066454404