3.3516968909765277,15.561867195081145,-5.455212734971548,-16.026394728652413,9.006904252848596,-23.64312184499476,-4.598784655553832,-5.329693979969136,-11.51613968171023,8.237883308243196,3.758373804345287,-1.2266290120776553,-5.851077134599608,1.8574127924067563,9.397276000704576,5.876395375160778,14.221158278691274,0.6618635651531655,4.611280290867149,6.8120521195654575,1.9326810457368744,18.571486034099877,-10.456377556613615,-15.601949039179177,-4.568577106958192,2.035607831031868,-2.5626354989236706,-14.870944364966762,-23.681053344824747,-20.71860238339896,1.5628404829143197,-7.8087390547078375,6.570216530596825,7.575635077670258,-8.739282957728523,-13.753756084620349,-0.5259681554748559,7.857630952723612,-5.900658593197699,-2.111867538116197,-2.937867749012068,-27.222388823951164,1.643092518896811,5.423053209117231,-6.288225842273971,-12.261449348233091,0.6139972388978157,-5.497758026429764,23.910878304447174,-10.50938613983204,-9.498077339618575,7.010123824965611,-6.833354308831881,-5.683966661242639,-18.060797793761772,-0.6839089081363241,-9.832167007989012,-7.031574977704389,8.903597047261517,6.893627757633817,-4.2723223055067425,-5.155782347410393,3.099046061469794,-4.157146175236229,9.388760590734199,1.265036588284179,-12.613299686639259,11.422482236050035,0.2628876633962798,5.788563348580896,-11.000713191324069,-6.295396513846369,0.25837272340127093,-4.9584424149355915,1.8198932936445154,-6.839363188265192,1.5138975172174156,5.2824033736298945,-13.858188524303012,-9.830793819741865,1.8624240449222853,-12.198289160561208,1.0991246262386847,4.1566214485513955,-28.009570937519932,-10.391819327663953,17.318270916166085,6.338069853492567,-8.16296993293091,-10.92689527018832,3.4888610381876664,-11.827458780127696,7.1943654692749295,-6.179446363025898,1.0375773290466475,-2.523066184339169,-0.9751064649524741,-18.14852991599256,-3.6879757907494604,-12.085290678773202,2.0030652745692628,0.278560305650978,-1.9580479564815771,-10.268110980767707,12.26812865277611,-6.224952042261746,-2.156679925974574,2.258101009334945,9.24161678997599,-12.795973660873184,5.3662096194917375,-8.227185062570369,1.0173673798963803,-0.8036841612256218,-7.639349263421602,-2.3431803161453786,-1.976279007316661,4.883407014737777,16.144967107997957,0.6064206923512359,-10.063159996888208,12.718240827697844,-15.790706617347753,-0.017239639747240965,13.940889033644064,0.18024849141973398,9.32246626517188,5.451078285517326,-10.414887449148663
neuralNetworkClass 	class coursework.ExampleEvolutionaryAlgorithm
INITIALISATION 	AUGMENTED
SELECTION 	TOURNAMENT
CROSSOVER 	ONE_POINT
MUTATION 	STANDARD
REPLACEMENT 	TOURNAMENT
ACTIVATION 	RELU
COOLING_RATE 	0.0011
TEMPERATURE 	100000.0
TOURNAMENT_SIZE 	90
maxGene 	3.0
minGene 	-3.0
populationSize 	110
maxEvaluations 	20000
mutateRate 	0.95
mutateChange 	1.6500000000000004
seed 	1646684373006
random 	java.util.Random@3ada9e37
numHidden 	14
numGenes 	129
Training Set Training
Fitness 0.013664308881609183