-4.303681077466902,5.205572539182967,6.417477635614346,3.2929013675466905,-0.34961161326341195,0.4439001668500375,-0.8541569051350599,0.6577993415832442,6.820540959926268,-3.6551176454769756,-3.719210245453227,9.27256434835241,-14.24240361650217,-8.457189689373672,4.654436919219622,-0.6005038469038366,11.428719295785104,-0.17766673310643277,-5.090337262355513,-6.157475251531373,14.145830007486904,7.195454481388922,-1.4434741129732132,-7.011109159458421,-2.408513904554268,4.32717159967265,6.145380403833013,-1.9202612694718866,-6.875869030567362,1.997058971680131,-1.3408736146100608,5.833022343734708,9.14709007096223,-8.751295912048562,8.085364554032704,7.660019878759373,19.19618502666558,5.357160656947468,14.304379717447103,-10.083635532797793,-7.840178551162241,-17.612058068768135,-9.318387112274864,7.21560359396112,18.591889649344466,11.901936844544167,10.943516318626784,5.607914744989815,9.611801545293183,7.32899004297003,-7.30657983557017,-11.16129209803278,-7.792527888403399,-8.861253230329657,2.339272155820673,-14.048538410824133,-2.8339620007660944,7.680724436332108,-4.992150487131482,4.486241732549708,-0.6879026339931222,7.646428953013692,4.510273023479562,2.949968347012206,8.999182368380552,7.124695773175061,-2.048610317551076,-2.103401097474398,1.6598568136876226,1.9272943805274565,0.9908244646901023,2.7050109470119312,3.8524262799386673,0.5051945328138299,7.966235842191073,7.379473645197082,-5.565783113432598,-9.993249876282654,-5.720456184055742,3.3722063730975043,9.298976104627327,2.1974188227206906,-2.1253664784758195,1.6896365010358814,-4.2243724018701565,10.066493316171625,0.40027348946701125,-4.80642996706327,-2.8734591297730567,-4.110321455717279,1.1047194088741241,-5.80439229185751,-12.21153358163412,4.647211401106979,3.398710606006162,-4.632260606309562,2.283273875204415,-17.88442409241715,9.990427392087051,-1.8451429905007046,10.009392872881282,13.285030268723853,1.3481938353857048,-10.530998629845772,1.5856022268376115,14.772099092870835,-10.887387193372046,-2.677997738177673,-14.093395310910532,5.534603997079186,3.044219031189108
neuralNetworkClass 	class coursework.ExampleEvolutionaryAlgorithm
INITIALISATION 	AUGMENTED
SELECTION 	TOURNAMENT
CROSSOVER 	TWO_POINT
MUTATION 	STANDARD
REPLACEMENT 	TOURNAMENT
ACTIVATION 	RELU
COOLING_RATE 	0.0011
TEMPERATURE 	100000.0
TOURNAMENT_SIZE 	10
maxGene 	3.0
minGene 	-3.0
populationSize 	110
maxEvaluations 	20000
mutateRate 	0.95
mutateChange 	1.6500000000000004
seed 	1646684373006
random 	java.util.Random@3ada9e37
numHidden 	12
numGenes 	111
Training Set Training
Fitness 0.013338837059113321