-14.989884779260914,1.0665061557145137,-7.463529975451495,0.2063566096361047,-5.803815770592445,0.18673766092044097,12.405986968119153,0.6118956086501051,-0.48686586567154677,11.578076581079724,-1.2277321405475377,4.651330257115854,2.948289884525617,0.03572868753700753,-1.6147176482035706,16.66958057228961,9.396277380781088,5.396559718248362,-9.688609339155061,-9.560342987235078,3.9658513952578165,-15.638748887658915,-1.1981088439117702,12.368842056672554,0.6801559395416068,-7.436636505299637,0.7218905908480995,-4.040559334589844,-2.899028447559097,-9.287751330625634,-3.012961351589629,5.685219188485316,3.0133617876023093,-5.248013041050464,5.555287953804475,-3.6463623201520665,2.2004930270020946,3.781257387903983,3.0579399362092827,8.070465734277894,4.619260030067741,-5.880711975364138,-2.721144914063145,-0.3426449741586328,-3.0942924317808638,-4.069239850578278,-5.447192887952937,9.744426136599442,7.295100918972905,1.6877840070190953,-11.496420501779042,2.268913628494234,-1.1151457370037452,-7.950209850984824,2.02950206701545,7.107394571500302,-11.800612146058423,-3.4175814551409402,-6.631256980154147,3.503113072583462,-15.465657620226983,4.114221827358678,-8.61122402213957,-2.7786046913363034,-3.736560015981901,-5.104766470190066,10.694054159023656,4.77513616621365,-0.8153616336514791,0.4741839280172342,-5.816969762936683,4.558820979049692,-13.386912662898137,-8.598614954564596,8.960272618994104,-7.536469081374758,12.546752569941408,7.992036062630829,18.57153737256843,-17.833133013388846,-0.863565720001505,2.8999384958037604,2.4292618001776374,-14.449293116509047,-1.2147355111911233,7.304342678712958,3.6330603473853245,-5.703800213448542,17.133630174290076,4.852881970473286,-6.235592444229773,3.0893836460494537,13.503823420146277,-1.3687147685144536,-1.103194477598466,15.192295165619797,-4.815414957304917,-6.904205230737103,-13.53765886720267,7.093429344184072,5.279062464224165,-1.5430534114053955,7.102648969034636,-13.55211436727806,17.070565758359322,-0.3563908945617511,16.75690309070538,0.9515259736154542,-2.1211375634398753,4.003908245611257,-4.761273227087129,1.3722797563795242,1.3141785436982882,-8.823066002164435,1.0120298665501766,6.293162584895541,-2.9875209494368224,-0.8131177693890272,-12.792752320678563,2.124705471241649,1.123712686766651,-2.551849441465367,-2.375709777899477,0.9879505099071881,-1.882549848291747,13.839812627921402,13.809702498746063,5.21397452384886,-2.872333332155425
neuralNetworkClass 	class coursework.ExampleEvolutionaryAlgorithm
INITIALISATION 	AUGMENTED
SELECTION 	TOURNAMENT
CROSSOVER 	TWO_POINT
MUTATION 	STANDARD
REPLACEMENT 	TOURNAMENT
ACTIVATION 	RELU
COOLING_RATE 	0.0011
TEMPERATURE 	100000.0
TOURNAMENT_SIZE 	10
maxGene 	3.0
minGene 	-3.0
populationSize 	110
maxEvaluations 	20000
mutateRate 	0.95
mutateChange 	1.6500000000000004
seed 	1646684373006
random 	java.util.Random@3ada9e37
numHidden 	14
numGenes 	129
Training Set Training
Fitness 0.02124236107829237