9.181664147255326,-5.051319634218124,-8.911736373830397,-4.978846296337374,16.37833384686936,3.7250435035593394,2.489236340057115,-0.2421497329931812,-2.1558743656793324,0.7484201392755541,-1.805914005576982,-3.0217371376777518,-3.0123142992129424,4.629541411946244,-0.21736179901107455,-4.735524250054269,18.038915087252057,-2.215317572132414,7.153666011082269,-6.231706906429697,-1.7612768031257602,-15.942520758379532,5.293096135259556,-0.9920692406055505,-0.5037560894507838,-4.027684619506209,-8.427657974152169,-20.90204627715987,12.349289722100016,-3.180199493318675,-1.1743754938190776,3.7870104086080767,15.999370024927869,-4.342709961002738,3.30944590685521,1.7790817397393806,10.265648097915681,-18.72268614300006,-6.210826809305916,6.252637349487817,0.5127537892159744,13.254203794229607,-3.473014042433432,-1.881735518588723,8.005419776795135,5.174132957311878,-1.6877572509185823,3.319003885954327,-13.771546694344961,16.286202033524795,2.129613453252179,-4.871199722200366,7.283605248708076,4.6821262570845805,7.702124887128166,1.8931485346938421,-7.564558126819765,-1.1304959785562314,7.525561512786753,6.682185520291786,-1.7736268281549195,5.9485647605940954,7.027461229168839,-5.809848338572485,4.616539942150632,-3.615280296111587,2.5882433451053144,10.016316637565284,-0.5726948615833933,-21.160843176933504,-2.8961978224721285,-20.24886140170124,-8.372354279088551,6.8271479925346945,-1.751804140868682,13.067591819130365,-2.1992154713818337,-9.131345449256882,11.111858474458662,-2.7687213296748867,3.163953077270401,0.37824004573645276,-22.40494070249631,11.144103339678713,-13.462783770526725,-5.088777515245877,9.12812961137498,-12.575033653961292,-7.082154778492091,3.1404183263670378,7.719276781851841,13.957104296550298,7.1147643752454055,-0.6172467192302244,5.697597544055007,0.9453722697096918,-9.01685071757185,-19.87256285677919,8.073204564055825,13.077941552202052,-0.22770274458488693,-6.2126799638660755,3.928173747814979,-0.2244475980666838,-18.13955835112136,13.00247281893636,-1.6686824582071642,-14.962362244782993,22.098224445849965,-0.5800486377429426,7.686586864338638,4.158302087201984,10.818090752867262,8.05613093449917,-3.520799569524038,-4.263686170593717,0.23991633734346696,-4.4820831576834,3.675397856572408,-14.158057663530192,-10.436276275463806,-9.533442503115316,8.511009194589814,7.129637173827122,5.888391161854042,5.152712056582276,16.820830415110834,-14.150772487384472,-2.8691938567797264
neuralNetworkClass 	class coursework.ExampleEvolutionaryAlgorithm
INITIALISATION 	RANDOM
SELECTION 	TOURNAMENT
CROSSOVER 	UNIFORM
MUTATION 	STANDARD
REPLACEMENT 	WORST
ACTIVATION 	RELU
COOLING_RATE 	0.0011
TEMPERATURE 	100000.0
TOURNAMENT_SIZE 	90
maxGene 	3.0
minGene 	-3.0
populationSize 	110
maxEvaluations 	20000
mutateRate 	0.95
mutateChange 	1.6500000000000004
seed 	1646684373006
random 	java.util.Random@3ada9e37
numHidden 	14
numGenes 	129
Training Set Training
Fitness 0.09859237944486784