-1.6261231070767117,-13.034009359292032,-1.5569323123517265,-0.19807777650890124,1.790116217676962,-3.4717408392593407,-4.701412169559388,-8.301934878765497,-3.201756490958145,3.4375830757008465,3.507716927879544,16.415620840524696,-8.45259220345247,-3.154926923514564,8.152198664784851,-1.8793411548932557,-10.194939651487159,8.330837046179866,-0.08944989191186181,0.24009738314298268,-7.974036222973686,3.525687710084574,8.32118959019185,0.10997526634166199,-3.0407887085986554,9.630075106972793,-1.3998144982155734,0.28851170482375377,5.214905437113126,-3.274718000396973,5.039474430029106,9.719909612608701,-3.0372687619520367,1.7834434016104126,-3.178642077800925,-3.2692429658990516,1.9039949216094874,-1.586775092331214,4.713798147905615,4.955528976236989,-6.4032148134607105,8.027018062978051,5.158493749888132,-3.378908853104411,4.9207498086639205,-11.616715760938938,6.479927856278584,6.622254902648923,-5.006433309611754,-14.905797817667494,14.628541470386448,-3.108668505954757,11.495523886631506,-3.455952342022446,-1.8251038155086894,-5.1957179572050265,3.271709489067222,-11.512243030266493,-21.155848813459407,-6.62554188895921,6.513148064648384,-0.2081000193474205,-0.22860948777593482,3.1120762193888645,10.16880607945004,-6.8581889737830934,3.2682971535328225,-19.826532084303018,-18.040274889901156,-6.4810996436830415,-1.6296178959239072,9.7387958758853,-4.795372983664701,11.401191364169806,1.781436778875456,-8.30967573900136,5.223171863684421,1.807903032191854,6.448088584205381,-9.834519272614003,11.408634553644985,-5.204580095990161,4.982300148798351,9.679845451667033,-1.9438971825024565,-6.382734393919993,8.403363782273921,8.254851068326168,19.895384544110918,4.7847193742014476,-9.856596436458075,-6.556624011129751,-4.840351244016867,12.907488359428685,-6.6483915075568465,-11.826438180122386,13.421410267157553,11.605372061079402,6.39238098651623,-11.422915779670307,-3.453195829152973,-6.637871456864781,-1.9387039797948553,-1.367245178905371,-11.642818080490644,8.291775563500195,-3.20977289111444,-3.4602697011727184,-1.4061027295060384,-9.844666679271738,6.679206215256292,1.736753281335818,4.757735532108609,-3.1474612023740667,1.9275457780769751,14.804747987784658,-6.311223718356892,-10.031664951029386,1.9404617355591016,-8.020257963431145,3.165565070223594,8.527962554382736,18.309897576708806,3.211484328677792,-1.6156942033514632,0.207252783800981,0.10946033467615912,1.9302773527477992,1.679371511625451
neuralNetworkClass 	class coursework.ExampleEvolutionaryAlgorithm
INITIALISATION 	RANDOM
SELECTION 	TOURNAMENT
CROSSOVER 	UNIFORM
MUTATION 	STANDARD
REPLACEMENT 	WORST
ACTIVATION 	TANH
COOLING_RATE 	0.0011
TEMPERATURE 	100000.0
TOURNAMENT_SIZE 	90
maxGene 	0.30000000000000004
minGene 	-0.30000000000000004
populationSize 	110
maxEvaluations 	20000
mutateRate 	0.95
mutateChange 	1.6500000000000004
seed 	1646684373006
random 	java.util.Random@3ada9e37
numHidden 	14
numGenes 	129
Training Set Training
Fitness 0.10390660071140108