-9.693802045086317,1.7270558995115346,-3.4381730529755483,9.793425542203217,-8.123690656261896,-1.3684151813866863,5.307031809984125,9.719326448741747,3.4031121326297775,-8.313190389552243,11.600593387671928,-11.634523056884031,5.13422767466896,3.4103681718580647,4.963127294954003,-4.767612385673098,4.948355183400874,-2.9963305907745386,-11.464933197448518,-0.14545742614830903,-8.038952255591376,8.093837167190369,8.406820583667098,1.74266572909898,5.013495608498479,9.68619639420639,5.196445214301823,12.806073512133564,-8.477248438091372,6.8712716783167025,-1.9492155420737287,-10.246286348099462,-3.0814399057509716,-6.208688967517217,0.37759185816184626,13.050060469661355,4.833529941362198,-14.604133726591098,4.786223056713212,5.040471932048562,-8.582111709753026,1.3252144964574146,-6.770682469544665,-1.417188436424432,-0.04001448690147491,1.4527455700340752,-5.2565631684169665,4.662423327546884,3.5977327974657127,-3.602484253892916,8.50915318523468,-0.33035546268561333,5.24789966781886,0.2537861598830631,3.3686910167452737,3.0039603378654007,-1.3626754835980561,-3.6387655495341233,1.287105898408817,6.524403204908564,-19.952835664756783,-3.400129839658822,-3.2947505240260178,-1.902486224514126,5.3208359031963415,-6.221010779683539,3.3674936104444404,-4.799346822616584,6.447935741749541,5.151195429082884,-4.850733033215695,-13.209065915921075,3.072701551174389,5.099448450767849,-8.256760968652733,1.4032407114452932,8.096358378841014,13.210441718185265,12.815620286964762,-0.030620699581950905,-0.15942447952230498,16.366147424340156,4.994110210965172,-4.746445877537278,-12.872986261600065,1.31457455611785,2.910928346797059,1.5445862169123679,6.349485735782206,4.891875329673463,-11.88869832960619,-6.653379670088909,2.9226276100174013,4.822308572017366,-0.3691496580924074,-1.3089645598243225,-15.13290298532735,-3.246366099438264,3.5659114917540737,-0.18937008470437666,3.0045244308066863,0.2528614304454564,-0.27978090902987107,-9.517234970434766,-9.835497664629793,-16.67379119149478,9.6897903504103,10.180467317400351,-4.773018035175026,4.647105275384488,-9.82098754635343,-3.077398093929668,3.1159699048568728,6.814374194156029,-1.5063536584064856,-8.002757366894963,3.542979853637517,11.567008314198452,-1.306231420075651,0.20389924833921036,-3.0865748195025073,-1.3832131215722514,6.967024308540035,3.375751351959,-4.72493196451601,1.9035415324480294,-1.8812837154384532,0.23059439358352618,9.863316974355595
neuralNetworkClass 	class coursework.ExampleEvolutionaryAlgorithm
INITIALISATION 	RANDOM
SELECTION 	TOURNAMENT
CROSSOVER 	UNIFORM
MUTATION 	STANDARD
REPLACEMENT 	WORST
ACTIVATION 	TANH
COOLING_RATE 	0.0011
TEMPERATURE 	100000.0
TOURNAMENT_SIZE 	90
maxGene 	0.4
minGene 	-0.4
populationSize 	110
maxEvaluations 	20000
mutateRate 	0.95
mutateChange 	1.6500000000000004
seed 	1646684373006
random 	java.util.Random@3ada9e37
numHidden 	14
numGenes 	129
Training Set Training
Fitness 0.03438184760503112