4.247166057330498,1.0518322433785459,11.444397211760982,10.476921167403013,-3.621253855756244,9.44215861053925,-2.140606103175534,-15.019541531770432,-4.90478034079846,-2.964261848074006,-6.8684139442829775,9.901607006004884,1.4247611359509325,7.792669838165312,-7.4502657120728975,-5.229038327267352,1.6967342380594008,-1.3495423916192069,-19.65239540770814,-17.057208759199042,0.4782916553246146,7.223267848393725,-1.8108570473533314,12.057631568546356,-14.75158795853045,1.1076457290575847,2.0845841583960887,7.614446088657696,-4.754219221486817,5.923360620213855,11.232043679860128,2.791088646797353,-6.408554539044609,-3.803851114125556,-10.560393840801881,0.6318563637005301,-7.645019422257903,12.176973261339484,1.0501673709100166,3.238078834348248,2.8097729474156754,-2.549433952913125,-10.981370373621909,-3.7660456691125805,4.606740416673287,-0.5577863309201678,-16.054029827115755,-7.3487017284981935,9.716013725291653,-1.2132447563726014,4.08117954602438,1.0814085780041394,-11.166779121050086,-6.334067723598407,-13.906555477652335,4.296091982573035,12.049532734704059,0.7822781043863323,3.610556725264873,-16.00836918732471,3.8754432706329576,5.055263262537106,4.934705901666901,-12.25272406489469,3.2031864485953605,-5.102792037521683,-7.953408394963208,-6.128656204523159,-12.203804596174278,5.447049013356466,1.5975128727088057,-5.857160232752843,-0.3142400690382381,-7.5602863777884775,2.7293695744416286,4.728386129530303,5.319767891038004,-0.8037613558723198,4.298717886447972,0.9824161588208993,0.5569004012747971,2.4907848317738406,-13.057440117973574,-5.563160486219737,3.9074007009066296,6.181570314342784,2.5337982459006625,18.057832028819384,3.3110011980386025,0.6281956505607873,8.781103269917693,-8.290034316570605,1.1452947474810298,2.0676885419117017,-1.1995841822870865,-11.495879066900928,-18.350185426807343,13.227755498904344,-14.390562166576222,7.774646664655846,-9.444901974535615,-19.365009616412294,-0.7466375397669704,3.440472867266303,6.504560290750764,-10.364267611108017,-6.058297553650375,14.287670578836538,-6.031492790497916,3.9254060790065513,6.2651453299383775,-1.586009950803204,-7.863474414437684,-2.790160841636082,-10.20331763376025,10.544254059359758,-10.984095266923763,-5.377926788100922,-8.784805981012708,18.587605518683368,-8.752329860631521,-3.568215188399951,2.5097576528507988,-13.63438270775274,4.370840591253925,-4.130257407947269,-4.238078897714545,2.203218403681065,-0.8410071907425039
neuralNetworkClass 	class coursework.ExampleEvolutionaryAlgorithm
INITIALISATION 	AUGMENTED
SELECTION 	ROULETTE
CROSSOVER 	TWO_POINT
MUTATION 	STANDARD
REPLACEMENT 	TOURNAMENT
ACTIVATION 	RELU
COOLING_RATE 	0.0011
TEMPERATURE 	100000.0
TOURNAMENT_SIZE 	10
maxGene 	3.0
minGene 	-3.0
populationSize 	110
maxEvaluations 	20000
mutateRate 	0.95
mutateChange 	1.6500000000000004
seed 	1646684373006
random 	java.util.Random@3ada9e37
numHidden 	14
numGenes 	129
Training Set Training
Fitness 0.019451704953545135