-0.3364235374947846,-0.33140679986339694,-0.9014805445343176,0.3147422770981251,-0.5266335434268361,0.3023794805371737,0.8501007859313962,-0.12323134789022316,0.5172268138468418,-0.02573019600458637,-0.19095114434074922,0.8082025943506507,0.10562556829603309,-0.5027439277492056,0.41522246032019094,0.5703293270606115,0.9403910256629572,0.7628051959675807,0.6684851468975238,-0.5256563755933401,0.5864290548590486,-0.9456100858307782,-0.3507121348246871,-0.2840590907954801,0.7925525874687772,0.24304351269624835,-0.15670982739068773,0.26652720602550495,0.713467852015304,0.1609756763091007,0.5716784694362765,0.6749144599984517,0.10325159034894071,0.3651409514395415,0.41116821316645236,-0.37534769553404757,0.3179036253215287,-0.8181418985261316,-0.5667390569048649,0.38640933101632935,0.3093544234567339,-0.14272160468200257,0.00372420443252508,-0.4436214279619881,-0.2935140746441143,-0.5020161377542738,0.08601539365534727,0.9440017694381769,-0.4585672043402593,-0.653245364306352,0.3908852020538959,-0.9625768687276054,0.5942912867097693,0.30407922336790894,-0.4853579228190821,-0.13276371837284784,0.7778071836228863,-0.45292874407532113,-0.7847955378070485,-0.7869339046570364,-0.7980126766921941,-0.34636538903881786,-0.33667729515377753,0.4432759476411966,0.6254477748801629,-0.8459076707993335,-0.9646481473090384,0.38067412714322624,-0.1547730423868201,0.8963009964930156,-0.9430188004029286,-0.14468706002315557,0.36931022146155235,0.374212386535523,-0.41447772982582975,0.9001357585060695,-0.7645675100208557,-0.15963587482476993,0.0739796738259425,0.8580940578736674,0.6299638270533107,0.4842683765223198,-0.25723636413534345,-0.7860805972217307,0.5924781128905471,0.677484150428164,-0.2626921011687835,0.9691697173529711,-0.26282140395394804,-0.28707416096189453,0.6627626393891878,0.7239843525066828,0.07931611222018697,0.307401095445475,0.9272839177228086,0.894249731388368,0.9536043192522577,0.01633862556989707,0.0917272324672983,0.978949472135762,0.23812454126992655,0.123037419938267,-0.06440081059839575,0.5230920779729674,0.31250059111835393,-0.36719577618731236,-0.4157080532578561,-0.8585186689340537,0.4088827335920199,-0.6124296288101483,-0.09199969100663297,0.9902047817006324,-0.13468972062213358,-0.4109721888727247,-0.8119023807543703,-0.4581175329528866,0.5484158882960232,-0.0328499308408412,0.26939194259850907,-0.1916062144475632,-0.9082344226705662,-0.34247127594025417,0.41265140806675504,-0.7670686490475499,-0.7415788172495419,-0.7574402791914138,0.0879874092560361,0.7971711385753498,-0.4118329074868259
neuralNetworkClass 	class coursework.ExampleEvolutionaryAlgorithm
INITIALISATION 	RANDOM
SELECTION 	TOURNAMENT
CROSSOVER 	UNIFORM
MUTATION 	STANDARD
REPLACEMENT 	WORST
ACTIVATION 	SWISH
COOLING_RATE 	0.0012000000000000001
TEMPERATURE 	100000.0
TOURNAMENT_SIZE 	90
maxGene 	0.9999999999999999
minGene 	-0.9999999999999999
populationSize 	110
maxEvaluations 	20000
mutateRate 	0.95
mutateChange 	1.6500000000000004
seed 	1646684373006
random 	java.util.Random@3ada9e37
numHidden 	14
numGenes 	129
Training Set Training
Fitness 0.13378680262729364