-8.71535682656247,3.4087841905891754,3.169967154236499,8.555191392951116,8.26709748516775,5.925986238349676,13.648059491593681,-0.0705458802064971,14.71675314288548,-2.0697579054704,-6.36060204768806,15.646100125967646,-0.6746145948442273,4.041327686432778,-22.507998297817522,-7.151633574462199,13.35029247761799,-11.905185718396854,-17.59804915286194,-1.5791368542376576,-4.324364758064402,4.588259021683005,-27.063581783437193,13.146595526974538,-7.401253401667638,4.370049346508692,1.5797126459377475,5.235294252286227,15.907705889144452,-5.749227435843338,-3.14250569198283,10.133982666747002,7.366084804590351,4.725964689346794,4.638129158385334,2.4015159420281798,-0.5693727708905048,-15.885293348951995,17.655563744116577,-28.95880699638036,-7.8608746563821,12.269817691015596,1.5089895194391776,10.644126569152148,4.253832139023494,11.559879172480265,-2.9669015037045288,-10.551473033568618,-22.600139140523034,-5.769802925421118,5.190946224219316,4.993206124249351,-2.189257674691384,0.0971275933221385,2.019828405731028,-1.392015180779091,4.014944576014342,6.165675844352767,-3.2291343212684938,15.187156220678931,-9.160503106714625,1.9292045842737373,4.297724459538416,3.745688279276979,5.552838037395455,2.835124635179632,-7.903947471457576,15.237719536175389,-0.5043121256660754,6.184201071645472,-4.449298039354697,9.252494996307437,-7.700877157470735,-6.5896498403943955,8.484895045354602,3.216517081390144,-3.116204686631307,2.3917037800897365,-5.18456989341157,-4.647128986190865,-2.843925331450855,-0.9988567361206764,-5.099620541709484,12.19880760139453,16.405596950504517,-3.3410682967413248,-3.7567895234691555,-11.332054674159828,-2.1060377206769445,-13.240580436357632,4.731636452733758,-4.273462287827417,11.827202831222145,7.312275761643771,-4.391368682970074,-4.25044927245483,6.698429607658566,6.947498049615065,0.8953860818272918,6.045535094228546,3.271732021660492,-2.274879810729873
neuralNetworkClass 	class coursework.ExampleEvolutionaryAlgorithm
INITIALISATION 	AUGMENTED
SELECTION 	TOURNAMENT
CROSSOVER 	TWO_POINT
MUTATION 	STANDARD
REPLACEMENT 	TOURNAMENT
ACTIVATION 	RELU
COOLING_RATE 	0.0011
TEMPERATURE 	100000.0
TOURNAMENT_SIZE 	10
maxGene 	3.0
minGene 	-3.0
populationSize 	110
maxEvaluations 	20000
mutateRate 	0.95
mutateChange 	1.6500000000000004
seed 	1646684373006
random 	java.util.Random@3ada9e37
numHidden 	11
numGenes 	102
Training Set Training
Fitness 0.013999133565877564