-2.5307172702297933,-0.5633235657968916,5.9244260669217645,1.6324664855162512,-3.985055520697592,-0.8290827237573808,1.265796670598192,2.563377487817755,0.47762195807342334,-5.099387097731158,-2.7411833576941023,1.9059779995407347,-0.8391127519683428,-4.153786751999612,-2.0779360143043455,8.523695248948727,-0.7918598742340808,-1.780451008974135,2.1715672661481165,2.718932812157338,4.8312247693970205,0.39988140578461717,-6.0472020389052705,4.774927501017021,4.621839699344669,-1.1271251889401386,4.416692038637328,-3.7623886493777228,-1.0777404683061569,7.453491310110762,7.512157015456871,0.5592740799992861,-8.818214306634866,-2.66950379138021,-7.197499608244012,-9.463918925966912,-3.191511808122529,-1.0688138269229057,-4.226620975931678,3.4703813775653005,-4.201543740500311,-2.8710029509072035,-3.4401602049435365,-2.605023144313562,-1.9755961246956462,-5.4910108584643105,-1.242555099936597,3.9185108473379042,3.174237082391321,-0.5930948323335112,7.28390495799702,-0.6052352354836561,2.8577778940709324,0.8635810645205098,4.320014722907046,5.8391639221174945,0.5007601882532065,-0.15958348865970384,0.8821707585563372,-3.7478999091306866,2.7833253069947457,3.022288782682466,-0.9427820439405865,7.116149317889601,7.934870373147318,2.302491211922007,0.24552369082442738,3.4895874981111987,-3.410510479560763,2.329500960006887,0.08506799789886088,0.807899005620909,-0.37428111415438003,0.6245179644866434,-7.941546708694656,0.6414810665170423,-5.731636170303156,-0.0674305787035987,-3.130492157740221,12.404946221238692,3.0537438961183048,-0.3491832065762379,-7.817694933719654,-0.1882096710565373,-7.71486741541313,0.6873563359040693,-9.565327318504908,-0.050519199942577586,-4.409272053098228,-0.2581660572633169,5.729348555973393,-6.802929445006644,-1.9193415728236722,3.6205835392513857,-4.6549102880171365,-11.198636548653203,-4.2169678078660295,-0.21622097080630187,5.574508839665461,-2.909677658510094,2.5998452000394465,2.833767343501049,-3.7887437407477833,1.078088736762079,0.7785754194726735,-0.5296929436145046,7.556468614530086,-2.9261289598561087,2.63750556486787,12.222531596149327,-3.287306332856213,3.1314073782863243,-5.032703445761031,5.448229434507718,-2.9950621345121533,-3.3017077900868212,-0.3983136164642769,8.065502771490515,1.0568952710452217,-5.5244730224954,1.4772329198604428,-5.73251192413554,0.1810292481349851,-4.50449814094152,3.4622513390282013,0.5856681615233281,0.9558144767023924,4.584767530383714,0.16299628365592822
neuralNetworkClass 	class coursework.ExampleEvolutionaryAlgorithm
INITIALISATION 	RANDOM
SELECTION 	TOURNAMENT
CROSSOVER 	UNIFORM
MUTATION 	CONSTRAINED
REPLACEMENT 	WORST
ACTIVATION 	TANH
COOLING_RATE 	0.0011
TEMPERATURE 	100000.0
TOURNAMENT_SIZE 	90
maxGene 	3.0
minGene 	-3.0
populationSize 	110
maxEvaluations 	20000
mutateRate 	0.95
mutateChange 	1.6500000000000004
seed 	1646684373006
random 	java.util.Random@3ada9e37
numHidden 	14
numGenes 	129
Training Set Training
Fitness 0.006667517157358183