-0.6116717398200411,-5.650830281581092,-16.446513695491895,16.02469770321695,-10.63009297559984,-8.168300239514105,-9.635797260645031,9.184281757648694,-5.120925432857632,-11.29089505194093,-5.683831989306648,-7.743128095264799,2.221435707118774,15.883219490180483,3.235349878715647,12.315045365086359,-18.73453972430628,-0.7020248011276582,3.8600889386316757,-15.92818280585701,-6.744936321083824,-11.04908713503396,-14.525079248996844,5.48140081652404,-17.423402944072386,4.2442269290733865,-6.696815259066701,-7.992659365850383,0.23365172266886436,10.959568029664263,1.1238547534631955,-1.556838811456144,5.490741340366212,-10.535222507670282,-7.545493843819862,10.211191590503306,11.284659740727983,5.971052794457332,-5.937468516576853,5.860524811920115,17.44272590595036,15.416455034464509,11.042956089025806,-7.77064042541381,2.9078395821230885,-5.353400999082472,-1.6095512767967683,-4.743850097581344,-8.76431323314796,5.545783354754132,2.036194945166396,7.722407692754354,-11.462453567395604,4.1866537507979285,-10.234619363051715,-1.0703889247651244,-0.07205162979722424,9.165073461718904,3.717878371280123,-7.695139690181719,11.80760339171129,-16.361915772828013,5.194386449412704,-3.265440196717945,0.4281196508845859,8.704989551406298,0.9649185354442054,8.268217146451313,6.415836524673166,6.257959533754676,6.1004982761048865,-8.287111949693571,-13.071531957570212,13.726373011605899,8.331027158469404,6.987475344729779,-3.7957827341795776,4.477420141021361,-1.249808181252023,14.874271871501639,0.15161607382072262,-5.361742256878964,0.41657062078071494,-8.415478697622072,0.4449103707268911,6.9900662912197316,16.72808841019797,3.50514134347112,-21.190243029673688,14.498811255774578,-6.088285330615703,-3.779848330731559,-10.714923722525725,2.37725074200672,4.964551843813162,13.828041926891272,12.627659126173175,0.9018186291038788,-10.536802362124833,3.0400049817492967,10.659866856199168,-2.3973961096323047
neuralNetworkClass 	class coursework.ExampleEvolutionaryAlgorithm
INITIALISATION 	AUGMENTED
SELECTION 	TOURNAMENT
CROSSOVER 	TWO_POINT
MUTATION 	STANDARD
REPLACEMENT 	TOURNAMENT
ACTIVATION 	RELU
COOLING_RATE 	0.0011
TEMPERATURE 	100000.0
TOURNAMENT_SIZE 	10
maxGene 	3.0
minGene 	-3.0
populationSize 	110
maxEvaluations 	20000
mutateRate 	0.95
mutateChange 	1.6500000000000004
seed 	1646684373006
random 	java.util.Random@3ada9e37
numHidden 	11
numGenes 	102
Training Set Training
Fitness 0.01586635218094743