-1.6954441319616498,-2.867803823784259,-10.465591191477897,19.501882550734194,-5.616547837069055,-5.1701793257163455,-9.249571016432704,12.580843532319737,0.4626327944062014,3.457217460610642,-7.913678301359619,12.540398032721601,12.527751288866092,3.593296539486408,0.15302250823039643,-5.179902048745234,1.2007623480964806,-2.7655069346920707,2.3737522259417867,11.088329036206199,-5.584194981896671,-2.950143814396151,5.869001541595556,4.901335100982599,3.1431314875783176,1.2259752377419098,9.211893487551535,-4.481104029745455,3.922767065498567,-6.107677592460442,-2.7604797653956252,6.081558315420703,-2.043155305273471,-3.754511667419222,-3.5623866572498706,-0.39114117899075396,0.7074921990624663,10.423348363293396,-8.859005069970737,-13.285079389067858,2.203793347389686,0.6684031021327197,8.55904554386575,11.230069256331179,4.221348344257123,15.540899588284217,7.6270201198592655,-2.1458638676367396,-5.486929156223324,10.1169273804074,-5.44253681146844,-7.247814660778985,-0.6030958026332538,5.576927209084764,1.1409937786502802,-23.680226548122064,-5.302631925324561,2.754082496200538,-0.8154193396473213,-10.835640274481564,-3.920354002148864,1.9507357214762173,-0.9140188301780281,11.756908694341892,-8.505783263139103,-8.353093593449234,-3.189511829900157,0.7458869420362122,8.663981764025413,2.482485217864979,5.313305690095693,-12.647620255940504,-7.110106028461493,-19.59405370375145,5.849030249223316,-0.7330542907816149,-2.4085129799077247,-5.750111624173655,-18.42740803537189,4.987720932397367,7.630699482641249,-6.5186153292626425,8.118983430511566,0.3675446222714136,4.671999846805479,-2.1909585153282265,0.9921200881519798,10.051809415899656,15.830013975355264,10.774909169273078,0.49257658466011023,-0.8998932357078626,8.948502402719306,10.610047820613401,-2.0764445288522584,-13.05584054485131,-12.23994003373603,7.855630960901051,0.9640114708422116,5.717226848050089,1.9217268450007694,11.8001189407501,-3.9743603134780905,-2.9105834049952115,-10.588410175778495,-3.59632578554781,-5.984415444068092,3.743822512106254,4.4949398238698475,-17.547146757812854,0.8112365260906644,12.222233096199208,-10.315464633704359,-2.7422717155100003,-9.484813319589362,-1.4089988281297376,1.205990344548769,-6.613373933252598,4.992927030345665,0.9033816929408216,7.582931713787728,-1.2619862252488119,2.4896564974792987,-4.880217916514275,-4.530343140134503,-13.051332221870739,-4.572503805244128,-2.638445360098368,-10.466820275728068
neuralNetworkClass 	class coursework.ExampleEvolutionaryAlgorithm
INITIALISATION 	AUGMENTED
SELECTION 	TOURNAMENT
CROSSOVER 	TWO_POINT
MUTATION 	STANDARD
REPLACEMENT 	TOURNAMENT
ACTIVATION 	RELU
COOLING_RATE 	0.0011
TEMPERATURE 	100000.0
TOURNAMENT_SIZE 	50
maxGene 	3.0
minGene 	-3.0
populationSize 	110
maxEvaluations 	20000
mutateRate 	0.95
mutateChange 	1.6500000000000004
seed 	1646684373006
random 	java.util.Random@3ada9e37
numHidden 	14
numGenes 	129
Training Set Training
Fitness 0.015352864582845628