8.684847834205154,3.988206690651852,-3.266015561387425,-10.502834761830195,4.7620474432344775,-4.939717676132053,7.243495719709263,1.7170260566895967,-14.545989731673423,-0.6994787434930103,-1.6207185619566564,-2.5717096744882078,-2.4301781245539935,7.113603391393214,0.6275561662774374,0.7745080801489328,-0.27270456790454034,-0.72631680483582,-5.509587807642666,7.1351289775474775,4.944948916672923,7.018635642080733,0.47563056590827646,3.298922194940455,-5.917836531219513,-0.3539447952171457,-10.13808560570477,-7.466274767367507,-2.6555961807851105,6.55240595966252,-3.4953338360879,5.45934490750445,3.788744640492034,-6.6155543375391055,5.559545011893574,-2.398082082729342,-6.429197756521299,1.3872911434879969,-3.7493539648813528,-1.432975145626079,-2.1324676335588233,-7.113779727720865,-0.9527454071144366,-19.084667057323756,-4.208785292984559,-6.270457917504508,4.837738057310531,8.108530235668258,-2.871697827033578,4.347600611202347,-12.64875414044191,7.014795839464291,-2.8073256309362744,8.64821477792244,-20.222501704969815,3.372036295104766,10.326193084773434,-8.328414610179639,-11.877944434561844,3.6536032811186487,-6.139683297122917,4.217942925326761,-9.490935129416979,-4.684810135082093,1.120890333766221,2.8889343799852982,-5.494404074675247,-2.2269096871208722,-0.6359111741973678,8.498991706226857,8.691281550654981,-1.9770111789095202,-0.7751543086021853,-11.134349397188911,12.534093383045331,0.9549311873313222,0.5399656535811417,5.6280283492988445,0.4076866336289715,6.104113511990021,-7.723526816668377,4.470399879725157,5.69786295070266,2.8486104786369433,8.3516104253182,-7.006951022671988,-0.8046940363129389,-6.775852664737505,0.1242589510332186,-2.324696704665099,-2.7411458596445595,-2.777496416317655,-1.0815837261417478,-2.284102566036387,-11.191812778595295,-0.475874462266729,-7.9422800654566625,-3.9864574758349605,7.866907571264571,-4.412998014317992,-0.6041312427040886,1.46581502532863,10.976612573488135,2.1728478485454845,1.271152867964334,12.717212631255364,-0.16034159224112088,10.038122701439049,0.8441631206297888,10.777457272865044,5.022928127762149,3.7013934391405847,1.996106518475024,-6.291137120179883,2.9170256661488523,-1.4799610581715603,7.221018304357023,1.9968167465766662,13.44492624787938,1.018275563746954,-10.761481384297335,9.470160647697039,-2.9487770354032365,-2.095032214277147,0.28462008320579457,-11.021511522618624,4.427719844410456,-9.996326833012626,-5.893546781413493
neuralNetworkClass 	class coursework.ExampleEvolutionaryAlgorithm
INITIALISATION 	AUGMENTED
SELECTION 	TOURNAMENT
CROSSOVER 	TWO_POINT
MUTATION 	STANDARD
REPLACEMENT 	TOURNAMENT
ACTIVATION 	RELU
COOLING_RATE 	0.0011
TEMPERATURE 	100000.0
TOURNAMENT_SIZE 	70
maxGene 	3.0
minGene 	-3.0
populationSize 	110
maxEvaluations 	20000
mutateRate 	0.95
mutateChange 	1.6500000000000004
seed 	1646684373006
random 	java.util.Random@3ada9e37
numHidden 	14
numGenes 	129
Training Set Training
Fitness 0.06628453715500014