-5.373586464091279,-7.316217285440063,6.1425979084764375,7.925128384474446,-9.071347070510146,-9.471498616456149,0.439350516992532,-16.349933245739223,-2.693045394170813,3.3765171807583894,-14.068593473712756,15.567123487855394,2.970999284894857,-5.795480860841037,9.921928949495243,11.921365571788368,2.2803492212827416,0.05582504021084844,0.24327274096232365,-5.300955782071004,3.9760583609907663,1.905650561695202,3.1742018017477553,10.435403225403762,0.9643886436854512,-15.208846532323369,-11.268308413040492,-5.255542936280042,9.202572836869292,6.643592747420973,3.9019057602921148,9.346168606557384,-10.84976628057854,6.595493448382409,-9.042644567026027,4.320747629465373,4.601242442121233,-4.641250397062182,-10.372828011752807,5.511593256570064,16.89947154806601,-2.4698516416458904,10.044847808579037,13.927696831823166,-12.381932603471792,-14.271154779478481,-2.6572825992263684,4.313120862052539,5.145542076894783,-3.694136606913826,-1.905120972648776,0.35546525496708803,12.323154344366996,0.8887431246274149,1.0301716492477446,-8.402970937885522,-0.833278850271781,7.885006521638571,7.494251481220525,-0.9083258442239108,1.2321749882365411,-6.083841140824516,-1.9652727469735947,-1.8828083762881267,-3.902149326768729,-0.9605150399185787,4.765741340847853,5.157271097235753,-0.7623372677137903,1.8379541228383731,-0.7616994811494866,-0.3910312043875743,7.347999344176936,0.3190883331160892,2.2000858331717703,-5.949133130583209,2.617336332761158,-3.938300838011374,13.673390910286424,-2.8760865050035473,0.9912448243115328,1.5349426519028864,-9.137739001916353,12.331231899665756,-0.31336373192522693,-6.0128088632100205,-1.0301745209271704,-0.6950206956699034,-5.902236734978459,15.612764712302402,-0.08575951881876698,2.9676389454833068,-2.837335877274846,9.252615930048268,-6.17342232519856,2.081919854778139,-14.027586373728193,10.970603589659174,-2.8535796013296686,12.037740674056643,-2.4432902415076523,7.720041963672887,-16.24915424100917,-9.833433755654523,11.418004793078628,-2.2742424620663373,1.5598989091147608,-7.197332195665712,5.895155975257829,-8.073954795880153,7.773028681814157,2.5776686248463543,-3.8595669319020347,5.985552030538099,-9.858202281425045,-2.1109621091751487,13.75773902868946,9.104356471974334,6.514646642853654,7.124992226872486,-6.587123252808658,-8.97333109528898,1.1758133938761715,-0.3924408713931484,3.884983592496532,-9.9213858622784,-0.90318859019452,4.832353465120942,-11.783763794084228
neuralNetworkClass 	class coursework.ExampleEvolutionaryAlgorithm
INITIALISATION 	AUGMENTED
SELECTION 	TOURNAMENT
CROSSOVER 	TWO_POINT
MUTATION 	STANDARD
REPLACEMENT 	TOURNAMENT
ACTIVATION 	RELU
COOLING_RATE 	0.0011
TEMPERATURE 	100000.0
TOURNAMENT_SIZE 	10
maxGene 	3.0
minGene 	-3.0
populationSize 	110
maxEvaluations 	20000
mutateRate 	0.95
mutateChange 	1.6500000000000004
seed 	1646684373006
random 	java.util.Random@3ada9e37
numHidden 	14
numGenes 	129
Training Set Training
Fitness 0.01466347197770172