10.366878710542357,-1.7306690273414693,2.5427018720975223,2.5725273766008874,7.94610005886177,-3.8234183293758663,5.890207003664017,-20.720160084332406,-4.759631896548818,9.523213153233193,-15.698249482200634,-3.82671996527733,4.248471536819398,13.467592240100066,-15.814740961594639,-2.531597035910739,-9.081250118123899,17.013322205173388,-12.24859325050317,0.7581149355253078,2.499424905131696,10.365109467636497,-1.226611250053132,10.581330542523062,-0.2629409585184206,-8.701875176790365,-23.840487206969897,11.057072689972276,7.9266478175673605,5.07746807979796,4.551295568939917,3.684489565046629,4.232081325967803,1.4639537382584793,-3.43127130052598,-9.247375416924744,-15.501551635330435,3.07954732380513,-5.979132174362921,0.9346345628591344,8.317889643333704,10.380386665619318,-11.066120244034211,5.80950953826926,-12.811560092889964,-6.102563439313631,-13.329830145304346,8.060208461519675,0.32053624821618776,-12.245568681029347,-15.578807117260158,2.0904834126390455,-3.9014000894946683,9.559871707667579,2.303037699000507,-12.11647490909537,12.64533772545923,3.69444890130276,4.617860107643242,-14.50608014299682,14.214140140949372,-1.2226180294398308,-6.0342796920385995,-1.529728176300111,-1.1998103463958056,7.044758519855764,-3.299631695359639,-2.9008016684720417,-15.03637421831839,8.610084898747317,1.4190047574172642,11.942268704235264,-6.001650451922984,-16.948144035619507,13.010028057272786,-6.744181802047036,-3.592218499302838,0.4850653143251522,-15.945738105135774,-0.3105788329239205,18.764125186281,-15.226811642982128,-2.5158544725511884,-15.39782404568428,8.730420643910186,-0.8257228238207688,-20.74814991222629,-2.2331943870942883,-1.5850949184719885,1.5394176213757547,4.041268894127562,-5.950057210178793,0.404937237705818,-6.306094236604253,0.08031611622293866,-0.9871757294383219,4.592969862045786,4.431114502616589,-5.431049305826516,-2.0300196248901994,5.809795947311942,-12.01387393515953,1.0848276242497974,-20.775634382374243,3.6205214561045054,6.980817829570604,14.312462144998097,-0.33426788972691757,-1.1335409063194692,-9.305801709119859,-3.736721548967802,2.0249113928895683,-19.49863352978422,-0.6495221443894899,10.962896981468655,-2.179972388239486,4.923187529338971,-4.309512829675888,4.543365698265201,9.501853400135852,-9.326496060295828,-4.126640416795926,15.629314797343065,-10.363024368655152,-14.140693224931454,0.1549198597340169,10.376766756475524,1.1666483285827756,19.670382527291522
neuralNetworkClass 	class coursework.ExampleEvolutionaryAlgorithm
INITIALISATION 	AUGMENTED
SELECTION 	TOURNAMENT
CROSSOVER 	TWO_POINT
MUTATION 	STANDARD
REPLACEMENT 	TOURNAMENT
ACTIVATION 	RELU
COOLING_RATE 	0.0011
TEMPERATURE 	100000.0
TOURNAMENT_SIZE 	30
maxGene 	3.0
minGene 	-3.0
populationSize 	110
maxEvaluations 	20000
mutateRate 	0.95
mutateChange 	1.6500000000000004
seed 	1646684373006
random 	java.util.Random@3ada9e37
numHidden 	14
numGenes 	129
Training Set Training
Fitness 0.1029714206833609