-4.66534477038449,-5.899888032386173,-8.138722516039653,8.406193611961744,-5.5991053776232285,0.4319292259095029,-6.651216537857296,4.72566558527296,-2.950342539366318,-0.2522705334219957,1.448868818343085,2.4329755163740545,1.217095065489458,-1.0596041145414699,-5.056011351975538,-4.4122013468747,-7.309001389276787,-4.767881911001689,-6.4975309246915955,-2.6447094988861632,0.298731898975404,-3.6341207927465273,-12.158186719364672,6.816825416787745,-1.6748778111046754,8.833895263657132,-4.980354167305739,3.786656934402879,-5.63768980297502,-6.821788080648153,-4.87617160379858,2.9704863470953473,-0.40487569036383686,1.8627258885075326,3.0598428914414093,6.3909883859301395,-5.372894572331372,-1.8700383939192182,11.610099461009833,-2.305594551818789,0.0038727629686610143,9.019994997634813,-10.333608815456154,1.8913839305889493,5.392081298050764,-6.457019803340662,-15.886722637466855,-2.02571088762244,2.373786549307175,-5.08920360995186,2.716742283781123,-1.5577022472763886,-11.632407062675636,10.397394652439775,6.14903692257273,-1.9953711454712844,1.239525238820666,4.711488011274648,13.20717444360338,0.17133764529441153,-3.6818746360122123,-7.370710842037918,2.3091130535858087,-2.3198421311878294,7.3798386653897925,-0.5009363789298602,-3.4717786340808807,5.696942171223554,-7.07768311949849,3.443328745507033,0.00318473300569444,-11.583688547508162,13.194826851315431,-20.351409355850897,-0.6629263867643456,1.0281869277169822,2.1565177115551766,-18.5534256873649,-1.7241436435635449,-2.0950583907515163,10.034859874161784,0.054964822052746776,0.8832028419812126,8.50296971658736,-8.841866030102969,3.2097390220011635,-11.895013009761731,-0.2884647076141382,-4.062591891666612,7.285231002773983,-3.8065416099319096,1.1708244534058072,8.425006395868277,4.212136031011396,-0.2623828798523342,-6.379813435205172,-4.921967626044747,1.8677204359187387,-3.477113359134691,-5.423385749683079,-0.5429252944270457,-0.12343211368078588,-6.230256714681432,2.3325727916250347,-2.0082154432143735,8.024254351096786,4.327523234081931,6.251353111953999,-8.453423351881014,9.800406946601196,-6.923810032069239,-7.872815346211683,3.371268148284157,5.351664175400492,7.015407699343579,-5.083593213422672,1.6230326903074621,-6.2108823903159,9.89682956882604,8.88506022937372,5.247608971541736,3.408877917325306,1.7820707140935292,4.007322366844626,-4.490734606557035,8.248469647859427,-1.4146001964441552,9.938272633074948,-12.939413897521618
neuralNetworkClass 	class coursework.ExampleEvolutionaryAlgorithm
INITIALISATION 	RANDOM
SELECTION 	TOURNAMENT
CROSSOVER 	UNIFORM
MUTATION 	STANDARD
REPLACEMENT 	WORST
ACTIVATION 	TANH
COOLING_RATE 	0.0011
TEMPERATURE 	100000.0
TOURNAMENT_SIZE 	90
maxGene 	0.7999999999999999
minGene 	-0.7999999999999999
populationSize 	110
maxEvaluations 	20000
mutateRate 	0.95
mutateChange 	1.6500000000000004
seed 	1646684373006
random 	java.util.Random@3ada9e37
numHidden 	14
numGenes 	129
Training Set Training
Fitness 0.028866099125212416