-11.414756436891176,-17.665463912272557,0.08277229020740062,-6.25656012830583,-3.703890321539271,-6.093549605486526,-6.196051329866565,-18.450508139264343,-10.447613706605145,7.640470663241727,14.42557572521462,-4.2779693710150966,-3.985883172398154,-5.372698820500741,25.223054594260134,7.0673309175286265,1.181628072938432,-9.4965711137083,-0.7245248949357714,-2.326221358859196,0.7107248820623306,-0.7077476070449835,5.921503065862241,-1.911462204204379,-3.3275111902847225,-4.337453039664637,7.7007831827802296,-7.908162323292887,10.968869975365754,-4.621611854338321,7.258253733867361,6.815616865235858,-8.871862506438164,11.093493897457188,9.449266836774914,1.4397809454900017,-2.6637379880798413,-4.858081853502039,12.612283324307954,14.548628067554796,10.736412102951865,-15.926501037529338,2.514102937908093,7.29391351613451,-5.3793651543163366,-1.7442213910194244,1.7415920278498822,3.651380820017873,-1.4313338557217783,-5.127835239207311,8.280082299012555,14.030050672596104,-14.050475394093136,5.544296395504151,2.1596886436005738,-18.31598960830435,-2.0502824198096645,0.7234355711014189,4.660019178574438,-7.480570033975022,21.713376877018277,-3.5628043008736405,2.078060925494613,-1.735183953154607,9.901555488391779,10.419313686823461,4.106094547101172,-4.232115131974103,4.381329236099042,0.13154021708152364,-3.5464897926368817,-7.922218938560636,-1.1421916166886046,-3.7131213507870964,-20.28698706060448,-6.4516742437545584,6.125296283729457,-5.86683832056641,7.071629994101654,-2.9672060591554024,4.15520724338324,-5.520619174245341,-4.008782239472917,1.941776838548133,8.16985844405037,-12.039841980978974,14.977703299480096,-5.555113940056055,-2.5540440982280224,16.634242218563738,0.16246186027708553,-2.1643562230275624,2.995458524300025,4.820725587431447,-7.198529866466874,1.7008301050362675,5.697997956253278,2.778397753091932,-6.956603266531955,2.770693889454268,-7.20392447846365,-7.766202552955255,7.2304659746190225,-8.65921957151223,-4.0622218234054825,-7.6748179770766995,-0.6021149646687665,2.4997243636557593,-9.76963201370002,-5.401219769609227,17.662711846784276,-1.1118043053165731,-1.694450575045555,6.5732128271536485,16.025066319504965,-0.29754545995300585,-10.538722572241676,-0.4978320461666037,3.973939110282217,-2.6826872630004264,-5.081952641035396,-4.74723990219718,2.2145470058331798,-15.637161743777984,18.626920521790836,-18.853746087725305,-7.486138920203134,11.490409800824404,-3.5243461672475265
neuralNetworkClass 	class coursework.ExampleEvolutionaryAlgorithm
INITIALISATION 	AUGMENTED
SELECTION 	TOURNAMENT
CROSSOVER 	TWO_POINT
MUTATION 	STANDARD
REPLACEMENT 	TOURNAMENT
ACTIVATION 	RELU
COOLING_RATE 	0.0011
TEMPERATURE 	100000.0
TOURNAMENT_SIZE 	10
maxGene 	3.0
minGene 	-3.0
populationSize 	110
maxEvaluations 	20000
mutateRate 	0.95
mutateChange 	1.6500000000000004
seed 	1646684373006
random 	java.util.Random@3ada9e37
numHidden 	14
numGenes 	129
Training Set Training
Fitness 0.012174028415053065