0.27884416723923267,-0.6131909157166548,0.4506706142791276,0.09661402126560736,0.12706004276839067,0.6995144368327123,-0.7717669154529713,-0.16729033327367615,-0.9858538518039667,0.9829992901324353,0.18347382936227008,0.8442876926423671,0.20078548928184758,-0.9848531265705168,-0.3350092501281208,0.9605379654598613,0.7385301141393473,-0.3947047668363861,0.06012731635223523,-0.7672609548398762,0.3082883254919665,0.7100599041735082,0.47641775404085995,0.4170777557061257,0.9312773019571673,-0.8275628196310839,-0.027865503500908995,-0.9312740320412792,0.30522420046391197,-0.4913501316219875,0.6371005924983649,0.43820710683478314,-0.43032958782968134,-0.3103737978658603,0.5279067774278182,0.7585437988130846,-0.6334281092653413,0.6034422863914822,-0.6310324108469356,-0.12205962359295142,0.2618577358779627,0.22562413881004895,0.7542125127662246,0.01331233570100998,0.10449967717613473,-0.3357487394321603,-0.9821147518004704,-0.087291049138144,-0.1528364038286114,-0.2441875685581456,0.9933443947314832,0.3856060197242003,-0.6699363114815877,-0.7631801873667033,0.7436671598716708,0.2143957347373423,0.7530794447292174,-0.048381210310398215,-0.4767482986249203,0.4433359491883816,-0.27009458314471146,-0.3948165793296383,-0.011987629186192228,0.39782089998340264,-0.15035005182737415,0.9751094874258733,0.30713728654843375,-0.046517337745372034,-0.4575399214073206,0.13887714991516698,0.5924070605787809,-0.9738412599299385,0.38154684553774454,0.20332002274629224,0.9051210983318111,-0.304091848498653,0.27219877121696057,-0.79372023656078,-0.059974448156900007,0.4786885308917256,0.32177936987068334,-0.13364174591094558,-0.5753567619690827,0.8153796567815147,0.992289692450182,0.38604664789893695,0.9755320559821582,0.8274895515448665,0.31747003230242055,0.6162648880293357,-0.4311669906928466,-0.8390839419723163,0.33371598633395105,-0.7585485964452411,0.024072668519313445,0.11299802340179521,0.2183935230902173,-0.43387699177724914,-0.5117401943072166,0.674433748125678,-0.16787643006902742,-0.41085295798916555,0.7323912872271928,0.43180438673174437,-0.7309314660041337,0.841518161242948,0.5460318191121022,0.1264662800722708,-0.3391761587050448,0.07797322607993451,0.5007633103830634,0.8242970306281617,-0.5056264681730014,-0.5414230847075734,-0.4826262166703317,0.7707991549205852,0.5744766868555738,-0.5479266763842938,0.05914052613090115,0.08002627355672864,0.6721829847162112,-0.43470140641084587,-0.29497703179376744,-0.4100682613363513,0.3261065681498908,-0.28895982749159876,-0.25982773730008235,0.004228434074382226,0.34048838343864507
neuralNetworkClass 	class coursework.ExampleEvolutionaryAlgorithm
INITIALISATION 	RANDOM
SELECTION 	TOURNAMENT
CROSSOVER 	UNIFORM
MUTATION 	STANDARD
REPLACEMENT 	WORST
ACTIVATION 	SWISH
COOLING_RATE 	0.0012000000000000001
TEMPERATURE 	100000.0
TOURNAMENT_SIZE 	90
maxGene 	0.9999999999999999
minGene 	-0.9999999999999999
populationSize 	110
maxEvaluations 	20000
mutateRate 	0.95
mutateChange 	1.6500000000000004
seed 	1646684373006
random 	java.util.Random@3ada9e37
numHidden 	14
numGenes 	129
Training Set Training
Fitness 0.09599992352552576