-0.06107337814033453,0.355290351026488,4.7537713235417325,1.7416961731820093,6.5735985650009106,4.636346925861359,-4.949553404290956,-3.639587815051744,-6.76207663978956,11.66662042209827,4.754749661202343,-6.613945295547454,3.0463025700581845,8.164410185934491,5.031004159998416,3.0298096717492697,3.2173821787812624,-1.4300937370819642,6.739806265692657,1.548444012654528,-10.280715231757537,-4.923479959394869,-14.928576245976275,-6.5595635137634325,-5.154037763426382,4.79832331065937,-6.941414672566081,6.616843350861627,-12.838508526499927,12.005584530907806,-8.231919879775003,6.401641053957496,6.650893455646001,12.944961084106803,-6.49952940317594,3.453983757586112,-0.07593640683914593,5.1017264884347036,4.913354476101649,-10.351241089305317,-4.716340246865402,6.60848232165881,-7.074005657199882,0.4520189566182298,3.688301210348863,8.158124377788369,4.761766319061996,-1.7656869186514283,-1.4808095172716058,5.388403412689363,-2.8102377646521086,16.727638054940357,-6.408722770250943,-2.0287594964745264,-11.961988090995586,0.40067205282144025,8.089341466507557,1.6620280941011765,0.0681758392729046,-14.99784833124625,1.2048811416760596,-13.507532383485493,6.27519076017905,-1.3463034742312927,-7.848553177034358,-11.224935087585724,0.1052334714990355,-0.18891788699670897,3.5940742015349993,3.3282252712796314,-1.5784985521980186,-10.3930938512905,11.69272283056354,-9.82203992695425,-1.360308913142814,-4.612210529297666,0.43013731058860394,-11.204462948790143,-0.2463122296017879,13.415697575824348,0.42130512949305476,6.539977033940984,18.07686422030178,6.8656644233124275,-1.365307171934734,1.3901200504588154,-5.314483180785581,1.9211449997779604,1.544700433943036,-6.226946257494005,-3.781647699659789,6.59341927850036,-8.269718511236489,4.674017915678641,-3.4404301607843326,4.7229144189386485,7.836434079897551,-11.302531015240088,11.062966592581033,6.30800842670447,7.77327588715567,-1.4601916627755633,2.0606275000623064,16.250823036201396,-0.4083254564938885,8.581349200142517,-0.15785706827623436,5.209709387161357,9.794911471178102,3.3084167921617507,-6.311069441561273,-0.0954251374783821,-1.1773835735810723,-0.013953268292956622,8.353120687160729,-6.266104302823464,-3.4737833964315943,11.767567287152419,-3.5684027455412055,9.58120376590459,19.44440282706021,-8.600579038009199,-3.796831006146217,3.114033125665248,-9.717377313909022,-3.2920983572190474,1.8704788034991457,8.45975544873928,11.8523685420785
neuralNetworkClass 	class coursework.ExampleEvolutionaryAlgorithm
INITIALISATION 	RANDOM
SELECTION 	TOURNAMENT
CROSSOVER 	UNIFORM
MUTATION 	STANDARD
REPLACEMENT 	WORST
ACTIVATION 	TANH
COOLING_RATE 	0.0011
TEMPERATURE 	100000.0
TOURNAMENT_SIZE 	90
maxGene 	0.5
minGene 	-0.5
populationSize 	110
maxEvaluations 	20000
mutateRate 	0.95
mutateChange 	1.6500000000000004
seed 	1646684373006
random 	java.util.Random@3ada9e37
numHidden 	14
numGenes 	129
Training Set Training
Fitness 0.04266892258734822