-2.188586279279427,-1.8955010239138694,-25.99747777035654,12.564105842923931,-14.505192414493207,8.082528858690411,8.323963725959254,6.903585373508844,8.163203878902376,6.902920768396283,-18.810782833377402,-6.610879862064385,2.1109460584321607,-15.003107440647446,-7.421849862790273,1.6162306400186353,-4.317426563826039,-7.679351252226963,-19.088936321621738,-0.13543013376990842,5.347819493956415,-2.3845360863841814,9.345987942014006,4.218453584994593,16.592040022016526,-15.723375363423001,-1.5166226607950524,0.2547301216144211,16.612894045645966,-0.968329251078984,-3.9950929244840587,6.661110592912072,-5.5051064145992985,4.741645713295589,-2.5204863818276495,3.708628356230471,-6.209135068241615,-6.831640317683097,-13.304007121477712,-0.8500534522877352,-7.215719215665173,4.2174696783474985,2.5451407770742396,6.80077396832319,1.4888517500638212,-13.578526031472327,-12.274403784523615,-16.66529882283168,12.361678614466717,15.568517747980094,-11.213786296366303,-22.217686606456986,14.163697559344438,0.012203149687561421,-1.3560313895559952,-9.526516456847993,-9.053934160477109,-8.385607425026103,2.580068007667876,-6.2527031158271456,10.823560026996079,2.2772921719358923,-12.131887952772175,17.277103555576225,-19.234019018779946,-1.2871003439999669,-10.623177214193012,-14.831254760617863,-7.954018555410688,9.077196047092283,6.716030419869655,-14.66195416613814,-4.123347927643582,1.2632587620610156,0.3082767276215401,-5.140795585665904,-6.395372971598908,-1.1482298167031377,-6.8304313413252995,-12.45122373108081,5.544388942374516,-4.540806618691514,-4.828512198404676,-9.089526187442713,14.696876920966236,-7.946818654751791,0.3330297813714562,-3.1859348657227633,11.640422479143995,-1.2784139929307106,4.054224099524596,12.267197843436458,-10.785540164555057,10.48572807152279,-13.095245759487536,-8.643984262077346,-3.9637649212104105,5.301436240344234,-19.310916140471583,3.3751879112422625,3.161873079173626,5.264167298865381,-4.697381239581388,8.27460960639549,-2.9591292552392456,-0.4986362040155825,7.773161933166717,13.80110650771182,-12.838867855573803,3.2055790409941363,3.452841317777388,7.095602800575451,23.49012061080446,9.032388978830172,-17.781018080429334,13.998182017102284,4.7366464540261575,6.990980719367121,-15.28302427102722,-2.975861280876753,3.8540292262231155,0.1459847231667819,11.617933643950487,-1.0691175393610912,-10.086228021945958,-7.416190379064583,0.8770926359328151,-6.053274334272757,-2.548067987816693
neuralNetworkClass 	class coursework.ExampleEvolutionaryAlgorithm
INITIALISATION 	AUGMENTED
SELECTION 	TOURNAMENT
CROSSOVER 	TWO_POINT
MUTATION 	STANDARD
REPLACEMENT 	TOURNAMENT
ACTIVATION 	RELU
COOLING_RATE 	0.0011
TEMPERATURE 	100000.0
TOURNAMENT_SIZE 	50
maxGene 	3.0
minGene 	-3.0
populationSize 	110
maxEvaluations 	20000
mutateRate 	0.95
mutateChange 	1.6500000000000004
seed 	1646684373006
random 	java.util.Random@3ada9e37
numHidden 	14
numGenes 	129
Training Set Training
Fitness 0.01235263408626738