2.469222066665667,-2.0000947604204438,0.2706875883783364,2.03200052071349,0.5057972629970129,-2.635372653972566,-5.594283053592223,-6.3622128153850035,2.2503970430198237,7.421671119292283,5.87573880997561,-0.5305175003294949,2.1580644694387985,0.2462048808236963,-5.649326939580981,4.678585721183391,8.478378068893571,-6.2590517705994,-0.7278671906157834,4.833013556616212,3.174877454248853,-6.518156294549135,2.44309562894518,6.9661525250604415,-3.6785485015596677,-6.982811955142678,11.139306231399864,3.6395194649134313,-1.579402134538693,-0.595509563147945,-1.3910003991015665,0.07966632108157157,9.428698765671067,-9.05607103494826,7.261517635982422,3.8683193491577583,-4.698810391010661,2.1293922143446142,9.516879986934637,2.3206034208287605,-7.614264669266419,-5.162302823641984,8.197347553512458,1.0295619602897768,-2.3557398501873816,4.7136873779961395,-2.0614909023642856,-2.6639559367746006,7.324913709349203,-1.4164771776326732,-1.9685992001653236,-2.0486148728194937,2.982787517996993,-5.809417782785912,7.9286534973480975,2.3161725739936574,-4.38656569626893,-5.351989602702355,-9.293350701176053,-1.8782589167837562,-1.1340274083772632,0.08904909523664384,-4.227849413382506,0.801909359810578,2.1927978514870317,-1.7290993088985829,6.985850821538248,5.120819928145604,1.5706519595149793,-1.450014073273599,3.3467801887568998,8.588612507130119,-5.456961125406537,-2.9539395251475025,-8.159516903311768,-3.6699869256512514,-0.31328964529265324,-1.0002284458046642,0.6503701147149474,10.211785794513283,6.195175688378841,1.6028389089615134,-3.7843700021111033,0.5033507706344396,0.2999290791195368,3.5421574922009262,6.890572467589491,-0.2992687092351103,-6.7346827980303665,-0.4012718407979765,4.9692570719522005,-9.412646011897062,4.245709186862437,-5.4705691914407275,-10.01425235070321,-4.463916071135505,3.7338612207710877,-9.6157356132228,-3.0156853216918913,-3.8247640318254863,8.257105354913188,-2.0762117014092127,-4.524604084718484,-0.8028351578180919,2.9432239906971898,-4.59889210618959,5.0521054226677045,-1.3686076684864643,-3.1693906573157546,-2.7901429654314196,0.4885701764236847,-0.7149072247853159,-6.712463098283582,-0.6257606495513821,-2.57464651553658,-11.027883476837134,2.283120176222912,-4.0306996712019005,6.318711816277491,-0.3924119245396209,0.7677484363987315,0.7092099461888939,3.68941480105784,-9.511521267340623,3.973537499873773,-0.02155343821724376,7.603343178094721,2.961409875061923,1.7855693820940273
neuralNetworkClass 	class coursework.ExampleEvolutionaryAlgorithm
INITIALISATION 	RANDOM
SELECTION 	TOURNAMENT
CROSSOVER 	UNIFORM
MUTATION 	STANDARD
REPLACEMENT 	WORST
ACTIVATION 	TANH
COOLING_RATE 	0.0011
TEMPERATURE 	100000.0
TOURNAMENT_SIZE 	90
maxGene 	3.0
minGene 	-3.0
populationSize 	110
maxEvaluations 	20000
mutateRate 	0.95
mutateChange 	1.6500000000000004
seed 	1646684373006
random 	java.util.Random@3ada9e37
numHidden 	14
numGenes 	129
Training Set Training
Fitness 0.05049911338331737