-3.841655716365981,-3.970924857928102,-13.093720825223889,-15.992260702402502,0.055492510654100435,9.846869626269902,-11.955401292289988,-17.123273278457972,2.319969306478825,-0.7269953380721468,-3.3720541112125684,1.1974992888300307,3.1186242850964723,10.392426989111797,-4.554849138824256,-6.128542495887702,-8.632970876697456,15.166578588155744,-4.542621998534933,-4.585170411956705,8.973555265312292,-8.224230385633295,-7.946785323202532,12.580796835728842,-6.08046814694589,-10.757511596398688,1.0190854979268327,-1.3874584592090295,17.342543589395262,2.0526777523732047,10.466254319945616,-1.0186062435967642,11.95386394216343,-2.2224483752030304,-4.4538674651107115,7.604388737773346,8.571667469208744,16.32157579340793,-12.879510628360656,13.9075419562554,8.84098900734213,5.782782707974524,2.41861925644508,16.627840426304783,-4.680065607270256,22.5489960117469,0.04738094083868738,4.2078833678436025,-3.9141070515375205,-1.10094623544577,-24.902184937547645,4.788460566115628,11.691457536061629,-4.37214879888341,3.734098318574752,4.393506434855425,-12.438169459448595,2.980741669153268,14.807446453839034,9.077997399957818,-9.50499308404224,12.270423138392948,7.399738151757754,10.002530271707842,-2.8137798857927514,4.001414164619257,1.777033351222082,4.583657843172409,5.2974062294232045,8.566497821353,-6.962996288861267,2.9220694476614497,-14.565387174644536,-2.6337561782310672,0.5106650546964344,-0.7568731071942132,3.8505768029777183,12.003891795360866,-17.598155111362374,3.1541860599129388,8.831491925700707,3.3965510709505455,-2.3916311972807183,-2.4194428525105476,-4.043715172540308,3.219841578268042,0.5669934051636885,4.88687864969447,11.833513298535747,27.416776806907535,2.049661617197856,6.173102051641773,-1.2747016343700448,-13.997143118084693,-2.738296194218975,13.904205625675951,-15.490500168153634,19.5380140910706,-4.84684757210459,-2.509822390511218,7.060639584946443,2.8622264046347894,0.202388427090737,14.327732242877548,-0.3531249971480719,2.2552829982830875,-2.6331188477157763,-18.30235863993361,17.944622428801566,-3.0176393000320125,4.068832755913218,-1.0185113122669147,-6.235774548585418,19.325740008688214,-10.005916961348513,1.2474236565589862,10.857229935138013,11.179162997062084,-17.119319965305664,4.022625858820199,-2.7403213235837756,-11.004993874106612,15.859064903883398,9.846363602350278,-0.42955836016017734,-3.6743871197083404,14.378871309201767,-10.520042667329141,-0.13276210650832443
neuralNetworkClass 	class coursework.ExampleEvolutionaryAlgorithm
INITIALISATION 	AUGMENTED
SELECTION 	TOURNAMENT
CROSSOVER 	TWO_POINT
MUTATION 	STANDARD
REPLACEMENT 	TOURNAMENT
ACTIVATION 	RELU
COOLING_RATE 	0.0011
TEMPERATURE 	100000.0
TOURNAMENT_SIZE 	50
maxGene 	3.0
minGene 	-3.0
populationSize 	110
maxEvaluations 	20000
mutateRate 	0.95
mutateChange 	1.6500000000000004
seed 	1646684373006
random 	java.util.Random@3ada9e37
numHidden 	14
numGenes 	129
Training Set Training
Fitness 0.023177811169711824