-2.365279248948119,-12.20505099188157,7.107887845474149,-5.2720192267549715,3.842025488893203,3.8437504472684307,7.8854186761306835,2.0342381517482497,-7.273888464901587,7.538573900875136,0.5882148155014919,-14.133583916139722,9.830231451655132,-0.2901254100923758,6.376925261960768,4.214054219641659,3.0380084464871677,1.377521305544592,3.2322902488860867,3.973651149211765,-7.425766687422167,-1.1519202915520026,-14.31087039335627,2.9512693373115404,-5.029851584323769,5.072185725286694,-3.289138329192842,9.231692662552735,-16.355181509349627,-1.8763338584077704,-7.977635445752091,0.4279452872937086,5.695985362200737,5.600737777008941,4.12953526974763,2.482397038173236,-0.27690262394599063,5.3257848391006295,2.1519521424224557,5.535608065386508,-2.077994869836961,4.633889685548508,7.530589223517213,11.161482366094885,-13.604890915642711,-5.458540632620442,7.295581867095633,2.0372257416761848,3.212543334818526,-5.125030548003485,-4.410412526371226,-1.9259785245128036,-3.860725763405778,-6.883991501837994,5.440332060244566,4.479262560678535,9.609794176605826,9.882489620715983,2.7614812500055326,14.803600874654318,11.38638086579681,1.2170578194026351,7.734022051517661,6.145990930377586,1.0286966025896689,-5.857600994055284,6.830884061022882,-0.6526645460102394,-1.2182072084439648,-3.430671795987273,6.88829846343368,4.574075881755311,-0.3247726419910153,-10.932529413899717,1.9226578917117854,6.380584076409687,4.507105902478943,4.178831440559695,2.970248702413169,1.873608607417041,3.1070780247437426,-4.475650708414918,2.603229648094324,0.660158953247433,-15.339569425310863,6.400068504536467,3.1038355091887513,-2.3368164941141183,6.37401490686476,1.898096008332014,12.717594213268086,6.069794602184324,-6.079229622212557,-10.814379734011974,4.514751035437355,3.502004126932861,4.525822518564701,-4.018051820810568,10.918335070715962,3.589401758862903,0.2281777016926183,0.7495142000148394,8.267850571006141,-8.669372418814655,-6.11866808529535,2.390987418746408,0.18562048393762431,-3.4626111924880476,-1.806863745177198,12.229108270305463,-7.590554872150781,6.121962852834588,-2.9333013973261437,-4.254652773524479,-3.8683860680984035,-17.669252457005655,-0.9890123224845606,2.7647482835858446,0.7731331380357531,1.558601111871976,-3.0329854481691516,-1.859389980836664,3.9623551140281545,4.408089165198153,-4.139520327325997,-0.45081438191957623,6.909043394047159,12.431364535851209,-2.2141082499275466
neuralNetworkClass 	class coursework.ExampleEvolutionaryAlgorithm
INITIALISATION 	AUGMENTED
SELECTION 	TOURNAMENT
CROSSOVER 	TWO_POINT
MUTATION 	STANDARD
REPLACEMENT 	TOURNAMENT
ACTIVATION 	RELU
COOLING_RATE 	0.0011
TEMPERATURE 	100000.0
TOURNAMENT_SIZE 	20
maxGene 	3.0
minGene 	-3.0
populationSize 	110
maxEvaluations 	20000
mutateRate 	0.95
mutateChange 	1.6500000000000004
seed 	1646684373006
random 	java.util.Random@3ada9e37
numHidden 	14
numGenes 	129
Training Set Training
Fitness 0.01976630125674362