-6.292573081860116,-2.108582479460848,-5.78305556889171,-12.988416607529867,-9.912663314783751,-3.471874604674875,0.9050284796018717,0.3790109788823868,-2.4371784095260445,5.289404560665858,2.293680649876519,-5.276734951342866,-8.078555817535646,2.2059220203975043,-7.815039859179768,-3.668620385320697,16.221209224092426,-1.061638475176431,-15.242130380423049,-4.842498478812392,-7.5292303089872625,-1.900236267174698,-2.870164861754139,-11.806930666141902,2.7302471646241155,-6.881110268841433,27.74414343586455,-0.5393500185275588,-8.13838756088434,-0.1726425669406595,2.465988135251913,7.25383394331697,-2.675637003453911,-2.5330224234257246,-9.04467193448933,8.478010751189782,7.966536710036042,8.114880995366603,9.757802852593565,-3.933232402878196,9.502893271671336,1.4627067538855574,-3.034497844589403,-2.193922141926201,2.8013945582673863,-9.887710905825914,-6.2525712356033445,6.393365409734551,5.86591162648911,-7.236045940474748,1.1350435779520796,17.690955878987083,-2.5926181382422238,3.7747081504160764,8.971329011064029,-10.396655932415756,1.5374362446048568,-9.697724635445129,4.092350321818359,4.6151322414185625,-1.3521822330344575,7.47710653477772,0.058346506976835855,7.871412157740444,2.055701367867191,-9.141839241928732,-0.8630759416166365,-5.53520948878486,-20.800668384338643,11.679429942172405,-5.2360230580477145,7.4631738751264844,-6.9398175004955185,1.2828459605463074,-0.28149678370994824,-13.73014575997988,8.167147812637758,24.359387403793576,-2.0044665361356815,3.9023587327587803,-10.744937717263744,5.583869686743597,7.946933939073013,5.408946497895293,13.254154109048757,-11.669923534729541,-1.2671047270361235,8.261559461234715,5.478823524234541,0.49156353096423366,2.7374645514222546,-12.428544933068782,8.563441659476922,3.809634383076249,1.1995218307649722,-10.331329859190141,12.50965817874321,0.023662132015860315,-8.453845632359076,-1.381110818718307,0.9140047861420975,-8.889896624019947,5.288425137550575,1.72120876394402,4.136379077154905,4.515219788325609,9.000080009202238,-7.31228449045072,14.099286796692393,-9.88730245634963,2.247784687090955,-3.8492863658487755,-0.07547763501266935,0.3810242757246458,4.227030824917586,12.02586181305649,12.618260191323005,-2.8533418071998415,-13.919105978946668,-7.82059938464737,10.007327567668954,12.027691311412411,13.939378413464004,2.4050737854587885,3.3587286338436133,0.7388858535337466,-9.134875211903523,-9.488732268158959,-0.2187172421623842
neuralNetworkClass 	class coursework.ExampleEvolutionaryAlgorithm
INITIALISATION 	AUGMENTED
SELECTION 	TOURNAMENT
CROSSOVER 	TWO_POINT
MUTATION 	STANDARD
REPLACEMENT 	TOURNAMENT
ACTIVATION 	RELU
COOLING_RATE 	0.0011
TEMPERATURE 	100000.0
TOURNAMENT_SIZE 	90
maxGene 	3.0
minGene 	-3.0
populationSize 	110
maxEvaluations 	20000
mutateRate 	0.95
mutateChange 	1.6500000000000004
seed 	1646684373006
random 	java.util.Random@3ada9e37
numHidden 	14
numGenes 	129
Training Set Training
Fitness 0.12674462111401252