5.399328954015477,-1.2769928276584572,-6.309613984226416,-0.8870007911842812,-9.231143380764498,-2.6397689896207606,7.427059966716316,-1.3315877341066553,-3.1717077333284323,17.933634630605653,1.7639356387658438,-2.079952287516601,-5.070253668282431,-4.214059960277957,0.9678445683966848,-7.358017091454466,6.111060137816347,-0.07444783141556499,3.862206861066488,9.247242560191593,-12.946109428876486,-4.352613798827994,-4.1428188805363275,3.8122845565732923,-12.086276348711017,4.993913110317935,5.210709067817961,8.786265811719014,-4.012106513654104,2.800722312375661,-0.571866474714362,2.147550819707261,-5.313488528357103,12.997854090251135,9.188145571053465,-1.8718696341973855,-5.567461365918035,2.077607401284869,0.3753956740788871,0.8973188646854506,-0.45893784913637514,0.19148156877101385,0.2551814000795609,-5.270695684681552,5.76416531629612,-5.296636310104988,-7.606797839812732,-3.0251742790021803,-1.0133922136674123,-7.346972889663165,-10.646549716734535,-1.9845425730099842,-2.1811376088376537,-1.5265416522078086,-2.300115204954209,1.1496828124377743,0.5578810752020118,7.657484207907695,-0.06738639412558811,-3.9568581170096344,-13.227707901884337,3.4836232946772245,-3.7931131849794992,6.271141615511329,0.7675586820642906,-0.01196097241033467,5.4132831525465495,-4.010279408454624,7.597955938452577,-2.2910747642011575,9.140047924662696,5.692262250519423,-3.083946781599108,9.081607603886871,-16.856378701762658,5.84185474196849,0.9867156140454685,4.32709806207442,0.9709719206568836,3.2652982192885176,10.19146637816502,-0.5962080958178273,7.507429726063995,3.2028634791006363,5.56038164675636,-12.418549262396237,2.8662903479249877,-3.121390800326953,7.042515393872648,-2.9014325134529937,-0.5084595002234908,-6.810731897257437,4.512181205899884,5.728662731848566,14.162633650044118,10.755414887287493,-0.14275385268223406,0.9080149459885956,-1.1296789985601832,10.236833473338187,-4.79308096706038,-0.9832201639390963,0.9251233101438885,-16.015298041495633,-7.5696553626496135,-7.0425920224578125,-7.984894227718083,1.3364189847926475,-8.376357262552007,10.838722346727643,0.897196489144152,2.6045970110655325,-0.6981406509283818,8.950970266217764,-8.91363226413015,-0.5300485570429103,-9.176374346840817,-0.6933812016591867,-4.350423327599823,5.9085178394650235,4.050147761703984,-2.426386310517926,0.7164409325978109,2.416832612995112,7.42647970533706,3.6922771239526835,-9.11379806407564,-8.705584769101296,-7.428141399281875
neuralNetworkClass 	class coursework.ExampleEvolutionaryAlgorithm
INITIALISATION 	RANDOM
SELECTION 	TOURNAMENT
CROSSOVER 	UNIFORM
MUTATION 	STANDARD
REPLACEMENT 	WORST
ACTIVATION 	TANH
COOLING_RATE 	8.0E-4
TEMPERATURE 	100000.0
TOURNAMENT_SIZE 	90
maxGene 	0.9999999999999999
minGene 	-0.9999999999999999
populationSize 	110
maxEvaluations 	20000
mutateRate 	0.95
mutateChange 	1.6500000000000004
seed 	1646684373006
random 	java.util.Random@3ada9e37
numHidden 	14
numGenes 	129
Training Set Training
Fitness 0.03408430597665831