8.55379292218765,-0.3663822064642188,1.450726482054959,3.458445940970142,6.6942035131904625,-0.24697168725599283,-5.13580224538396,9.208201014997373,-5.883187964993957,3.25150765964891,-0.29115116360117543,3.8533757789869068,-0.4836192087117981,7.605348781686928,2.0913157798387996,3.1675517187374744,-4.908111414456709,-2.508705088903577,9.712869026389706,13.151037163763677,-8.17288728735259,-1.9872109556490822,15.348675119173123,1.7870809352705486,1.324633722802206,-17.55370781550989,0.6122846607035655,-0.6204004124441838,2.2735712300235225,13.983978097194065,0.11124558438606069,-2.714752016745045,5.691910037637786,1.556531825373935,5.379031617866609,19.328833835153404,-1.267681704281486,-7.635299463381761,5.68527742438453,-10.595249575397647,-7.274089633339559,-18.619328964162996,16.530606254822253,-2.0317263226446283,0.011449567837763297,-15.19973423389988,6.024134561671243,4.459237370276105,3.3580378659190284,-13.715626456846726,-0.7289674876223051,11.526779818328595,10.637381335789113,-1.3270481948266788,17.114318902415874,-10.362480765610064,-2.912728115274832,2.037360603923493,2.7793643990429437,8.150692300799868,3.680968425212364,15.456708836914238,-2.1886275422625268,-0.017539848268916636,3.4277100931921076,-18.438684760149428,4.625409618557508,5.457758578857629,-4.572358777492894,0.2313113186215694,-0.1946553380052709,2.4117398326253525,2.689971706773923,9.620828898641893,4.692362989774825,2.0540271727005974,-11.003751985474848,0.4981461616266758,-1.5544875249537187,8.797673886587862,-10.298848766801827,-6.60042247929017,-5.563964531096879,-17.069109148244245,2.4612916329616557,-0.6101762961390413,-7.045958228135204,4.823278181682895,-0.48199058207925827,4.60391446172841,-3.5896314596401595,7.459469573427343,5.683246196679828,-4.484200527144177,2.3082758630311586,-8.468232879597299,9.188088533618165,-3.2139318989166252,19.18891920509305,-5.250479612746524,-6.748356656165258,-1.613805687832393,7.571339336568043,-0.8633290927495283,8.663440790910041,7.929131720384111,-14.037994801483496,-15.159940430354482,1.5456145963972734,7.7060004665716,5.900745612737854,2.1097611970988828,-1.3783445487951562,-2.9139678143262984,-11.66080366253585,-5.411112001217168,6.916575627961467,2.5318604390583808,-0.985305788206416,1.0139710488757476,-0.5011250165163785,4.064665956278661,10.586839348432862,2.0782035596230495,-8.202256139290794,-14.21639284625026,10.545746439231925,4.648498797165537,-0.8605163445557347
neuralNetworkClass 	class coursework.ExampleEvolutionaryAlgorithm
INITIALISATION 	AUGMENTED
SELECTION 	TOURNAMENT
CROSSOVER 	UNIFORM
MUTATION 	STANDARD
REPLACEMENT 	TOURNAMENT
ACTIVATION 	RELU
COOLING_RATE 	0.0011
TEMPERATURE 	100000.0
TOURNAMENT_SIZE 	90
maxGene 	3.0
minGene 	-3.0
populationSize 	110
maxEvaluations 	20000
mutateRate 	0.95
mutateChange 	1.6500000000000004
seed 	1646684373006
random 	java.util.Random@3ada9e37
numHidden 	14
numGenes 	129
Training Set Training
Fitness 0.014206141064514304