17.01023614638676,2.567091157981217,-2.0267988188392057,-3.9792949879370347,-5.863076326969654,15.51132484897004,-15.80083271581358,3.862872532157029,10.156188631864561,10.69644562912435,-18.75045333281158,-11.189305542213134,-8.987253594202988,21.135505209774763,10.339936087097731,2.970564122800999,21.076658009793334,-3.4414502952924595,-13.89466841806845,2.3326010948150744,2.2903332723163814,-5.046666486850672,-6.272407399869448,-10.91025644777843,3.573646029673867,-1.5276427777380732,11.014958734318448,17.471155352951385,11.179629022941837,-3.565854995718942,-12.766300414036383,5.517671335397233,-11.669674128000025,10.409283691504521,3.2367120347165503,0.8260579114129865,15.315949643969025,1.0216346568226244,-6.177084764499945,-3.9980449545195444,-21.25240719067697,10.361223423404043,8.866142534051043,0.8719306695201539,-0.00785995581348864,-5.646056829751352,-16.13199499626272,-16.31826230823415,14.818797747251143,-16.191298337642777,-10.707246030082848,-16.87872890102686,-25.300650017991693,1.619302182156101,13.337035060414474,5.2548073643287605,-3.719263491846627,11.47834412284292,12.635180296686896,19.86554629795438,-4.108095365728124,-13.96404728351401,-6.690702649873922,9.312158109560649,0.7177418045993758,16.006692799966828,-4.5670366539327665,-15.774147102814323,-7.896168855202626,5.257862015784323,3.0175216727821503,-13.005016249784903,1.7472075682857344,1.0470049757949678,5.5611482161667105,6.152098717184966,1.7168416728371199,-2.760541161376988,-14.966889402307997,2.0489789915931187,2.153745752410866,-1.3868544852211215,4.569476919429084,-7.704570176147742,23.975197666721492,-2.758191593008223,23.424890494001318,2.854704620810173,14.480093898252397,9.825067817924138,0.8308882770301889,2.288674470397104,10.918848806819078,-2.5819668029894185,0.9903088000916211,5.910147849247557,-38.45615827754249,-6.3761678084934665,-13.555054421663423,4.1251476448235636,-20.770179652454715,-2.5584565876073295,-19.742231714697546,-8.244678838955608,4.701135098536522,-2.88219517662358,-14.292406922010487,-15.77924576517849,13.275107812137787,-5.418917753437958,14.297958394566969,19.67858144117764,6.448577649788654,-16.022876040760814,-16.146296147398914,-0.8453839845372952,-0.4749274961728389,5.276373667209827,5.741430205502997,-3.0731722077155688,5.656066603488037,9.158120744347958,-0.7177266520201648,12.025137069580648,7.874754027334577,14.319874378001908,1.4281360113179886,19.085522715875925,22.698320501182145
neuralNetworkClass 	class coursework.ExampleEvolutionaryAlgorithm
INITIALISATION 	AUGMENTED
SELECTION 	ROULETTE
CROSSOVER 	TWO_POINT
MUTATION 	STANDARD
REPLACEMENT 	TOURNAMENT
ACTIVATION 	RELU
COOLING_RATE 	0.0011
TEMPERATURE 	100000.0
TOURNAMENT_SIZE 	10
maxGene 	3.0
minGene 	-3.0
populationSize 	110
maxEvaluations 	20000
mutateRate 	0.95
mutateChange 	1.6500000000000004
seed 	1646684373006
random 	java.util.Random@3ada9e37
numHidden 	14
numGenes 	129
Training Set Training
Fitness 0.02018983522292632