4.483414029869048,6.389098877740979,-7.079188137063863,6.12610841332058,-2.0683697302097697,-5.786239683461075,2.123695136434895,4.326155052558894,6.020539311784404,-3.250476978857444,-0.519905078817434,7.836282023315254,7.926726329224217,2.6723504392850246,4.574769434027942,4.723433767905744,-0.9751125545760755,6.298853712321674,-6.123834675327911,1.621374355379099,-2.3162529327794523,8.082062190402883,-0.6104810582200768,-4.7270891016440295,1.7161485294762588,-9.12203447760865,-0.534238092616028,3.3858751091552604,-4.054536262898969,7.4519061710602745,-7.336665546382509,-1.2571581688543674,-1.0202354856377447,-0.6299251766695386,2.558063460031936,4.149483503831551,3.5519953748577926,3.735031389855431,-1.0681963414160638,7.288883445344144,-2.11131594804686,0.22534692959631375,4.093590342200658,9.919049623061827,0.8615248821170622,4.83813430034158,-1.9524014118490154,-6.291702267514589,-8.644537302414975,6.109404853803481,0.07024891977502046,-11.551912826178654,2.9537067275418645,1.200864004661021,-2.455650546800859,0.4153220118190717,-5.6056018587800995,11.092926863893652,-4.278792518079973,-7.823952465582076,0.3954510373163913,1.5624093913780204,-7.707805480423035,-3.2701063403738346,-7.126613319916818,1.1995210350498082,-5.950708848069502,8.43954284346521,-2.8512259466893077,-5.1175428728046235,6.999691133746159,-1.5280827950114737,0.28518913441299576,-4.470937402028435,-6.477417923076226,0.19770393702291678,-6.999598437588717,-2.916293595245646,-10.03322240787366,11.003260772683054,4.667793178610542,-0.27631615861315595,5.73591317065382,-1.736138264923465,-6.157187808924093,-4.616870499686701,-1.9565288108361933,12.809669412665702,-2.9964397552768167,4.793601610457533,-4.457056115109398,10.185739091555343,2.336409448475745,0.7791645352429413,2.748992182441632,3.064782609740817,-1.3231567000026363,-0.3800273493073716,-5.986496443269333,-6.083657978014308,4.48250811588227,2.412028735174493,1.2559994121867337,4.018444898688603,9.019765130647972,7.601961257881216,7.7208910308002086,11.817735043100742,-7.463175553192665,-4.63566119574404,-2.9053743405375654,8.501494240940797,-3.0741580416337246,3.7152095283622266,3.2138180259662787,0.1398912819393705,2.593156624919895,1.7692269318701923,-6.168999150313293,-11.76078045323102,1.111141887602626,1.1488956089165647,4.627683649116561,1.2168021334590646,-3.3330572462228236,3.893139093973562,6.974949352921824,8.16567016623279,13.452665200616718
neuralNetworkClass 	class coursework.ExampleEvolutionaryAlgorithm
INITIALISATION 	RANDOM
SELECTION 	TOURNAMENT
CROSSOVER 	UNIFORM
MUTATION 	STANDARD
REPLACEMENT 	WORST
ACTIVATION 	STEP
COOLING_RATE 	0.0011
TEMPERATURE 	100000.0
TOURNAMENT_SIZE 	90
maxGene 	3.0
minGene 	-3.0
populationSize 	110
maxEvaluations 	20000
mutateRate 	0.95
mutateChange 	1.6500000000000004
seed 	1646684373006
random 	java.util.Random@3ada9e37
numHidden 	14
numGenes 	129
Training Set Training
Fitness 0.044512851958843275