-6.326099298302175,1.2903358755495544,6.4108522125757545,-16.55025408360934,-22.43455754075481,0.9356596771988404,9.443401082019493,0.23069902287224853,0.4980297264145346,4.319180381433844,-7.2552587848881585,-8.824139443969923,-12.11637461620354,-1.837274315632536,-5.045780515745303,12.72251030086713,-2.5084574424239374,0.7643486982659446,9.265229914219706,-5.837697558054503,-12.266986898682894,-1.4320421206808955,4.361418007250414,-4.2545277567630615,2.653442208259616,-6.984686463912491,-14.343985163761477,0.08385914725616317,-17.10566304340369,11.070111895619272,11.337276482091696,4.305134787439197,-12.13128222044925,-1.5853717738691868,7.698750250880286,-5.015629577400132,4.364178819662152,-5.37026851732325,5.002162086789391,1.2156591731164434,0.4396973136937863,3.1676317064175015,9.474770760204684,-7.813916230625914,9.207202485968974,-3.476534689165165,-8.762608612799902,-14.40915616532829,-6.379753843556863,-7.861577989426757,19.01636536068071,-13.623976759370677,-11.575954315007932,-12.000338725840473,-19.127269275493887,-5.101264889453135,7.669694828299232,4.447508326545819,10.426885324651975,4.531399848800073,-10.375332734647708,3.9295854107950827,-7.045327416985566,-6.473959170060763,13.32154343331267,0.28231237896739536,6.013296556704077,9.051591729607148,0.4063256357297451,18.9634454980823,3.431417546292275,1.273934117878345,3.4130840892627843,-16.18730851211636,8.221228636599934,-0.2335547107974385,1.150668762443539,-5.539204011588119,1.0230498247620972,1.275948569629608,-10.916302501287623,-6.461637960815553,4.483205813430798,-9.40643657480315,-8.525979774455967,14.304017523293725,5.943693020009074,-6.407934116135712,-9.029656922330163,-4.48259457845104,15.587372815534414,-14.609023853776867,6.4926796543631715,5.775834300051027,14.235163618597024,6.697702403763912,-6.245219538632318,3.164281374345334,11.13193743555832,15.347676363677527,-7.798322712174829,6.986806424081766,-3.7144372514059523,-14.821471044674686,-3.5390362917423044,3.0032846836093032,0.4887690492375114,-10.577040407684226,10.615415811056154,9.138736726562806,-2.4437589676850635,-9.357934810586151,-0.8489571598480943,-8.98661541695748,-2.9504105228088537,-7.904494843552602,-1.0313587747483561,4.05992672184763,17.84057434156899,4.3069820568715755,-14.031588776709926,4.200383378300197,-19.271805679872585,-4.416863836807854,10.976177019927674,6.598221676171336,-3.7720099278069092,0.6310525950478567,-5.073762414312978
neuralNetworkClass 	class coursework.ExampleEvolutionaryAlgorithm
INITIALISATION 	AUGMENTED
SELECTION 	TOURNAMENT
CROSSOVER 	TWO_POINT
MUTATION 	STANDARD
REPLACEMENT 	TOURNAMENT
ACTIVATION 	RELU
COOLING_RATE 	0.0011
TEMPERATURE 	100000.0
TOURNAMENT_SIZE 	90
maxGene 	3.0
minGene 	-3.0
populationSize 	110
maxEvaluations 	20000
mutateRate 	0.95
mutateChange 	1.6500000000000004
seed 	1646684373006
random 	java.util.Random@3ada9e37
numHidden 	14
numGenes 	129
Training Set Training
Fitness 0.014792996460981095