-5.9864444953257365,-9.782701817909066,1.647440054957503,9.45944786112647,-1.8243532179459523,-0.23143085940720676,2.955384419076747,-3.5492034118796916,4.136442846637163,-1.2823566852241295,-1.5187291081106817,6.283295573974052,-1.9604255249189164,7.395824681715768,1.2489756307005506,0.9588887483249771,-4.921704760911367,-0.8183861830288444,-9.392512549258822,2.2448228184075285,-8.388938915122798,-3.504866922130665,-3.450898470521375,3.434439008018744,-2.8528397553298115,5.326948677782475,-1.8050651040267152,8.171518501430207,-2.4982776547445176,3.662043698594355,0.8582259872676854,3.2178804403154855,5.919825456997072,0.2507124246512493,-5.247480614203527,-3.8088014327075648,-2.4676882674836875,4.181661325257249,-6.019020932699405,-6.5402333997622915,5.481311389602933,0.07861809741111703,-9.225286664129149,0.35321004145288404,-8.358633567612028,-0.9297339351157556,0.3921351413715666,2.2329054774323347,-5.637563868064419,1.6243353939888316,-1.9519774546051414,3.813136002064157,0.5239559319896925,-3.9597994858903025,7.510084473372581,-0.7162239837724655,0.5145135945173989,-9.78965334356459,-1.2675224837994903,-9.542435984579221,-9.260404430704462,-0.8604146146642253,5.689860216091899,-0.750210852852502,-2.4397519032934554,-2.048086358355179,-4.167788071230111,-9.004519480346504,3.4783877972606057,-0.9315725627442486,-3.050216270689676,0.36895632453378724,0.10988752150394765,4.005716449044931,-7.080809677333496,-2.4071462621887028,3.424453152361085,2.972680787727792,5.9457906280420385,-5.791472738929583,0.38169819317352083,4.584728398984269,-8.5758519503953,-4.4730323506813345,-1.8442859427612097,-2.6821746233544026,3.1074996195894897,0.6391606734252084,7.165823061370654,-6.609111512580941,0.35880514431944377,-0.9129307715795463,-12.180906359083217,5.843524237938123,-8.449912344153706,-5.568811119561684,2.920586511459235,2.567134212246229,-2.916582475813664,0.897891821328511,0.4701918569104446,1.9509226181878194,0.8760325207444586,-5.400459589202762,-0.9596920937471389,-6.5296427239446295,7.533727326666954,-4.057382995207031,-2.583498038130793,-0.8758492052852778,-3.5192133972027877,-5.676118225446432,-7.316313789714968,-0.38315535227895925,-0.9786245471973292,5.011837186864716,-1.746770648048779,-4.612405996855131,7.3264436133838355,7.320541676252276,-0.5481812593828699,1.8017675025094646,-0.8281619188714178,-3.794917858061898,0.5807752682231766,-0.29950901541637354,-0.2525389082431593,-3.2072199391748306,0.004915903550661849
neuralNetworkClass 	class coursework.ExampleEvolutionaryAlgorithm
INITIALISATION 	RANDOM
SELECTION 	TOURNAMENT
CROSSOVER 	UNIFORM
MUTATION 	STANDARD
REPLACEMENT 	WORST
ACTIVATION 	TANH
COOLING_RATE 	0.0011
TEMPERATURE 	100000.0
TOURNAMENT_SIZE 	90
maxGene 	0.9999999999999999
minGene 	-0.9999999999999999
populationSize 	110
maxEvaluations 	20000
mutateRate 	0.95
mutateChange 	1.6500000000000004
seed 	1646684373006
random 	java.util.Random@3ada9e37
numHidden 	14
numGenes 	129
Training Set Training
Fitness 0.047708793907397594