-8.334142408337822,-14.882380040240601,3.379404099530836,-11.363334048567049,-4.82156385903882,6.605106739326123,13.250257502185562,1.7948130845666004,-3.306206715918931,-6.474824673156691,3.2270502548313242,8.434780321557223,-5.110204320241156,8.0978207396834,16.595417413881734,1.5461063856160617,3.1496991273084536,4.857414501908762,1.750461917253162,9.990143590683033,-13.076422334350138,-1.8136611553033708,1.5568915250692004,16.639902554552883,-0.16050932672099627,-0.04979487698469498,-8.06883462213109,16.675637655733674,0.1637164579690209,6.795410906278459,-1.7438883928241342,8.165872933707837,1.4597716331671462,11.56080574405638,21.64511816071255,-8.089166231528749,-3.3911738393413184,-11.691248828422012,6.442139372296198,-0.16498471893059552,-6.4704854833520535,-11.553123675747559,-3.1745983390875,-3.162115938260431,-4.976965893677565,5.14034603933221,1.7268322859308878,19.646475419112818,-6.730187356671672,-1.8445260883596752,4.985875661606453,-3.1890860101797465,5.066916910166897,3.179028444953019,11.575502480999313,4.943651151456791,3.120765843180698,-1.5264037690322567,6.519857346355858,-3.374521679331834,4.997601557440281,6.607881260658756,11.66713142337038,9.886140874262502,1.7845625696128664,9.941835673315568,0.0878871510869752,18.01464300337738,1.627094055031531,3.300032408393209,11.688202646861551,-13.285900570011437,-16.41617931461805,1.4827060730114567,6.408644105058972,-0.11174437685055816,9.97789806613508,19.842403991374695,1.7742152168922871,8.381563687041007,-11.625750387796419,3.445204831742277,8.267072995945096,-1.6580332537462317,0.07498613315084057,0.0889780734728749,-13.13705965495019,8.28531033034708,1.80069622049308,1.8171729631835998,-3.2962139706108236,1.5125647808249756,3.213185928586187,-9.8548584774755,1.6234836259988321,3.2658084268582197,-1.7143629244157577,8.057015418378107,1.7498013449455687,1.7561868198998392,-18.010955977099627,16.334672502082256,1.6752155127082027,-9.743170883099445,-1.8108206159201679,-3.4536557318385483,-4.879319003820216,-6.774032071374007,-8.313770256831308,16.65093100088574,3.360632409038974,-0.03972482878810801,3.279633289461831,-4.834892673615187,-1.8158691984584348,-1.8243085536469517,-3.2464585226037093,-1.656183934984833,-8.263789108641332,19.67279264835461,-6.4462820469971,3.1407644773082968,1.665124641005029,-16.483997279165166,1.6145781443903768,8.244051975985368,11.74531769750647,5.140727353600308,-6.504536088845233
neuralNetworkClass 	class coursework.ExampleEvolutionaryAlgorithm
INITIALISATION 	RANDOM
SELECTION 	TOURNAMENT
CROSSOVER 	UNIFORM
MUTATION 	STANDARD
REPLACEMENT 	WORST
ACTIVATION 	TANH
COOLING_RATE 	0.0011
TEMPERATURE 	100000.0
TOURNAMENT_SIZE 	90
maxGene 	0.2
minGene 	-0.2
populationSize 	110
maxEvaluations 	20000
mutateRate 	0.95
mutateChange 	1.6500000000000004
seed 	1646684373006
random 	java.util.Random@3ada9e37
numHidden 	14
numGenes 	129
Training Set Training
Fitness 0.019645728227589837