5.500225679763135,-7.335451002652242,-4.701322377348765,4.061361179627062,0.6705052837880854,-0.6435972824777481,-6.00683540917065,-8.609489031266104,4.794007960089904,-3.076068391734937,-0.49858551265993967,2.934896875474735,-3.989040585158426,-6.514352823770264,8.275873471447298,0.30809131100069465,1.3226756951034773,2.964861396030635,2.079932412435861,1.0782069066499287,7.3362996489171834,3.3378206952605556,-1.8096954356158537,3.5793742407742988,-7.52308971901484,6.3795866317728604,-6.205752085809962,-10.516357308640957,2.3286863910196067,6.640537045400366,2.1396024646117255,-0.7734698381389222,-2.9999896838041167,0.9226887457879274,5.010068361484953,-4.702975089309874,1.353099877486585,-2.9761280775297476,-4.274899355315709,8.682920537688364,-0.9030397611474701,-0.7208857561173545,-2.5967475832631006,7.2549438802699235,-3.3368502644745046,9.652420300347643,2.429749443820942,2.528213329620634,-3.7329414021714533,1.4684610429439253,5.983533320186477,2.5071430856226513,4.0531000058074875,-4.077484804696664,0.45596280887097196,7.4499876644009415,-4.21958149527293,-8.831667257610038,-2.6171828133925463,-1.8682018593999723,-4.073577269664407,0.357420095436332,-3.9868035781452242,-7.910359603856306,-0.631347715116497,2.8395721502368367,1.8533692657764842,-4.098496176867191,-0.39880747019953944,5.733307376043167,1.800569915827996,-3.3195934198954618,0.350053664307338,0.3361877443482757,1.1712002314266452,-10.792218328809156,-2.4273661429701745,-1.0811646429652089,5.629845351825475,-2.514692835596665,6.359589018981865,2.2327845515151594,7.389964988091118,-1.948079638931759,0.8031350047742727,-2.5388633936401614,10.084074882150167,-0.5571643959983819,-9.745988544434821,-4.647687098584962,-3.609312851655198,4.859961961828188,-7.489960443942399,-1.7989702865864645,-6.5427702421376,7.028196419988497,-2.2875915994549842,-7.1230534470005935,6.522620731076987,9.929645706878814,-7.528470897985388,0.20026744931556895,1.3201230543916722,2.3379077512030126,5.902497286454606,-4.2250963347398125,-7.319437692191313,-0.8828772211540432,-1.2790905497357867,0.1636332549140742,-7.092060698693534,-15.6944188850379,-0.21701982388509222,5.276022184428955,4.013925848042362,-1.8287461767799922,-7.000387982125382,1.488699018102527,0.024682570600475184,-3.4433100976185225,6.812270676714055,3.778903223868496,-0.7871074481155556,-2.1766981028188255,-5.810775743804859,-7.323943397152631,-2.490143566951925,-0.13985989181937342,-2.616094689107376
neuralNetworkClass 	class coursework.ExampleEvolutionaryAlgorithm
INITIALISATION 	RANDOM
SELECTION 	TOURNAMENT
CROSSOVER 	UNIFORM
MUTATION 	STANDARD
REPLACEMENT 	WORST
ACTIVATION 	TANH
COOLING_RATE 	7.0E-4
TEMPERATURE 	100000.0
TOURNAMENT_SIZE 	90
maxGene 	0.9999999999999999
minGene 	-0.9999999999999999
populationSize 	110
maxEvaluations 	20000
mutateRate 	0.95
mutateChange 	1.6500000000000004
seed 	1646684373006
random 	java.util.Random@3ada9e37
numHidden 	14
numGenes 	129
Training Set Training
Fitness 0.11424598270212716