2.0840016285726666,-5.875098593421671,12.40963582318349,14.483747331653786,7.351732607493918,-5.842662666905756,0.9613082785395166,1.1713265497662455,19.085227629771886,3.1659561586124694,1.2205481974129206,-0.6495853812506098,5.991930929576288,3.2749390029274275,8.581632297724445,-18.004899011096654,6.893154304303202,17.79569613189758,-9.327819312314244,1.21445389245444,-4.59980313635788,0.3908545118341342,-5.665591285932889,14.300411413749291,9.331717694028288,1.1693363007574131,2.623792846659028,5.690611148735566,1.666312249192571,-0.9409302121748482,6.621273779736853,12.220016021435914,8.73469784087999,5.381577929927339,-5.287111975843786,-5.475219308559287,-0.6985992383076551,3.6502078984245347,-6.262664501032377,2.4343327845780793,-2.4199927119222444,0.48983397200710677,2.0762255454400327,-15.739336328986981,7.8021024824508505,-4.9660978359953285,1.652552457392571,-0.6094417058391501,-0.6189760796305324,6.521947468636216,10.926664169108756,-5.191275202724581,1.4264987703335912,7.926929065832878,15.01290597072313,3.082539242611194,1.7475933369410654,9.677940231933244,0.4211839340551684,9.336102062017542,-5.482695134757564,2.3368597525718684,-11.5264413875568,19.75698559700124,4.456339374557963,-10.171184255445224,7.298045469300613,13.260759522705477,-2.18365577771446,7.626740489728936,0.7020899037222037,7.820216486168453,4.095144188991385,-3.767124295170274,1.8820319365166647,-8.114179660169246,-9.56532317477731,-1.348698483892952,-5.617944720034014,4.765251448416903,6.01921710554822,-1.9679214058237147,-8.092774934312366,0.294304817083086,-2.1565888540524307,10.605252003717963,8.917900694039146,10.671471288135661,2.697371284660747,-12.314925288642211,-1.7380439860323662,-13.299570279139411,13.981321519642291,5.524421003463058,-9.239775017734747,-5.363783088210566,12.09507298753058,-4.0286655486786715,5.272219366980597,0.08932139780857806,2.393553835745351,11.882452431212691,12.35990979102816,-12.212488773957553,10.433248166910223,3.3478287571537333,1.5719936889313617,-4.555859409738451,6.644819070737933,9.978653437216517,11.80326814572604,4.0526731253521735,-4.054061468146093,8.745138711078853,-11.223370092832658,3.4545846737725245,4.260857054174734,0.5616877513342962,2.3222943085523102,7.503646159522603,16.189827066285673,-0.21323770642181739,3.983296912448866,4.18317079883051,2.176117355367521,-3.9671214044667487,-4.151362073721209,6.3745723603461055,3.1019423462811933
neuralNetworkClass 	class coursework.ExampleEvolutionaryAlgorithm
INITIALISATION 	AUGMENTED
SELECTION 	ROUTE_RANK
CROSSOVER 	TWO_POINT
MUTATION 	STANDARD
REPLACEMENT 	TOURNAMENT
ACTIVATION 	RELU
COOLING_RATE 	0.0011
TEMPERATURE 	100000.0
TOURNAMENT_SIZE 	10
maxGene 	3.0
minGene 	-3.0
populationSize 	110
maxEvaluations 	20000
mutateRate 	0.95
mutateChange 	1.6500000000000004
seed 	1646684373006
random 	java.util.Random@3ada9e37
numHidden 	14
numGenes 	129
Training Set Training
Fitness 0.03915497084033012