-1.283380169396704,-4.608884700911147,-15.890199237638363,2.515945316298554,4.813238802866998,5.6832251812780505,12.35928338200013,-9.546442384640223,14.424615167179308,-9.459210544769169,-7.249398561970688,-10.870303353713867,-10.47517463742719,6.683431689693988,-2.257401578098378,-6.631160750963345,-9.452553405607475,-0.291601152094926,-1.6510463189986053,3.1531716230128115,0.3736273944251769,0.02223621177665036,-4.572960837616144,7.7000210506088544,-1.7904431356986388,5.371697826330869,9.228459064521758,3.2252085996151982,-14.750243113752878,9.142092364775035,-2.8339054987869936,1.0423641091561429,7.8237917231994505,1.7643123058861132,8.872397287508097,-12.25996703354524,7.762663415531586,5.232341527132581,-8.86890268801375,22.857707921583803,3.7473300946484596,4.73108115047309,-2.8905878832300176,-1.351288804643044,-1.8845395297009784,3.5598837796601686,-17.399733137936984,9.672152349393622,5.903704142473485,4.360228995319318,-6.496042985354752,12.547982217293168,10.891435319067261,-7.6334757796762425,4.886105303113815,2.3384609566298913,-12.461905275234745,1.9970578457187296,-5.856310544441446,-6.5138449607795845,-8.98007186903255,-17.21231844770717,-5.306663555696316,-15.657125801143597,6.7730920638196,-0.056155726871818246,4.416001437439353,0.615758398901801,-2.6112308907710364,2.7971459566545773,-16.550425853590568,0.6360181837562635,-13.267894153342734,0.8506302146767544,-4.134127803630276,5.622631586940027,5.6704604566541725,1.2825748928757763,3.9009077869284194,10.917598054355857,17.497616056269607,3.301595136276039,1.97723282086994,9.211142368957425,-10.109033745120108,5.8011986570206115,-2.6854087148881716,7.40456435297031,-6.328550849435505,0.501696716022682,-5.429972075173932,0.2752216288932132,9.526573537970904,-6.29307493264797,-4.018974314921088,9.71243573952937,8.904267983431582,-8.331732862470865,8.105164656612793,-8.465100719456682,-5.458817895047718,9.194029047857596,8.807219863695188,7.579471384467679,6.161464152918262,-0.3177464643181569,12.739532996421625,10.668032275307613,-1.1274051629709252,-11.855385397762234,-0.4060810409602338,4.063375918100094,5.792637996988118,-8.496211075496404,-8.276711888913908,9.516909029752469,3.443611754443247,-7.147961452700324,-6.861413081012316,1.6402257416141923
neuralNetworkClass 	class coursework.ExampleEvolutionaryAlgorithm
INITIALISATION 	AUGMENTED
SELECTION 	TOURNAMENT
CROSSOVER 	TWO_POINT
MUTATION 	STANDARD
REPLACEMENT 	TOURNAMENT
ACTIVATION 	RELU
COOLING_RATE 	0.0011
TEMPERATURE 	100000.0
TOURNAMENT_SIZE 	10
maxGene 	3.0
minGene 	-3.0
populationSize 	110
maxEvaluations 	20000
mutateRate 	0.95
mutateChange 	1.6500000000000004
seed 	1646684373006
random 	java.util.Random@3ada9e37
numHidden 	13
numGenes 	120
Training Set Training
Fitness 0.016241763124036548