11.826930527366356,8.098030923828798,-6.47111333456474,-8.026073436207257,1.6792217894752248,-4.934617777897492,6.818262790514467,1.5398720981402985,-0.12659209621564882,-11.789892556432566,-0.10035212988675646,8.489273754684456,-9.847377833517475,-9.96106116969864,-3.065381245410448,-3.5262071913494193,-4.901194198735522,0.1523208336500197,-3.3881943846844713,-9.65031865122875,-4.909109697258842,-3.1730337648081033,3.2684069790403623,0.1881176165893539,17.86144367529127,-5.125568042658871,-9.636889537669575,-13.40496169155652,-11.4303155116427,-1.7646191781123708,-8.479897369800943,-16.374397209109276,4.8027878296385405,-21.697709395044406,0.06130273010220488,1.8722570842420083,-3.0079206213757494,-6.465793977306776,3.3561582320285606,0.117052576991588,11.711867320792873,-6.739999186896585,3.4245780736039757,1.4349196599587248,4.804417022172064,5.003651577674914,0.2786269740392422,-11.352024713731323,-0.23166979116734154,6.6520025325056515,6.67630806404023,-3.5025182782947812,9.671237392695025,18.269365701327516,9.990203717071607,-8.307000251374136,13.28373580078467,-5.092497075588966,-3.395207827361979,3.0617398115052676,-4.728182482954061,-1.6284547779857528,-8.386855736972372,-4.667203400318836,3.213829572978778,4.658730165546567,7.966669099070717,-1.874060282025332,-9.740274383231464,-1.8112702255984345,-0.13919436011167097,-8.181086590717497,-4.671679435241483,-3.1062760410167307,-8.110291913316324,-5.0064666483448335,-1.8761468016988232,-19.71064635512493,14.698684935817774,-9.868678596007042,-0.0765665215097373,11.523687966867055,6.666802240682811,1.8767444110860998,1.6988649377461194,-6.486512025325334,-13.386204578904168,-6.769540838099127,-1.6867575109600015,6.413186896651544,5.100096123070044,-3.3808396400064513,-1.8959022103806014,-6.376577012415934,9.992683937509055,5.043373834816177,5.029807237928727,-18.3848563603527,-1.4425231189851733,-3.287825800140073,3.2206532048384164,-11.563038639505788,8.02471310735076,8.460437244203224,3.3444524070857513,-4.747942442487446,-3.002580703990694,-1.382600324100685,-5.2498213624775465,3.2318951829130977,1.420434701595382,-5.1872402139427205,18.385726552124268,-1.7447918367557236,-9.81575451232583,1.8178984590230165,1.521553516183392,0.10625384096337864,1.7750104354117662,-1.7414189514085612,1.6878629992997976,11.307793890719648,1.7970085441163857,3.0561553736327536,8.31701078189813,-13.384105052917175,6.737564092964443,10.075459079783492,16.477409756196902
neuralNetworkClass 	class coursework.ExampleEvolutionaryAlgorithm
INITIALISATION 	RANDOM
SELECTION 	TOURNAMENT
CROSSOVER 	UNIFORM
MUTATION 	STANDARD
REPLACEMENT 	WORST
ACTIVATION 	TANH
COOLING_RATE 	0.0011
TEMPERATURE 	100000.0
TOURNAMENT_SIZE 	90
maxGene 	0.30000000000000004
minGene 	-0.30000000000000004
populationSize 	110
maxEvaluations 	20000
mutateRate 	0.95
mutateChange 	1.6500000000000004
seed 	1646684373006
random 	java.util.Random@3ada9e37
numHidden 	14
numGenes 	129
Training Set Training
Fitness 0.0467713441440118