3.36883075718677,-8.338776507065244,-8.090450452035192,10.444736679176152,-1.7757770806400446,8.224167845264976,4.849550115312192,2.962080107359947,0.6369940784662216,6.071801198263922,-2.153929119294646,-0.3046505015724792,1.1561063177573976,6.677657445140046,3.492778097810371,-0.32541960244279977,10.873267197577276,6.837163422343332,9.561025902944017,-3.4957184299268196,1.315955078251367,-5.907317876812091,-4.547019424867324,3.552138114593898,-12.046695440010662,-4.869765785912076,7.826537186556235,6.6144917791960935,0.06391767312438823,-7.09078063510529,4.4652160608101,0.5026356899063646,-3.4261528792358753,3.9503265991345247,7.172280546530502,5.529702465822933,2.075927144993034,0.3644407552714748,5.268123527476419,4.807417057977252,4.538306896599426,0.3067175770336621,3.463522924664302,0.13522739969378472,13.450471392227053,12.185119115244266,6.968673127668726,2.1813189096578087,-3.8607852184411158,1.1915668908179717,5.278952644333896,-9.384239604270386,-8.035039820415893,-1.8435119373610869,6.203193308539568,0.9605213251120701,1.5304996825941277,-0.046102692434264014,5.318771131614108,-0.430657079677502,3.8996586747201096,2.304273084561493,-2.8498561331103884,6.292437067457999,-1.8174321919386873,3.8863560522015668,-2.276485798118277,3.666729815669183,-2.202844915743576,1.676612712512075,0.4501032027242946,0.1518583018554085,-1.0868485308098008,-0.013524376598992305,3.3840725182885114,-0.24462837212640265,10.425332075325064,0.16258870970914785,-8.111561172504917,3.3575793222512846,-0.3131048883892431,-9.795847252778065,2.323379164775252,-3.9427676364547484,4.461810255137573,-4.51591625277671,-1.3538706043403144,-8.936285855590409,11.426648281112254,-1.5629355203594786,0.5302337835506403,-3.440338411717544,4.7178325496028535,7.997685405381779,-2.2257921940299874,1.9999275578670472,4.779433772711297,-2.7142599219859473,3.5757313553069743,-1.6514606941727141,-6.380441777073722,2.8933555715990416,-1.8027066613713463,-2.865201368957525,-1.8699402611385665,-4.619992691568429,-6.207235021780821,-7.017087395703131,5.3647353896460865,-0.5234165651849016,-1.2483181155255139,3.7365352517104444,2.9053446421603617,5.638532069744928,11.94907106821595,0.6603428316331375,-5.377279311976249,12.17074136674394,0.21346326498862034,-2.794741605426789,3.4119238596797508,0.6731699699487725,-5.505714466603102,-1.7778182035726071,-2.9041852319411094,3.87636200485288,7.222133916970366,-0.2989247281636338,0.2506064174721221
neuralNetworkClass 	class coursework.ExampleEvolutionaryAlgorithm
INITIALISATION 	RANDOM
SELECTION 	TOURNAMENT
CROSSOVER 	UNIFORM
MUTATION 	STANDARD
REPLACEMENT 	WORST
ACTIVATION 	TANH
COOLING_RATE 	0.0011
TEMPERATURE 	100000.0
TOURNAMENT_SIZE 	90
maxGene 	0.7
minGene 	-0.7
populationSize 	110
maxEvaluations 	20000
mutateRate 	0.95
mutateChange 	1.6500000000000004
seed 	1646684373006
random 	java.util.Random@3ada9e37
numHidden 	14
numGenes 	129
Training Set Training
Fitness 0.017633883511533662