-19.32255653439593,12.144212019657253,0.6386806608279096,-2.344654147764386,5.633297041487436,-10.94238410360545,6.338097586099987,0.7078662272611922,1.1266215037529115,4.8059584733600555,-2.769055448850951,10.95595392432181,2.5086569573093236,7.536794736577704,4.337991398190805,-14.29710427694428,-14.914054041971488,-7.072134651634856,-0.8210146759710062,1.635836710845144,5.365623422837592,-8.343915375157934,-7.79926295725569,10.402975366362144,6.052455083923835,3.9838168487261134,23.577267047077285,-9.775408529513943,2.6647073182073537,5.524341008268035,-1.6995483803373306,2.2933657006089643,-9.139468639767365,11.932393105716272,14.497977618224317,14.097181201925265,1.3841051845426495,-3.868867934560013,-11.547032228158038,7.7817774447398165,5.131295684140369,1.7455727940610597,9.492691421112575,0.5399723723130077,9.291499364962016,-6.194531134699606,17.3298697194003,-3.94606592776986,-8.636865953430938,9.97604769012411,-6.4163948933024795,0.5770386094948616,10.989110328059194,-9.23409145089336,-3.701214334624451,1.0662192426913375,3.683715696836627,-0.8769605336091111,4.797101185698784,-8.615024628099274,3.922524025478868,-3.441371169200808,-10.974287309844156,-6.776663780851653,-20.400697618123793,1.0868951703564145,-5.222954721177878,11.37221811008091,18.465419741862874,6.4158961142912005,-7.854098681230939,7.947721236639609,15.173804943802088,-7.222118419455414,15.754973580720423,2.234161805260209,-0.3880782687465194,-1.7488338080989099,1.615634286802492,1.3056918569223788,-9.706729719877984,-12.326689482042596,-3.7065053922187428,-18.263236328370247,0.9419916315654087,-2.130196463512565,-4.178193184938739,-5.4119482525773615,-8.45812550331328,6.2042392059164815,9.581505806151164,2.1455773087449987,8.00032233028705,-4.4980256376367045,6.364184503604374,2.458650598919312,1.5056270850880544,10.155411587525839,21.04139416846659,6.676373812049013,4.65808866791385,12.579783165076346
neuralNetworkClass 	class coursework.ExampleEvolutionaryAlgorithm
INITIALISATION 	AUGMENTED
SELECTION 	TOURNAMENT
CROSSOVER 	TWO_POINT
MUTATION 	STANDARD
REPLACEMENT 	TOURNAMENT
ACTIVATION 	RELU
COOLING_RATE 	0.0011
TEMPERATURE 	100000.0
TOURNAMENT_SIZE 	10
maxGene 	3.0
minGene 	-3.0
populationSize 	110
maxEvaluations 	20000
mutateRate 	0.95
mutateChange 	1.6500000000000004
seed 	1646684373006
random 	java.util.Random@3ada9e37
numHidden 	11
numGenes 	102
Training Set Training
Fitness 0.014868415021807042