-5.328027788341381,7.256521495703314,8.186589320263629,7.6915740197633085,1.064386315003206,1.0876812899921742,-14.46720356837133,-8.081886115793312,9.397426672141197,9.395090280741119,0.34046806392703566,3.0710017948140083,8.21358523778306,2.8333692563103634,-16.66809477087108,-1.1147361175200432,-8.812633202201376,2.828038434424938,-0.4264226565408116,-13.432341951083988,-6.938023674199075,17.509662961924377,8.436422842398393,5.510163182910441,-1.039418918609294,4.989978964068769,1.68432252022434,-6.965821243983507,5.440818228235296,10.137293861681618,11.378459562682549,-7.127759579084084,-9.921007767830325,5.474665602477423,3.33742790750337,-10.130357576489748,7.656929072878672,12.009326365995078,-5.58614998206634,-11.217305028217622,6.029728829118502,1.7055271579137292,-14.36208788741153,-16.58657101390057,-8.323319424259966,1.0854409681216914,-6.463374693682901,15.35239768642816,-14.719622212721932,-3.4660272362020432,21.96476759640195,1.3518106219820911,13.440595197988099,-0.506714641584443,-9.870638647332358,2.8705701419278755,-5.490237882598237,-6.888437921241222,-3.4458110052338338,11.120868386830681,-5.064109917937108,-10.09201321395884,-3.685752299155408,-2.297163194456088,-15.033413079369188,-2.2178662790097095,6.122193227768619,-8.360672017888783,-3.145688537724455,-8.569079751870273,6.469720104823241,-12.882756631160955,1.4082981714446232,-1.3600137725569166,-3.6335245280374657,1.0049091060372177,0.362603250431202,-15.511174556491364,12.827500808116339,0.5468350977848324,8.12249732445675,-17.699795397243157,-5.512655028949061,14.487781380353946,-5.487045997095217,4.32436676849344,-10.035109385049212,9.397389049995688,8.383256100125315,9.827227155264168,8.11758381059067,-23.29527881349184,-4.729234666574942,3.5992299072903684,6.507155672727656,1.008893806817909,-5.505325296004404,4.317745403341042,-8.348926919110847,-7.192437126214502,4.487085842396031,3.1308488042506974,-4.59514629452976,1.6293705818343316,-9.875972467950039,1.1840313426321334,4.810029793539234,-9.830461984170574,-7.606945382061598,3.183856664402148,-5.049057434365688,12.009629363944631,-3.2731597886607062,5.283785785768583,6.990698339485157,-3.3469030812883993,5.5936975137226685,-1.062645053177521,13.35251552063004,-1.7724462207417702,6.766241079267029,-0.007398550311584984,5.62734026086678,-11.907194558450362,19.438420227484087,9.49909398684973,5.922006652539455,9.650508674176631,-1.6210681418192552
neuralNetworkClass 	class coursework.ExampleEvolutionaryAlgorithm
INITIALISATION 	RANDOM
SELECTION 	TOURNAMENT
CROSSOVER 	UNIFORM
MUTATION 	STANDARD
REPLACEMENT 	WORST
ACTIVATION 	TANH
COOLING_RATE 	0.0011
TEMPERATURE 	100000.0
TOURNAMENT_SIZE 	90
maxGene 	0.7
minGene 	-0.7
populationSize 	110
maxEvaluations 	20000
mutateRate 	0.95
mutateChange 	1.6500000000000004
seed 	1646684373006
random 	java.util.Random@3ada9e37
numHidden 	14
numGenes 	129
Training Set Training
Fitness 0.022317268437740508