-0.8245350046653988,0.8517112294530431,-25.919972819440844,6.49894376562124,3.0694548909319948,-12.196793743563607,-9.645142826817894,-10.839625788257205,-2.185286244047737,-3.7995294983967893,2.5528232397192454,4.586012523118299,1.8941574101370726,0.6476782707497373,17.69926896476668,-0.8250822693967041,1.617744506207626,-4.32507448885746,-1.1100549158155495,9.531331528768046,2.3576006980770847,1.119590245398153,8.44014086755999,-9.526334086518508,2.826131531554571,7.271258359516773,-2.9122410760940216,3.704293202602055,-0.9103604032211772,6.38826081381429,-12.361250703903506,-11.582483717996578,-2.563862608105273,-13.958088306800036,-5.461758250981376,2.139899074850028,1.8649732010571896,5.830876964306878,-11.991459503514601,11.727144329309645,-9.66707099203594,7.7246775285079385,14.805402111258271,-6.134332175655783,1.386059592578834,-9.517036471602577,3.398034463621169,3.462838522881899,6.623653104645836,-7.038116659005356,1.3032788437407516,-4.5112737959434925,14.313869959934255,0.7367775294780641,-7.7572491485842825,10.323905793653939,-3.7594773409999753,11.897536933738289,5.445962445063462,-5.69342200253001,7.104493875761137,-10.84906259223507,11.04838307452267,-7.7097987145976,8.988029869405516,1.5888757980744055,-1.3848602717866605,-2.6710432088054006,-0.3555525406696889,4.932602163544377,-3.05589628352703,-9.071709139255198,8.217588157980137,-4.648285638770753,-6.137342205863352,-5.8948011835542244,-2.1753516079370785,-2.3671444422088683,-15.369514107153567,6.897839718441458,8.6528147078378,-3.8632762368247437,-7.703726524291223,1.5518699416414252,1.8288223368489316,4.928987590169992,3.723697282270251,0.9193034294489069,-4.547226481521868,14.830985004983148,-10.425349814667866,1.3476844518079432,-2.6311356283088276,2.624251481803311,-2.7762083272786473,2.137596480827523,-8.035400923278884,-11.31224732665201,2.7702261288901795,-3.728701981331759,2.343559781627757,8.730981642654214,-0.6189679818687353,11.275945912963826,4.787966268577312,-9.16061660056608,-6.525928794679653,-1.3633678666581197,0.728175678492228,-1.4328769075974037,-10.029936856115167,9.447553974241071,-10.063749629181395,-3.28077343608617,0.5206964960161686,-0.043568007025754696,5.474390811550041,-4.699332988713595,-14.698022173099481,-5.938413001608861,-1.069795880785195,4.933023714966872,2.131932873718723,2.612884660560919,-7.740548434987785,8.649878249376671,2.5792036877666566,-4.052946273781917,4.083086969242853
neuralNetworkClass 	class coursework.ExampleEvolutionaryAlgorithm
INITIALISATION 	AUGMENTED
SELECTION 	TOURNAMENT
CROSSOVER 	TWO_POINT
MUTATION 	STANDARD
REPLACEMENT 	TOURNAMENT
ACTIVATION 	RELU
COOLING_RATE 	0.0011
TEMPERATURE 	100000.0
TOURNAMENT_SIZE 	70
maxGene 	3.0
minGene 	-3.0
populationSize 	110
maxEvaluations 	20000
mutateRate 	0.95
mutateChange 	1.6500000000000004
seed 	1646684373006
random 	java.util.Random@3ada9e37
numHidden 	14
numGenes 	129
Training Set Training
Fitness 0.025631459666265084