-0.5584344240646164,-0.007692254099040952,-0.36047268671857147,3.6240801672492244,3.278597909272664,-1.4682758118148245,-16.177866136970508,0.6190614478581962,-13.629128643117987,2.6194754356716072,2.4101234558492943,-9.292281589914097,3.838046136205085,6.62287719222544,1.0446532347459598,2.70255504382877,-2.9051615627076224,-3.1971934434304856,-1.243010368032765,-3.259778100011486,4.519306505775835,0.9210858023573518,-6.175202550617166,14.665793529052678,2.8780835435277696,8.511477542389372,-1.1537666276560685,3.8176366771254884,7.974316960262696,5.512761028150518,0.365378031254151,13.37755298158846,0.5539951238882899,2.904163776999324,-4.278790598223743,7.911429590197809,-0.8862357593548662,5.312714176922405,-10.281504101578127,-4.026325156067238,0.8982607785031549,1.9788818127468915,-4.617343622633747,6.084266700490684,-9.442594289744756,2.721164838462297,-13.688192043805106,-18.689715998981235,0.4040298195787013,-2.467914777798871,-2.522107859772839,19.194342342429053,7.669620092488598,-2.232654410301219,3.654946482351604,-2.7796003123017172,5.500899741990535,-9.14329955915248,13.86625331582301,-1.4070554667108874,-6.277623996855709,-6.330609139013294,3.193277239813364,-0.5713718518135771,-3.390087275650992,-0.6412103040405004,-9.372031750318168,9.069945933941424,-3.422195948928544,-1.2098027507726243,10.576183258324638,-0.5213765110957613,-1.7232488359580644,4.972531089652183,14.783649515958373,-4.348093544390938,12.332561790022783,1.6689432112361642,4.257063305407382,13.928003903762349,1.0253181428662632,0.1532002938367487,-6.258405684965992,1.1074764015920895,8.266177429502772,-0.24204417509730902,-6.007769040034653,-12.484586755103813,1.0738919608630848,-3.622156834878224,-0.959919884783015,0.7647860154242965,-2.0644391724478632,5.294611165749776,-11.844096825304504,0.6544117651346335,12.00604041145034,-9.116673803928435,-13.09815753107741,8.945510994965794,1.8078697743197072,9.487956120546713,4.938465268862217,22.05888640754393,1.938484337798828,10.37145218861799,-19.182076792237453,1.3202992627521226,-3.7760837998398014,2.899740376053815,-7.454801399913908,3.6046668376133644,-6.171903632936574,13.510829720064784,7.378076617475621,0.14024788155118895,7.934304295719297,-0.8504555176960125,-1.437338432907965,1.6820354923609102,3.760222708386163,3.3151815076031648,-5.885080393342147,4.499117595919399,-2.8995157610288134,2.7736916109111327,1.0599076439699058,7.1938177972216915,-4.089483808839322
neuralNetworkClass 	class coursework.ExampleEvolutionaryAlgorithm
INITIALISATION 	AUGMENTED
SELECTION 	TOURNAMENT
CROSSOVER 	TWO_POINT
MUTATION 	STANDARD
REPLACEMENT 	TOURNAMENT
ACTIVATION 	RELU
COOLING_RATE 	0.0011
TEMPERATURE 	100000.0
TOURNAMENT_SIZE 	30
maxGene 	3.0
minGene 	-3.0
populationSize 	110
maxEvaluations 	20000
mutateRate 	0.95
mutateChange 	1.6500000000000004
seed 	1646684373006
random 	java.util.Random@3ada9e37
numHidden 	14
numGenes 	129
Training Set Training
Fitness 0.09872161448755548