-9.93340690064513,-8.38278591236091,-10.278317256451873,14.653900975109567,-7.319010358411488,2.0602602428230137,-13.34165001227557,5.391652912615868,2.5760796475091636,-7.541750573195769,-19.11877623083577,-9.089717218243907,-0.43912805072784344,0.6334476511649338,-11.630951645644155,2.450374150094607,-12.179702562609492,2.8958699043393317,13.835196423782051,12.365055071187317,6.342615455903714,9.049220471390065,-5.9430962203526345,2.2028655991067323,-0.05390165122981738,10.999409375269742,5.549069539643709,0.10682403376772509,-5.1660242277637956,-12.395943032481643,-14.828782667636183,14.70570143203252,7.628453994321598,-5.364822230790636,-14.477642184329566,-0.96803697726717,-3.3430257364184275,-0.4292459903428618,-1.112001972384034,2.721386786932749,-12.14007525214962,-1.2787350999560445,-0.0033589510229976582,4.212582396048964,-13.542941027006941,-2.9704980577591513,-2.9388894608928764,1.0488083364978555,-2.4932119932222623,-10.01341543202099,2.68866899584303,-2.6797723842337664,-6.18143120185118,-5.907347444622128,10.18413942389204,8.756325592349732,2.0004484541964818,-5.293423712640131,-0.30203119320399985,1.5410396591862972,-5.072051645023169,2.481368823864946,-7.313590087713267,-2.882645734789392,-2.758559617833784,-8.457718295105014,0.40373166154151896,-6.221564426919635,4.404123303421717,6.967191499169328,3.0866002417227296,-8.834248479141092,-0.40060954992777376,0.8106492564119927,-11.081488615129434,-7.8407902929809925,9.95192809759411,12.803280074168425,-8.42261490455395,12.234896667064259,7.7724436647918465,9.287644154767458,-2.5778287371411643,-5.986891157917374,-5.379420056245618,4.241550854990049,-2.4663950640291077,7.247186825434296,9.109772043045389,8.697165260762095,-12.900481480324338,3.9180241727610206,-9.539890940558134,-0.4917129166143628,-10.554944805151795,-3.8743610179409096,10.082247784301577,5.056944609318258,16.105062093172435,-19.07187273413132,-3.7001919089559987,-1.071025842268722,-1.6786498020317158,-7.814373574348368,3.7758234209102035,2.22887455013161,18.37833160494599,11.551904295565759,-14.033874457042286,-0.9676173193010023,-0.051102566495220714,6.196216816881762,1.253574085555508,16.12041733122102,4.983196426401273,1.8350085101038278,-3.120147390582372,-10.11661057663301,4.2793602569336535,5.477646271512272,-1.7688715107930122,13.667777728761303,8.04462054603801,8.602479759911386,-0.6675320593697371,7.3782446400114505,5.323895490936339,-6.220863850583626,5.567309494056655
neuralNetworkClass 	class coursework.ExampleEvolutionaryAlgorithm
INITIALISATION 	RANDOM
SELECTION 	TOURNAMENT
CROSSOVER 	UNIFORM
MUTATION 	STANDARD
REPLACEMENT 	WORST
ACTIVATION 	STEP
COOLING_RATE 	0.0011
TEMPERATURE 	100000.0
TOURNAMENT_SIZE 	90
maxGene 	3.0
minGene 	-3.0
populationSize 	110
maxEvaluations 	20000
mutateRate 	0.95
mutateChange 	1.6500000000000004
seed 	1646684373006
random 	java.util.Random@3ada9e37
numHidden 	14
numGenes 	129
Training Set Training
Fitness 0.036936789258727454