-0.9860206907141705,-0.46674007324044053,-0.04807977560105092,-0.47186877935210236,0.7729064996511948,0.9135321972039095,-0.30297057904204294,-0.6839144550720102,0.6738487002352692,0.35175006652008356,0.008442377082298447,0.9121881283841874,0.34324080351090325,-0.9870459286011196,-0.9244242733530835,0.9350898387612249,0.5274277871185532,0.8796721036945371,-0.4899333137591797,-0.34305193864855044,-0.9456269309334969,0.5225699287799711,-0.5695735805393649,0.9456659010820004,0.8406229413465399,-0.4156417368768359,0.9126969464915747,-0.31857899692923364,0.3513389016486602,-0.5199121289133211,0.27884186390845833,0.6867765708321428,-0.08693250158337906,0.2782546073810491,0.8023500736232531,-0.08850985346286766,-0.1922866928753324,-0.048308332100556406,0.8829911005348486,0.7022470018049217,-0.19263804900873804,0.6439081563511165,-0.1036250174240041,0.6386483274363194,0.9133577662052955,0.7296005362375998,0.16596750646969605,-0.3681854455516502,0.6765238834558903,0.6033769716039971,-0.772307579923382,0.6469914586589453,-0.6496778579455649,0.8886060602007394,0.7583535729107435,-0.7928412305456597,-0.636176802930305,-0.5548727164010994,0.3487265309159143,-0.7046659057420017,-0.23412277944929594,0.7137184902920041,-0.9292078267657758,0.4980771147667079,0.04256818419621167,-0.3082346333860928,0.9261862355654701,-0.4610947268703902,-0.2345139848213733,-0.43219533340954297,-0.05095371768892809,0.0027005832130776453,-0.34901529063452696,-0.43726134468276445,-0.21781936366052013,-0.1297799253607006,-0.19840621309895612,0.6202653675396633,0.1613200293635958,-0.31227656003348603,0.4873480187274556,0.657357911861237,-0.5599330464490362,0.3050326639891715,-0.07291254506099798,0.6108060327167034,-0.02039419710795931,0.6101037937121011,-0.03220650739729547,-0.052258143681866764,-0.42246996528691705,-0.15072557294621203,0.7565052962814712,0.802522138615888,0.22631613285402274,0.06347083003089427,-0.24352198784389434,-0.06446511118341469,-0.9656476744040404,-0.6746004933771439,-0.17016647862991685,-0.22729728164192475,-0.4006143996888105,-0.9987758265692129,0.29521244853430806,0.3772524222325725,0.15418812230231793,0.8252570181906097,0.7471589745447581,0.9513710657042403,-0.007766406243348456,-0.6686953335161494,-0.29983730988928214,0.639786254088598,0.8823404811430547,0.9843068230406421,-0.5858810974737327,-0.10000205145916063,-0.470144131181522,0.4077738666933989,-0.18103321816599283,-0.9838358526549841,-0.9776921328358171,-0.13085501354431472,0.5106934542267177,-0.32384065318561484,0.05427937510576342,-0.5638930793109516,-0.47753949116216354
neuralNetworkClass 	class coursework.ExampleEvolutionaryAlgorithm
INITIALISATION 	RANDOM
SELECTION 	TOURNAMENT
CROSSOVER 	UNIFORM
MUTATION 	STANDARD
REPLACEMENT 	WORST
ACTIVATION 	RELU
COOLING_RATE 	0.0012000000000000001
TEMPERATURE 	100000.0
TOURNAMENT_SIZE 	90
maxGene 	0.9999999999999999
minGene 	-0.9999999999999999
populationSize 	110
maxEvaluations 	20000
mutateRate 	0.95
mutateChange 	1.6500000000000004
seed 	1646684373006
random 	java.util.Random@3ada9e37
numHidden 	14
numGenes 	129
Training Set Training
Fitness 0.14823888185061657