-4.644652003942108,0.7881256436113695,-4.198172008000286,3.126071555340351,-4.074708678344653,-2.343909815546273,-2.3595959487103872,-7.927012315009202,-1.8488745604385644,-6.287613005258047,-4.567928827164252,-3.8879198270867725,4.466262689763352,9.506697624549066,-5.961292081065682,-0.6767841234139453,3.2726686357611587,5.900531242282498,2.166259602646715,-4.596186804832079,1.2814168599272673,-0.08178082773721407,2.4392648655298963,4.405154560034964,-0.7867762841885861,0.5497216915510075,-6.54467299299588,-2.5238285384637154,-4.392608042554356,5.858652081861065,2.9458887056107814,-0.14927905456100543,3.0403204572757287,-4.913964912871293,-5.133853733692954,-6.804761559476555,-6.055025149436658,-2.3350776542109815,-5.329070916603199,-3.6479922034247725,4.900447672736472,5.823100085931479,-10.595148848486781,1.6691496459035378,4.1259708575618035,-1.299269019788193,8.194029118210985,-2.9482117129219523,-0.6335232711526047,0.8968845362359223,-1.776859469175132,-0.8502815545312234,-0.552958788925852,-3.01648421691646,1.8655866144672215,-3.934752538707553,-2.09872796970214,4.637566398961142,6.856003775627479,-1.879242850113834,-0.5060539923172342,-0.9085335032386697,14.053353150056882,2.8688765610235105,1.0109258055908645,-4.010571733943945,2.8893047752267003,-0.9409706588621773,-7.720370232640074,-2.338467955210845,0.08061190602368917,-6.907532425358044,3.1610537492260846,-0.7102888383404937,3.3556618134665284,-0.7962288788948806,14.369586928477721,5.239356299653888,-4.045631403940461,-12.09985362916592,-3.27040975700199,-3.782634073145866,-2.1429397749642654,0.7207200560921505,-3.682053943023229,-4.757920602890692,-5.718003685992979,3.646381460531555,0.5195198451108394,-3.077360114662002,3.7126370067954317,5.9465880226337084,1.6377080837632976,5.994943065527174,2.124768344976932,9.192905274094462,2.604983009860998,1.7484352579921154,-5.869927262687167,-7.800084208389852,2.5285782876970266,-2.197362343576569,-10.56328073347172,0.5224863830910804,0.9841930395133183,0.7543784988828435,-2.1509695283275727,-3.5057527899567438,-3.76417181239421,7.316327690589773,-2.562729781638133,-1.3145098651070013,1.81260200760435,1.354536260718067,-5.544922990546915,-5.910440031770784,-8.636374682746517,2.407292667205435,10.266056387097237,-1.0348359716346165,0.2897539516998404,-8.270283150628293,1.0125256217970398,7.067891035100294,-11.333732103936685,-6.19187660747231,-5.13160620842181,2.797586863492917,-1.0267388474099235
neuralNetworkClass 	class coursework.ExampleEvolutionaryAlgorithm
INITIALISATION 	RANDOM
SELECTION 	TOURNAMENT
CROSSOVER 	UNIFORM
MUTATION 	CONSTRAINED
REPLACEMENT 	WORST
ACTIVATION 	TANH
COOLING_RATE 	0.0011
TEMPERATURE 	100000.0
TOURNAMENT_SIZE 	90
maxGene 	3.0
minGene 	-3.0
populationSize 	110
maxEvaluations 	20000
mutateRate 	0.95
mutateChange 	1.6500000000000004
seed 	1646684373006
random 	java.util.Random@3ada9e37
numHidden 	14
numGenes 	129
Training Set Training
Fitness 0.015270431300118526