-15.51579281603438,-2.6373670996122547,1.2517923274050293,0.3867139586096693,9.990638303172659,11.06192194422153,2.0262832650779634,-1.355562768972832,-3.8841176369629196,-17.23387315208338,8.467564939760688,2.896627690897983,13.570765477168957,-12.49088298757064,6.517308474566384,-6.381174026410244,14.44300277873799,-3.855780572581719,-3.611796005986931,-11.974676949121775,6.769081099656216,-1.0628430011593508,0.8188104892746715,10.467615780011917,-1.4570536552529436,2.041160397320425,16.472917072438506,-8.341170816973023,-2.22318704077293,-1.9184135849212618,-9.128020260973638,4.591867267437849,-4.652222008404471,-1.5948916479670974,-14.838696172489396,-7.859462456108246,-12.730224698174883,-2.186222853344919,8.710252963052612,10.291879699409135,2.0237694341650547,-0.09300907946552339,-3.716124964209513,11.154411676088637,8.05994657758193,0.2446388664250403,-0.9020550400728231,3.7209936583789496,7.354018490989391,-9.127574849187674,-3.368468484265014,-9.413508452219848,-11.34438402631263,8.065609875351326,5.470809360211905,-0.3705924219936163,-10.339892698875122,8.05013805456197,3.2949405843952366,0.46313161061458885,-3.2339632955738233,6.400365897467009,12.039465437408497,6.696446271207739,5.798735945683381,-15.159677697883208,7.084747482108554,3.6144099633202034,14.936524409493016,-1.2593165157878747,6.4166284421990145,5.7997199699213215,5.669268808135838,-2.493632108618839,-3.656440693954508,-9.238853790686338,0.6999363518413118,-5.460102433307453,-8.070918853876757,6.9696098220919565,10.468131923916092,1.243403484335147,2.810639105232509,20.823963830894286,-0.8195291162346434,9.537387352343554,-10.424675517993368,-8.222481682871775,9.975998161694719,7.877087743146615,-10.249753797302933,4.552837752923662,10.535723006581152,-3.962468330831281,7.339843939106837,3.1563216135187897,2.913698442149075,8.616087175778194,-4.045436249883034,2.4255619797892045,-5.877065088539638,-1.6334313754111927,3.3249297344030646,10.751461837529426,-14.197204923359902,-4.868322708450458,6.632146585487258,-2.286425105989246,-11.924622270885717,-2.7192015083994496,13.460988803804238,-2.8988833604084423,2.6667569962439384,0.6879064822690282,3.9428299968552043,-15.919978569502142,-14.937703541301603,15.954939205491975,2.649264287160027,-1.7445814072996564,-4.8412399359921885,0.5457576859592477,12.590036083618855,3.493410338164192,-0.29409781252222444,4.05809804964175,3.035301483006733,0.864504016472111,0.7088249577277388
neuralNetworkClass 	class coursework.ExampleEvolutionaryAlgorithm
INITIALISATION 	AUGMENTED
SELECTION 	TOURNAMENT
CROSSOVER 	TWO_POINT
MUTATION 	STANDARD
REPLACEMENT 	TOURNAMENT
ACTIVATION 	RELU
COOLING_RATE 	0.0011
TEMPERATURE 	100000.0
TOURNAMENT_SIZE 	30
maxGene 	3.0
minGene 	-3.0
populationSize 	110
maxEvaluations 	20000
mutateRate 	0.95
mutateChange 	1.6500000000000004
seed 	1646684373006
random 	java.util.Random@3ada9e37
numHidden 	14
numGenes 	129
Training Set Training
Fitness 0.022124466618745633