7.60650746407855,-4.970669888250589,16.277155767534,-13.679044148261205,0.923980172429868,-10.219784053132258,2.708075836000468,1.2497207575508265,5.30760984954129,-8.357674039276082,15.844337556243568,-7.429031919629131,-2.1577021169916364,-0.9041447427127207,-9.554029056410112,-0.24569289425586494,-10.085003322457085,6.686741783631765,9.610053770958167,-7.434504010147638,14.993985305835002,-12.977471916897699,-5.883214222719959,-0.7224997847791093,-2.854757350796241,-9.39203208426235,22.566088384166115,7.649076518889769,-11.095182230715855,14.445892070944053,-9.579575232822158,-3.515955752043311,-0.28546523309444805,9.370100437037486,8.585819778326382,9.840779353342969,3.7843598148208084,0.12659338393713515,1.0292905883719383,2.3975040232299136,7.325708587554084,2.3898655806567337,4.1280515825088475,6.00428474784913,0.9028067743995809,-6.226651059556855,3.459844744864312,0.7806356668498529,-0.04676092269030985,0.3191478711839979,-3.977853039326079,-3.221712170422953,-11.35799423163962,-4.567686450525251,11.746474453094105,-12.672617708894615,5.7905280972249535,-8.095093251150768,10.952938621873422,8.400986192528121,9.438842094394502,0.38877523571632366,-3.724248506077169,1.465255793230765,8.85351881985412,1.0771393810881005,-5.686567648479545,2.3024881370502985,-9.01435687901196,8.265674502217852,-1.6674568503568992,-8.097068507012622,7.093957430024352,3.6645773432531046,2.5855380690681162
neuralNetworkClass 	class coursework.ExampleEvolutionaryAlgorithm
INITIALISATION 	AUGMENTED
SELECTION 	TOURNAMENT
CROSSOVER 	TWO_POINT
MUTATION 	STANDARD
REPLACEMENT 	TOURNAMENT
ACTIVATION 	RELU
COOLING_RATE 	0.0011
TEMPERATURE 	100000.0
TOURNAMENT_SIZE 	10
maxGene 	3.0
minGene 	-3.0
populationSize 	110
maxEvaluations 	20000
mutateRate 	0.95
mutateChange 	1.6500000000000004
seed 	1646684373006
random 	java.util.Random@3ada9e37
numHidden 	8
numGenes 	75
Training Set Training
Fitness 0.012812192567241124