11.064925002659423,1.2877918438171605,5.513592017224134,2.187391752849737,-4.741131532501296,-12.357451084167044,-9.090964108393425,0.9673706043860779,11.015766755076472,2.5936779187147776,2.5039822334255404,2.8974586807795975,-3.3274758463266867,-3.8716725261770577,6.066187045242285,-9.045542489744392,-13.964163599799177,-9.774651820156032,0.5667651131078841,10.41321146303977,-2.628832862724904,1.3835745767729115,4.66184117924596,1.6314969459120068,3.4030300200729737,-8.479115305426713,7.194960904326766,8.693731395155009,6.63745188085621,-3.1403892263461,-1.9922484513768026,-2.2693456889029813,-1.9694163305576051,-6.483520816223784,7.030920521033199,7.1739714163788815,8.651530773260525,-1.7993567310543233,-0.8552184376736545,-0.5312537450377826,-2.3679865420163466,-2.5264367371561702,7.304800909024253,-5.071731828683092,-10.305360064353211,3.2191470184705224,-4.264824817757119,-10.62591031976248,-3.7306817042955895,6.690907695915417,13.977626219590379,5.01492309756661,2.536099186500298,-4.394635541624714,-9.645927895330118,-10.151537686513608,0.7491602291332367,13.015043112536205,-2.207178844369439,5.422045618115123,3.7729065641518904,1.2064832585490617,4.764973125344796,4.094002509981269,-1.3719526391121564,3.0823140301910463,0.9099778945233279,-2.8471595755008465,-1.7800322515731013,-2.2998417071166823,0.30229566752572357,7.032474328182522,1.0738074651705531,-5.20357710122188,-4.307595444624619,-2.9828832200734414,9.020859585190156,-0.6915954607463597,0.11958637570550312,-2.3861478297472996,7.20533465016856,4.330010810415888,4.820608196178524,3.1621509939100676,-3.251762080445811,-6.484715440988991,10.071893253400217,12.921463950870045,5.029893111119337,-20.487679066779023,-1.12734524276018,9.013673847704869,-10.731030794562676,0.1334816504140992,-9.22883989107347,-3.4647102847920257,5.563204035459375,-1.303698990122614,0.7157355670738967,-11.062895054188452,12.41639224705931,2.076767604241429,-7.434026674088988,-4.395850625402307,10.760075324235059,6.213699245575765,-5.288769335960463,-0.8189425496868648,4.699453209425025,-3.200252735502808,-8.234912902624181,2.4343446494276373,-6.866966330240643,1.4389380761324944,12.366559182338401,-3.054578210715869,-6.645855035272618,-2.453348711645152,-10.870104579745798,9.130061764168119,-5.805962686477756,-8.164103935881766,6.810097766118263,-7.257081065897042,3.8739747479104665,-0.04217964981243583,-3.175237801920553,-1.0455226835641476,-7.142432023164181
neuralNetworkClass 	class coursework.ExampleEvolutionaryAlgorithm
INITIALISATION 	RANDOM
SELECTION 	TOURNAMENT
CROSSOVER 	UNIFORM
MUTATION 	STANDARD
REPLACEMENT 	WORST
ACTIVATION 	TANH
COOLING_RATE 	0.0012000000000000001
TEMPERATURE 	100000.0
TOURNAMENT_SIZE 	90
maxGene 	0.9999999999999999
minGene 	-0.9999999999999999
populationSize 	110
maxEvaluations 	20000
mutateRate 	0.95
mutateChange 	1.6500000000000004
seed 	1646684373006
random 	java.util.Random@3ada9e37
numHidden 	14
numGenes 	129
Training Set Training
Fitness 0.03859860490579367