-12.311269019843822,2.5505289501127475,3.9406922734845224,0.5892636401952966,-4.079054341863898,-4.20842465206068,5.628097430242102,-1.7527474406633008,-14.394149696734187,-3.8746169394174093,4.263432042220758,-15.615625643873088,4.366682677180162,12.825072990009659,0.22485221237135278,-5.050520298628648,13.928746457135244,-9.65010486258185,3.27324686987763,9.592351569145436,10.838998202786255,-10.13040561951213,5.6630335050965765,8.809628633893944,9.926368116214178,-2.3058623305261445,3.6894704785762062,-9.843626377642808,-9.793413425363982,-8.688891208030157,6.370983497256939,0.021883093969199408,0.3403660127846937,-8.883718523212371,9.201333820126962,23.582788036409838,0.6713675171724169,7.3685839527936015,6.805282801344662,21.82344761048875,-8.849542880538184,1.2588716355901344,-2.4072651609776328,-10.596908430890386,-4.054662639528498,-10.547372613129143,9.030171354694424,-7.2988799297089155,4.6397160608231856,-21.95008746354757,-5.665486739518499,1.986422863709258,9.743753293033786,-5.648406226027319,-5.656619541354262,0.43353264733739305,4.167605488271299,5.829075635999194,-6.472956914263364,14.74788045094418,-3.3975367961121155,1.2154704194066905,4.281188298866897,0.9643748323215977,0.4085583517755147,6.169340817658566,-4.6740455588788965,1.747978430310388,2.47719338082665,13.357853614927363,5.635511774316686,8.701910012764923,0.5639243837425756,6.064385890451282,2.5837983423169213,-6.2214478364718335,-7.167393035104871,-0.4036714390378071,0.8658467545151431,-2.2599014785905016,1.5550932965291455,3.752034887970373,3.5404658266063453,-4.819572964158209,-5.8210548849738,8.801564693222076,-15.711130213685342,8.496639839757655,3.5056073515719097,9.394078698176308,13.595174999584707,-13.661838022650588,-5.535936142550961,-5.074560394680732,-7.4714868834771355,-15.186753974794767,-0.07992442186877291,0.2827804295947214,-7.107162684931783,2.7971810235308716,7.128679095306886,0.9785037233857707,-4.540674022937137,5.5634591529237465,-3.282297685474907,-2.0556225200803073,4.557617066787815,-12.901395199117456,-7.5673683644778045,-3.4729016866321913,13.375934520562918,9.913325332677962,-6.171757486237842,9.659893591778209,2.8064949188643578,2.5770949933096627,5.659985706723437,-2.7695606504816928,7.021412891125084,0.5802373913792049,3.1581961735261803,0.8235725189320338,-9.024350531442554,5.067023779493282,-0.7392270704202772,-14.262020458359011,5.257377922473108,-1.7647406670960395,20.03505470494968
neuralNetworkClass 	class coursework.ExampleEvolutionaryAlgorithm
INITIALISATION 	RANDOM
SELECTION 	TOURNAMENT
CROSSOVER 	UNIFORM
MUTATION 	STANDARD
REPLACEMENT 	WORST
ACTIVATION 	TANH
COOLING_RATE 	0.0012000000000000001
TEMPERATURE 	100000.0
TOURNAMENT_SIZE 	90
maxGene 	0.9999999999999999
minGene 	-0.9999999999999999
populationSize 	110
maxEvaluations 	20000
mutateRate 	0.95
mutateChange 	1.6500000000000004
seed 	1646684373006
random 	java.util.Random@3ada9e37
numHidden 	14
numGenes 	129
Training Set Training
Fitness 0.04195018690405522