13.905222128642185,-6.975747144300359,4.245658024302601,4.703586779250654,0.6535421347930868,-0.6232493630332012,-4.271834384378204,4.76450374501744,-7.304530624446976,-15.389316340492051,-8.602614667569846,7.392798361417249,-3.249987560055957,-12.370082801997238,0.4874142728551991,-4.422184535127936,3.9301860979421877,10.064670809535636,-2.2878326658040997,2.7199261639472154,2.414485999201781,-2.3169217064324403,10.926151333036373,0.2854309063857361,-0.3488084597545642,0.24673393991088766,2.81655139656562,-8.216865424159042,4.6383167360848,13.647932399691651,-4.086914667390486,-7.437411199899243,-6.472803160007741,-1.0001145319362124,14.170680117646025,1.0399551154029147,3.9930508284392587,-5.935021164190884,6.950474080717578,-0.5778493341022575,-5.405525018271192,-5.492980429092378,-4.218356304230863,1.2063630625552264,2.2117570352913463,1.16076559133844,5.462923077423999,-13.330948189974611,8.80681095460443,-7.772770057018718,11.522412071373976,7.631581454020578,11.787959192749126,-2.6816821603251917,-9.414895487037112,-11.205678293597595,-3.005094526089331,6.973261431287425,-2.173002218982199,-9.521814609689773,9.491479653624145,3.641936605439012,3.43380660576162,-2.647856867442095,-2.3062412726336827,-1.4532675805255337,-9.518837722835656,7.890892300621221,2.2374668123066375,-3.092724442725234,0.381623245258667,-9.912863439945601,4.931280265255591,-5.808490012738617,-8.663605544635198,-15.14143022238758,-11.29496709910799,5.15298953904594,1.0230064041569715,2.742723494734591,-12.834604468318622,0.479415945659591,9.414553513231432,2.3197570134181564,2.096046648630505,-6.7307617886714235,-2.9864458865326613,-3.215366540512134,-16.205638964460363,-8.70877088925205,11.223844212561682,8.316167547970455,-7.976135462493065,-3.46243168015892,7.098343534151947,-10.622002079286384,-5.142189022814323,7.774160986827024,11.920515573633953,-3.3504283724859842,8.277051289946062,-5.852020956553951,-1.816583710425709,2.595825680282692,0.35865587882795946,-4.572989172546867,-15.095125811609487,-0.5254254457478247,7.996878270597234,9.07428917427851,15.569307475131756,-9.021215746265318,7.8765298917869355,4.421137770746151,-3.2753784226978375,15.200518157283408,-3.6896305949792536,5.920387778393808,6.701147221382243,-5.50626019876291,-5.376937416308658,0.8370075025467365,3.993607535461982,-7.96418251440204,-5.428307913802187,-16.307503670064825,7.400169234784489,8.35643310716479,-5.262284638180173
neuralNetworkClass 	class coursework.ExampleEvolutionaryAlgorithm
INITIALISATION 	RANDOM
SELECTION 	TOURNAMENT
CROSSOVER 	UNIFORM
MUTATION 	STANDARD
REPLACEMENT 	TOURNAMENT
ACTIVATION 	RELU
COOLING_RATE 	0.0011
TEMPERATURE 	100000.0
TOURNAMENT_SIZE 	90
maxGene 	3.0
minGene 	-3.0
populationSize 	110
maxEvaluations 	20000
mutateRate 	0.95
mutateChange 	1.6500000000000004
seed 	1646684373006
random 	java.util.Random@3ada9e37
numHidden 	14
numGenes 	129
Training Set Training
Fitness 0.024730101854300746