6.595188647798077,-3.8869974284457633,-14.785406680064577,0.936001068824071,-7.237691802782984,-1.1825061201112739,1.3215854189606722,9.415223016170463,2.8342463888879372,4.24072353285312,16.09264146487694,-1.1119931469969,-4.028317777877145,-8.85966034209925,-1.5678443964654374,6.690912742747529,0.3195804172604393,-2.610047832254687,2.336486515303787,-5.598988916153413,9.108062604235714,-9.76204981616781,-10.083942588756438,5.522365973276846,1.7969688490712095,7.036034070660886,-2.7404034642786836,4.7890568736721875,-7.677052604415843,-12.66873429582773,0.27833960280697667,-7.492331953619237,6.103870047266846,-0.7332877956506962,6.170065858658733,-4.057989699107955,11.716389219545764,-7.9214862191887985,4.461084730045771,-10.921333336624679,-10.949474855130783,-12.628365097518344,18.636929279993183,13.203255713136514,-5.97985853839659,17.342473249620042,-7.660052221972762,-11.068547259008028,7.7392075605340835,-14.032389398336964,9.177042548975479,9.833793498473847,-17.514712617563738,4.081357431567595,-1.0206849297895317,-1.969911566739281,6.39775091696916,6.380725765376852,-5.926564901309315,4.482846814588287,-13.307300122623861,14.053950107343434,1.5304919065780203,-1.624789940970671,-2.9978989449663604,-1.0066725604170692,4.512894587676545,-16.39741752623393,-2.330448999379083,19.164520670083242,-16.097420348745604,-15.278765821769863,-17.181565827403062,10.349506188747204,7.706687317189671,-2.6532942403527517,-0.4298343968105982,8.419204638382592,0.3427425756510569,8.24331061640552,0.2733912673131895,1.718291452899173,-11.355050423938536,-10.956876313371048,-5.866654486961316,-12.571004214909276,9.06298717213532,4.157931666920852,0.2856456322979781,3.4236572850093765,1.1298475103444217,-4.441220714354128,14.571017260728786,-0.4414462913795294,8.707114940846125,8.511911819868576,-9.605315559224517,6.556124368768721,3.1070658242383384,2.9585650084729362,-4.400745478492656,-3.586505193024255,-3.470307215368342,2.1025865510212176,8.885234522034885,11.306537390188007,8.425860152558231,-14.125718146642214,0.21522571426486792,9.490293876108003,4.1336909217940745,-1.1373336608754663,-7.892810563922227,7.087392737781883,0.21634165736124622,-13.705011751402258,-4.874873939054673,7.611526131893511,-1.5960576948363423,2.8675443477734603,10.541466526649037,-0.18271237006350916,9.001234911180937,-10.5087389721532,9.202122998946837,4.2413642549165065,-3.2629052247797197,-0.6042614479817647,3.0539910076042176
neuralNetworkClass 	class coursework.ExampleEvolutionaryAlgorithm
INITIALISATION 	AUGMENTED
SELECTION 	ROULETTE
CROSSOVER 	TWO_POINT
MUTATION 	STANDARD
REPLACEMENT 	TOURNAMENT
ACTIVATION 	RELU
COOLING_RATE 	0.0011
TEMPERATURE 	100000.0
TOURNAMENT_SIZE 	10
maxGene 	3.0
minGene 	-3.0
populationSize 	110
maxEvaluations 	20000
mutateRate 	0.95
mutateChange 	1.6500000000000004
seed 	1646684373006
random 	java.util.Random@3ada9e37
numHidden 	14
numGenes 	129
Training Set Training
Fitness 0.07532737443310734