-4.397930831685148,-4.858309420770833,0.9132170831995561,1.3424103276193566,-6.4461811340473005,1.142967780268056,5.36205198353487,-0.9394919153832575,-1.2800862219159406,2.802246598517897,7.089155961168908,4.714450131048464,4.491189616172865,-4.721690317733076,-6.142686844615318,2.376267734775854,-2.888305790809239,-0.9378724655048254,-1.3616686468029728,-1.249941227878189,-8.825666375822497,-0.7995503317436681,0.20864322952961434,5.127143356420799,4.234908912946823,-3.4725575372748922,-0.20955850030677814,-7.166414312671943,0.3346663166224113,-5.01380099840969,0.34858644383566695,-2.885787038344823,1.6335954059225894,-8.55657339696606,-3.8406122844321313,2.612491212884466,-6.743681699817667,4.35960657396984,4.710722147788596,-4.691642261942348,8.589523083542623,-1.426597795104649,5.97380613308855,3.066340121460435,-4.305497396101868,-2.55692428434162,1.7553017001279771,-5.225971668754245,-2.0395289941342747,15.45916079970668,-2.7057043922624517,2.4662006330076345,-4.276062539339625,-9.898379964788926,-6.487951063542677,-1.1673636878526912,-1.2334714459610554,-2.9887977374518915,-2.446724935662181,-1.702113349893915,4.628258469477892,-0.021302815346354365,-0.6239385261168211,9.839005684838286,1.4353550007205973,7.17727204922841,-0.44658720801626917,-4.3775207081451,7.141360976274964,2.6220566073759937,10.142749784459996,5.644324766982586,7.017337725804812,-6.912370675703294,5.6105600262705355,2.6975670413389974,0.6016079900806686,5.548039672938245,-0.7822479355470326,-15.580966477749987,2.63158480781827,4.075488284597111,-4.522869164379406,3.1326408042178926,1.2798418348484768,-5.207230268730856,-4.512237945286932,-7.64091426202523,2.553690068292732,6.971066422225752,4.181863019484885,1.5020818970668603,-0.35786322398060655,8.898668747018746,-5.961792652561907,-4.600977665575249,-2.943791957080098,-5.332321231887255,-2.528101943392202,-3.8108198876172317,8.158231045584246,0.38473934294626844,-2.796283726612864,6.555293544915173,-1.93722335613218,2.8583167327684063,-5.756881299663159,9.534619476553516,-2.133425344607854,11.149047884924988,-2.6126903021717522,4.223267728351693,7.976824584733985,1.2911461597712517,4.544679979287579,-3.6371300347095605,-5.94306933749847,2.201848376218159,4.234256311025029,-2.59863513363905,-1.8541982651542437,-1.5076350480269212,2.1436728708976602,-5.790078861206182,6.0814680197566755,-7.422216804060788,0.9465285015011182,-9.934249773283936,8.771868535610109
neuralNetworkClass 	class coursework.ExampleEvolutionaryAlgorithm
INITIALISATION 	RANDOM
SELECTION 	TOURNAMENT
CROSSOVER 	UNIFORM
MUTATION 	STANDARD
REPLACEMENT 	WORST
ACTIVATION 	RELU
COOLING_RATE 	0.0011
TEMPERATURE 	100000.0
TOURNAMENT_SIZE 	90
maxGene 	3.0
minGene 	-3.0
populationSize 	110
maxEvaluations 	20000
mutateRate 	0.95
mutateChange 	1.6500000000000004
seed 	1646684373006
random 	java.util.Random@3ada9e37
numHidden 	14
numGenes 	129
Training Set Training
Fitness 0.0272536474872739