0.6697148215522715,0.3004308080941511,-5.888024263120787,11.180967273425166,-7.894490627616955,0.9604810060714222,8.777550606679181,-10.890050050512443,-1.3419255580280511,1.948788215919885,-4.401411302586673,6.073242161546651,-0.3624788287026117,-1.6531631878375155,-10.982460211363332,3.729662963073338,1.3500259918211555,3.85854964628634,17.077648216223707,-5.948380092979359,-3.6451803944126695,-7.4387351861136555,-5.8487138349226235,-8.841661542968886,2.045947718960054,-2.3772408817606507,-10.217726423743757,-4.176652613017341,2.275612137443418,4.0305216089704805,-8.47518603491877,-10.13644363529445,1.2706673583701145,-8.920128630764047,-7.147308731212824,0.8739024985902333,-3.1088874372675726,10.230404788761467,6.06588852365857,5.940683969582697,13.28918527472246,-0.034352656578367835,9.237804026879719,-0.15166099122108356,-7.550071635352017,3.628676325451366,5.374757826583817,2.2385686343767803,11.778867024436014,-5.543128918585499,-0.09950490665053469,-13.612656480737147,-4.150300562270596,-2.3481616173047524,0.8819103102250576,-9.015525705974156,-2.4153314446084053,-9.854049629848124,-0.771769548471056,8.98206681779096,1.9625500928380202,0.7648243887376811,-6.775588053591514,1.8723233912860646,-0.916044339406799,-4.364536600404154,-1.9994786924625068,13.7617921325389,-0.12908302361347612,-0.9973327648600208,1.7923849047492002,-4.371692956248786,0.7874812764716701,13.091714723626422,-5.885190462554197,2.4785025755491636,-12.259684246816295,4.043208200185266,6.247190330748973,2.6679257617371164,-15.196918130407033,10.896362101366655,12.8723384923494,0.8524110520586223,0.8056084560332515,-4.890092359510772,1.462877636400643,-0.5914766878576394,3.238656398158146,-4.414822826458376,-3.7744285573933336,8.39251383384102,5.5473343663500865,-2.506178786193562,-3.1075369348828534,-5.048623400931875,-4.679009998972006,10.963002697505017,7.388720605598795,-0.6937683156485175,17.234667148496875,-0.21619653367835845,0.8105996446027586,7.897403187732921,7.656984812874763,-3.9660318220518818,-1.8870510958433755,-11.8377998042635,3.061559984517001,-9.155998301950309,9.18420133418807,2.3105498938080213,-9.236139450067768,1.186027168268045,8.077807265901432,-2.6297281305092817,-4.7973577782717705,9.627701805523117,4.272584001786912,14.142924288226865,-6.205112749954653,6.968878124313308,9.000469387127227,-1.8572073411935186,9.21542905633593,-25.733410135242877,3.6586849492119917,5.635732077658142,-0.2627871140034692
neuralNetworkClass 	class coursework.ExampleEvolutionaryAlgorithm
INITIALISATION 	RANDOM
SELECTION 	TOURNAMENT
CROSSOVER 	UNIFORM
MUTATION 	STANDARD
REPLACEMENT 	WORST
ACTIVATION 	TANH
COOLING_RATE 	0.0011
TEMPERATURE 	100000.0
TOURNAMENT_SIZE 	90
maxGene 	0.9999999999999999
minGene 	-0.9999999999999999
populationSize 	110
maxEvaluations 	20000
mutateRate 	0.95
mutateChange 	1.6500000000000004
seed 	1646684373006
random 	java.util.Random@3ada9e37
numHidden 	14
numGenes 	129
Training Set Training
Fitness 0.01905416142286164