-1.4904212655400393,-1.3900566612962848,2.0127036854910774,2.8647498680678467,3.743065204525177,-13.43825473209166,3.013899114520548,-6.653993425699182,17.595821558851164,-0.8964022714900155,21.27579254565827,-5.620030826376677,7.255125361328224,-17.17997627543849,2.3009561654442248,17.542461678213442,0.4133226610163101,19.772312377572554,-9.075945381658881,-1.3817008447844277,-2.2635132616309477,-1.39984510510659,16.697718173207953,6.028265934876931,11.13770541256773,4.255860046262286,14.600542880531922,-11.477079592379157,-1.4097143388660065,-21.079597212276603,-0.21722030251182822,-6.128809661741525,15.761089063547638,3.467359883208319,8.6789512085734,16.00727433558867,11.326631918302194,-1.9549195140738815,8.367801477670515,10.472407552505658,13.754506950244405,18.589238025537718,-27.951340832693965,-12.751399978437625,6.740102795454209,8.75720730669935,4.779466428385788,-2.7204998725762515,-14.066476257426059,2.842503973077232,-2.614604248196109,-16.290915064526523,-0.8759705708661345,-5.318174160594524,8.748149614652485,5.991924226092445,3.569238521707696,-9.090971464659765,5.874712275433401,-10.06068618419451,26.11376317719023,16.189664581578576,4.570489282291949,2.263616960086228,-5.663139856647476,-4.363485194887813,1.255449345309497,7.21870597433484,5.551108293167056,2.2108358499469993,0.8630475615525199,-7.6425653545480845,-5.9559555957235215,-3.894155931745356,-6.2996128198895285,-7.812372902819456,1.0121091818119403,-4.111745357639963,-7.775753645013105,0.4061098513902861,-1.1188212030665312,-11.209510600057667,-19.94873458167983,10.775863067657614,-8.009620269533512,11.000466920474443,-4.728231407859017,-15.21558566872226,-6.664196747806297,10.987681047423818,-11.974639624542448,-10.867856283591282,-7.171837319514594,-9.816424909846969,2.7226095127322507,14.447215931492469,17.313354040840984,2.6510126391312134,-15.58919119591104,-12.040595483952528,-1.1126950311761359,0.3319460648910475,10.882967222102701,7.138115807721757,4.456418563291383,-8.945824684637078,5.117862762421714,3.6604720247240667,18.302338568562988,0.15739348901831285,2.6151603545718523,4.773354714767209,0.704688153490963,-10.63449319129196,8.603264958198725,-8.601137875973278,7.257852177367544,2.5865164214526164,-13.901241979542194,8.905675280669808,-11.312203060628555,16.913044581093132,-6.915067920580681,-5.870621311527359,-6.917656136209052,5.825886995525585,-5.896886774846944,-10.977172265229514,6.7932334834900985
neuralNetworkClass 	class coursework.ExampleEvolutionaryAlgorithm
INITIALISATION 	RANDOM
SELECTION 	TOURNAMENT
CROSSOVER 	UNIFORM
MUTATION 	STANDARD
REPLACEMENT 	TOURNAMENT
ACTIVATION 	RELU
COOLING_RATE 	0.0011
TEMPERATURE 	100000.0
TOURNAMENT_SIZE 	90
maxGene 	3.0
minGene 	-3.0
populationSize 	110
maxEvaluations 	20000
mutateRate 	0.95
mutateChange 	1.6500000000000004
seed 	1646684373006
random 	java.util.Random@3ada9e37
numHidden 	14
numGenes 	129
Training Set Training
Fitness 0.06500976744746062