-1.8142533572858204,-1.0890332700194914,0.16663765101784378,-2.5750484119752937,-2.854733434783345,-0.32982428059547964,0.5525821826087314,-1.3738250119788573,-2.6791580394822123,-0.6321417259478217,2.4799157612288276,2.3753594998488916,2.732117696050829,-1.817460190779557,-0.41308922051379415,-0.34868051390481103,-1.601059902546476,0.1764439230230619,-1.9284295296338936,2.024902383740871,0.6755581146581351,-1.9324708620790643,1.2945169615699639,-1.517458391574649,1.1450721168957783,0.0609033591721464,2.6233722544156883,-0.17582756997826987,-1.8119168387638789,2.423392820926429,1.783948374510735,-1.28716056245234,0.314104182886477,-2.1809732835832008,2.051930101538672,1.6310648802863925,-2.9935961564006153,-1.0553166057319179,0.3745844087169212,-0.6357244609985369,0.18056607176606132,-2.2858726609774123,-0.04460153300600744,-0.8156755337398014,2.39415263704773,0.1351529685536157,0.9654009659783962,0.6463753249632829,0.6694703051110809,2.108531381703374,-0.13671548252752563,-0.15984588677979872,-0.7964494883913673,-2.3510541516885626,-0.6876948926409945,-1.9481950265296237,0.33906005951311347,-1.5129182611119345,0.8752936695026019,2.0953226637380338,0.9569706264520601,0.6585233722294692,-0.4500247710905665,-2.937231960548651,2.9264236734575197,-2.480905471462103,2.77515001842871,-2.0797915107400966,-2.5906626277217284,-0.3522384198669508,2.794147530300971,-1.7584436601457796,-2.33308774719215,0.30720584180805677,0.20533158487179826,0.42521784634429327,-0.44770214449447465,-1.4713449964732932,2.1602825006820394,-0.021305706207217057,-0.9017007766654386,2.471543988804121,0.9886539800402487,0.8840147109624694,-1.4788971489705864,1.4800683031312802,2.0345512480848598,1.6721135069956947,-0.4393818917235879,0.2176677680465704,-2.8173562867982866,0.6369987572116762,-1.6348642074042659,-1.5930296533578023,2.9330800011429394,-2.3892054089915327,1.1026160829721858,1.036706481632189,-1.0473634244737489,0.8984711195725694,2.1430267828551157,0.4185890973791153,2.7853866638834255,1.3363151074965236,1.0057627584984488,1.1861396756070448,2.849538792036771,2.9909233086597204,0.3032883592984845,-1.7760748295929496,0.9779510157093259,-2.244260489487635,-1.363251517003323,1.599653623940866,1.5781891921963602,1.029887712602699,-0.18858807960860346,-0.15693824375305798,-1.006146534484251,-2.2207104252562964,2.8394118361428857,-2.6254869726441465,-0.15774022205586924,-1.4172122190809295,1.984361592809786,-0.46729324290099505,-1.0155792218921624,-0.2437670739585469,2.577034584053137
neuralNetworkClass 	class coursework.ExampleEvolutionaryAlgorithm
INITIALISATION 	AUGMENTED
SELECTION 	ROULETTE
CROSSOVER 	TWO_POINT
MUTATION 	STANDARD
REPLACEMENT 	TOURNAMENT
ACTIVATION 	RELU
COOLING_RATE 	0.0011
TEMPERATURE 	100000.0
TOURNAMENT_SIZE 	10
maxGene 	3.0
minGene 	-3.0
populationSize 	110
maxEvaluations 	20000
mutateRate 	0.95
mutateChange 	1.6500000000000004
seed 	1646684373006
random 	java.util.Random@3ada9e37
numHidden 	14
numGenes 	129
Training Set Training
Fitness 0.06328222146217499