1.0231994026783644,15.784205782693427,8.810829033448455,-0.9446642137797872,13.528389683352875,4.150043615315591,3.83917385589615,13.091998571909045,-4.643489456975543,0.7741183589454037,-6.135109963913147,4.627270267750765,-5.512229697245402,6.259177201191444,1.2646286988560647,-1.5034323263385954,4.332122906065189,0.3885170706423038,5.797434036160535,-7.062779012448253,2.3268479546523064,-0.145668337831931,5.924000364948254,11.230479507057927,-2.5416862104665316,-14.519584344960064,14.237114640072564,-7.092160044193285,-2.0494144892784014,5.987650059484139,8.306693284937776,6.248050732401945,11.106901540411085,12.70343048540355,4.479926489486416,7.237631278467351,-11.229099962790345,10.356430511254173,-17.598343856789754,1.4517330823598398,-4.107161344183613,-6.174170006396869,-1.4177806837587923,3.0336462228903196,5.341906910080919,4.2793702241171125,-0.5603973053751474,-11.23975295815461,-4.050907566628684,0.08733334073874932,5.379859149192649,-6.722836608065522,-15.854078559696747,7.03977813147592,20.9543487244474,7.421416812596343,-7.117249159567962,0.7720964550088265,-18.455524467405688,-3.9292103944273755,-0.38384623241504556,9.469193061723118,5.574202189311153,-0.7318546533794432,11.84829183036105,7.721321164398245,-17.462270117107096,-7.484582262727502,8.382036915945168,-16.155155886021966,10.404345745271796,4.61596628808771,-10.976046448292406,-7.1910736072345305,-1.8254550388609019,3.9154821556949653,4.9731230988758774,-0.575608807089182,-0.3388533107524694,13.100611116105535,4.227141577410561,-0.39628227194924204,8.05623116903292,-1.5390532774370307,2.4674874075188438,-7.858616234013195,0.06933427986997209,16.004027925625195,3.7048133268031362,-4.958505266483986,4.634447902369497,6.384463896185494,2.3205757130514186,19.484874945340373,13.582979329926198,11.76728964717657,5.784774064097598,-5.769469253883507,10.216937413339926,7.642141992553858,8.710434173268816,-19.71337180234751,-2.158783114216014,8.288830064927737,-3.5261756667949022,3.613865829315884,-15.07403125509922,-2.4836416064646754,-11.014741439635241,5.589353739537573,5.169645857800456,-6.393555862631578,-6.061305043995343,4.211846864485752,-12.529570856036361,15.28905687166851,-7.400799960061132,24.369413665249823,11.288345657146783,12.4614905777804,6.755708425736154,2.418356208160147,11.89249984606583,-6.56603519057129,-11.127634426470832,-0.5125680745585175,0.9374473240315222,-16.106266309467138,4.2651025097070985
neuralNetworkClass 	class coursework.ExampleEvolutionaryAlgorithm
INITIALISATION 	AUGMENTED
SELECTION 	TOURNAMENT
CROSSOVER 	ONE_POINT
MUTATION 	STANDARD
REPLACEMENT 	TOURNAMENT
ACTIVATION 	RELU
COOLING_RATE 	0.0011
TEMPERATURE 	100000.0
TOURNAMENT_SIZE 	90
maxGene 	3.0
minGene 	-3.0
populationSize 	110
maxEvaluations 	20000
mutateRate 	0.95
mutateChange 	1.6500000000000004
seed 	1646684373006
random 	java.util.Random@3ada9e37
numHidden 	14
numGenes 	129
Training Set Training
Fitness 0.016010676348943813