4.02040130958707,-9.586601972599517,-0.5776516046371576,-0.38969476030747785,2.5717778750603566,-0.30255041323052545,-3.4909992838130535,-10.393639375607272,-0.43938335043018206,1.2639899027553625,-1.1349448847452885,-4.585185509854428,-6.43271752984047,-6.861803421527638,12.63201468258865,-1.4112198010424102,2.7663963156302085,-3.5668622920497395,0.9059128332028386,-4.388666616916362,-3.7788170822451104,2.5593691633097837,5.53692934066188,-5.151854520338828,4.425254454121492,-2.9940852986681543,0.31952957745418864,-6.157728743854432,2.687671504663121,1.299310069183596,4.217985738899248,-2.594769399117907,-3.560464562079355,-5.548317287119999,7.823315637241171,-7.2184324641111175,0.7602994517235784,1.6506375899797394,-3.6736594423422195,-2.925379657749243,-6.220604020848251,-2.226980103112334,7.217741109283912,5.519280673251308,-0.24629234140891398,-6.928583934907252,-2.9103426544762874,0.1730669377089793,-6.796169802109781,2.1865565279745898,-2.0354440191852703,-3.2301148844985192,0.7119919027462585,-2.619420728557125,2.0157536260728763,-2.158603179770229,-7.008075998329627,0.9154075114566949,-2.9798371353722075,-2.541040417832985,2.6358926138142618,-13.98270476863056,1.8474948957752786,-7.165345664046014,-7.723474131773707,-4.677110234997276,12.041327874846466,-0.9070417503723007,3.820994806879436,3.9939567600084143,-0.11388032819228577,7.435171093177566,4.072522755573081,4.067210415687394,-6.419582520966262,-3.2332507705508853,11.999126284229984,4.872489787113011,-9.449814149436241,-1.906753674082859,-2.4080924386937763,6.106815355180689,0.5373504363203843,6.813609933487722,2.7251417902838124,1.9436631957800454,8.637323563805131,4.5501280550749,8.537826631708763,8.436082890188509,2.3854498408567153,-5.547634277500611,-0.8487203354921258,-7.76091051387167,1.155984390912391,-1.6020181872616144,-8.73020639156651,-3.168947298563493,-10.76161530681298,-2.6636407591881905,-15.968719490075138,-6.644396551439922,1.3943721588825038,-4.168467534194766,-3.9177418419465875,-1.715123229437836,1.8253881199163362,1.9089387560424873,-0.35354696378835193,-2.728294035819098,-5.60625557142804,-0.5539292228517514,4.438716989834728,4.262678062562028,7.841938132693286,2.1701524146844564,5.4958761926519655,2.185761234596475,-1.6567286259520593,-4.263492486401729,-6.596446751666008,8.355507333548319,-2.3069080639181507,-7.540663580382935,-3.5570760430582373,1.1056339775161774,3.063639767738267,4.702166604849835,-1.8362058551346383
neuralNetworkClass 	class coursework.ExampleEvolutionaryAlgorithm
INITIALISATION 	RANDOM
SELECTION 	TOURNAMENT
CROSSOVER 	UNIFORM
MUTATION 	STANDARD
REPLACEMENT 	TOURNAMENT
ACTIVATION 	RELU
COOLING_RATE 	0.0011
TEMPERATURE 	100000.0
TOURNAMENT_SIZE 	90
maxGene 	3.0
minGene 	-3.0
populationSize 	110
maxEvaluations 	20000
mutateRate 	0.95
mutateChange 	1.6500000000000004
seed 	1646684373006
random 	java.util.Random@3ada9e37
numHidden 	14
numGenes 	129
Training Set Training
Fitness 0.022345751199485713