-0.26308810104061253,0.7921866355763799,0.525576937335608,0.9139372797716917,-0.5230718141728261,0.7554595114439339,-0.23886165882564825,0.7839180191237508,-0.16110819392917008,-0.30606305039022264,-0.8943619352561331,-0.997895772494437,-0.8900058597005124,0.11487764072752327,-0.7873381316718645,0.25086143842380404,-0.27231045654721364,-0.9833865760077595,0.54927156901082,0.6973888376732854,-0.2625806310853773,-0.7431077067950274,0.5774762941524211,0.07304751170157509,0.807481059198914,-0.5965927396657977,-0.28402821869649775,0.6112844325860617,0.36045834830514767,0.634642763505053,0.44708685082474664,0.14685353720991146,0.05615911120160211,0.18604624661413582,-0.899257832357638,0.3849915648620973,0.5716115071318554,-0.12562528576626097,0.059626527820693,-0.37097282543176346,0.32444339978966485,-0.009980027006607495,-0.6015294116556198,0.35704098783381355,0.44705340204906674,0.4052180162568638,-0.5045046688578989,-0.8663445149794163,-0.6799928578170702,0.5034995017943488,-0.996706557584888,-0.8159537262864643,0.13976463472609246,0.07955194230357832,-0.2236580890892903,-0.8797062236401437,-0.3812695494040341,0.01942734181890471,0.5193749258544768,-0.7575530773082603,0.9663822509864853,-0.6374753073828394,-0.7750685386767661,0.6768309465918961,-0.11138794056032375,-0.18215159396564995,-0.40331644252235277,0.3412797452171227,0.7110515854103178,-0.4066559415162463,0.8370201145759634,-0.9582177960334047,0.6496722595690537,-0.8126547841707542,-0.6407717771472778,0.35696855220483326,-0.5612233496733776,0.9020836186210371,0.838071965087318,0.7829698534169839,-0.2275607432171396,0.020028454843845744,-0.07829265887315362,0.5386916232732771,0.7358550389897324,-0.4106889867564849,-0.7972879589709857,-0.25835726662064307,0.27322467411900664,-0.44077519778290175,-0.28441358346422074,0.3384051480673719,0.16688819517955922,-0.7593777352574885,-0.7707700510276364,0.41894266668633084,-0.2507040820777586,-0.23243164966759133,-0.7977038255584114,0.23299833766431288,-0.4977097854708108,0.7701866624440182,0.2403851236218696,-0.25419410792714214,0.1131091969952055,0.9381283830447354,0.26228660754160626,-0.36057978481797925,0.6817586725116157,0.7126862798513415,0.9550265205739227,0.6463053322313886,0.0528316019772167,-0.1754129166682581,0.1357256469959195,-0.168853335909519,0.9481829402838889,0.9822575806454238,0.9364330221764688,0.9371758460950691,-0.3334944489221432,-0.5782957803674482,0.40367403964792137,0.47154643246108485,-0.6656916848676868,-0.6834669301318419,0.9785370695576966,-0.3585220864574541,-0.09583399844581653
neuralNetworkClass 	class coursework.ExampleEvolutionaryAlgorithm
INITIALISATION 	RANDOM
SELECTION 	TOURNAMENT
CROSSOVER 	UNIFORM
MUTATION 	STANDARD
REPLACEMENT 	WORST
ACTIVATION 	STEP
COOLING_RATE 	0.0012000000000000001
TEMPERATURE 	100000.0
TOURNAMENT_SIZE 	90
maxGene 	0.9999999999999999
minGene 	-0.9999999999999999
populationSize 	110
maxEvaluations 	20000
mutateRate 	0.95
mutateChange 	1.6500000000000004
seed 	1646684373006
random 	java.util.Random@3ada9e37
numHidden 	14
numGenes 	129
Training Set Training
Fitness 0.13678849101009619