8.14995895580193,-3.1217699049659373,-4.761894724039742,3.223300551918056,4.582387407224365,9.560841017118026,1.9949823018820658,9.749285772997515,-3.145322480147912,3.2251785328372993,-8.40983244643493,-0.3637750942779423,3.4507497688584667,-8.080366513549897,-6.75380083595158,3.066534765101644,-0.29089984954423276,9.809791115994038,-11.53049835225264,-6.821736201426594,-6.687656778745447,-1.789259957337796,-1.4459181329986448,3.064901786580507,-0.21976191863366967,-6.348906961264859,4.9965813762230615,-11.91012759361498,-8.157704306856271,-11.928424407554402,6.985111959456331,1.5830180897177932,8.61997246617414,8.171195355586821,9.590707051467337,1.859043074951149,-1.672638424743404,-4.750838731505001,3.0816288141757426,-3.254463314810213,-8.546801132811119,-6.399122597328938,3.5971759490498503,-4.869144903915343,4.865907327215721,-1.738506799295565,-1.8409558716244447,-8.110203653743145,-0.1626900036875245,15.200647741517846,8.41469714982218,-4.682340864701126,-5.290452744517097,3.2072019057041397,-1.551387011377984,-13.349067222066205,0.33364109513874496,0.012908670139005096,0.3136752691085247,-0.12447856002445601,13.28705482860383,-11.560872003370346,1.976386789720114,4.721062212701009,-0.3184967137500614,-1.789150913166241,1.835988483100797,-11.537447016217357,1.3511744221357755,-1.4325612740982052,16.218972549057096,0.29816210125217024,-6.234570091204944,-4.740308873014909,8.06688569343467,-0.10525190188138467,-10.011041706743102,-1.9420893602843181,0.0767240310724111,1.6902741777218226,5.016260520629352,3.2059150304913544,-0.3803722784127226,-0.28504190198594603,8.58625407679383,0.24100320868493652,-1.6950105203825774,-13.159345247337072,-0.3133119728651015,-2.0399122505006613,-2.976502262338462,-1.4093754454045886,6.386967656310269,-6.502651531039808,-5.105959086079575,1.939497292680615,-3.4081064346426233,-11.361080049221545,5.155805892683759,3.0058973817952523,1.5877263622469293,-6.864718253115768,-0.011689838570381639,-0.012147746759015199,-1.9941056884838062,9.83217663033955,-3.54148715958089,1.613762669555376,3.358567618976344,3.626038257123904,8.135556481921682,-2.020630889687589,0.10422918026957184,3.4100660363611697,-4.819902292082352,-1.986194717804148,-0.2697220131976117,-11.187759108279858,-1.743409169021184,-4.984514198262769,10.243607446701073,4.736732433931556,6.883295016021014,-3.6787687444759003,6.689007512151884,-8.494696159015296,-1.573818221845526,-4.630309660783178,-1.4808548419187613
neuralNetworkClass 	class coursework.ExampleEvolutionaryAlgorithm
INITIALISATION 	RANDOM
SELECTION 	TOURNAMENT
CROSSOVER 	UNIFORM
MUTATION 	STANDARD
REPLACEMENT 	WORST
ACTIVATION 	TANH
COOLING_RATE 	0.0011
TEMPERATURE 	100000.0
TOURNAMENT_SIZE 	90
maxGene 	0.4
minGene 	-0.4
populationSize 	110
maxEvaluations 	20000
mutateRate 	0.95
mutateChange 	1.6500000000000004
seed 	1646684373006
random 	java.util.Random@3ada9e37
numHidden 	14
numGenes 	129
Training Set Training
Fitness 0.034004532337223496