8.335644333969675,-14.309139404194521,8.533983895337814,12.996118179759375,-12.233084439923976,19.4499021259806,14.925812789076806,-13.185286577803357,3.998049533770925,13.905705303912885,-12.494255212130156,-4.9990319822920455,-17.32200667092937,8.699068456073915,0.3357598101924273,-7.8388006015447385,0.1839339906961115,-14.207175702522816,1.2048238626788859,9.267528814378693,-4.654841639556411,0.26956091079544464,17.769887161803666,-6.7888715741292796,-11.141070458578172,5.571417325395412,5.800280778923401,16.243596595662005,-4.96898096751276,-7.4553451590294255,-9.063010906685008,4.215372627060441,-12.273723598706953,2.7324344842065997,0.41874165626038273,-7.266262339313984,-6.144582556324149,15.589298294845165,7.018771462073689,25.33208665612831,-6.747624963759408,2.4832949226256407,-1.9760832656507477,10.274655286769754,-11.774170797698389,6.798797759954271,-20.11478982864417,-4.6240741346212495,1.392993290986996,0.007245973430443087,8.952915822077262,-12.504969196044609,2.945585257667389,4.931608139003808,10.139817469385699,10.10022951636847,-12.40301988411273,-5.601727117449162,10.463149278341769,-13.954163691680241,10.68542067422882,-7.023549848170699,-7.7102867369457595,1.8201763389030248,-4.104625273408425,6.868586546172667,18.55335225591137,2.2381310218180435,1.2316439140635707,7.679533770289562,7.245257007775788,-9.194798807823528,-8.265957947218276,-12.4980274522425,-7.393431150080394,-0.17275691901477686,-2.3686502837850067,-8.052108882406394,-5.087675475899465,3.6497642175303877,-9.532606281216228,-9.36821708971113,2.690043597523543,3.884996092279507,-5.373116571884227,2.2490388586091115,-12.116602875008851,1.8576651431116549,-2.671860813253952,1.3580383466549213,7.843862000197566,1.6274710712862035,-5.370434924104993,7.570493237353547,19.58734179725912,13.967256240628753,2.7870845784573453,5.262432190772488,-18.76512675827916,-2.600916270308087,-3.2974250636813878,12.979577957086798,-9.043376166580302,0.06841641098496565,-1.1284671176992376,-1.2567767170789281,6.05971000266794,19.167071524141356,0.24055316435451513,-5.0947059588038766,9.211321956752377,25.159120040079117,-7.89204863413797,-13.270038193777328,6.412313294627841,4.6703750214984945,-5.488744410738397,6.009796910818428,-11.047448923026163,-4.918277736127273,-7.518770124983874,19.068935757350346,11.095251645297965,-17.339569109744154,-3.963329423186144,21.33660458712422,-9.923513841536241,19.425844914992098,-2.3233517836341475
neuralNetworkClass 	class coursework.ExampleEvolutionaryAlgorithm
INITIALISATION 	AUGMENTED
SELECTION 	ROUTE_RANK
CROSSOVER 	TWO_POINT
MUTATION 	STANDARD
REPLACEMENT 	TOURNAMENT
ACTIVATION 	RELU
COOLING_RATE 	0.0011
TEMPERATURE 	100000.0
TOURNAMENT_SIZE 	10
maxGene 	3.0
minGene 	-3.0
populationSize 	110
maxEvaluations 	20000
mutateRate 	0.95
mutateChange 	1.6500000000000004
seed 	1646684373006
random 	java.util.Random@3ada9e37
numHidden 	14
numGenes 	129
Training Set Training
Fitness 0.03792487971002844