5.449003576070869,0.9196928949314946,2.084337024064297,3.1297668936764214,0.25247611718514174,-0.9398187008042447,-2.370702207617061,-0.5407989054639915,8.559194039487238,1.8830155711880012,9.000817271462076,-5.757982055519756,-3.164518141076293,1.0760005502963277,-0.20762860753469514,-1.3457293850654781,-3.3910302848730725,9.25347325124885,4.691213935151394,4.016033738679242,10.249743418568572,-7.471057504593071,-4.593475754158941,-5.042398530467133,8.611550894940482,3.3722315228825037,-1.4775038837940642,-4.841730400761811,-7.459918293274679,1.244372170836967,1.7988175785954077,6.180440039649559,4.133074776769921,8.459361184829032,-5.612526522442122,3.002652895372753,-0.3040086068623187,-0.003504898818464497,6.675039868969073,-1.9389974525933393,-7.916524216047488,-3.2508870475505214,5.424870223066292,1.5830103980739034,12.544559992041373,4.301432751776509,8.108811655563544,-5.789867736414818,9.373553451936242,-0.15647230704386939,-11.516679859669065,-3.8796857955652806,-8.909956830988994,-2.200274185667693,6.123830278908507,-1.7133804758997284,2.5991636988906848,0.12656803235303293,9.49021993798292,1.5325601406854856,0.17353187394202063,2.2673299788477843,-9.426058782846608,2.6818723585910043,2.625972359485691,-0.987788778118543,6.580128577570006,-5.606159927200226,4.044900682254244,7.466039307501948,-8.674275602270871,6.487374841715482,4.285706664710967,-9.881311564452549,3.493650143692502,3.0941716322460735,-6.49202682752335,-4.430723538706385,4.560783084515167,6.430872267047043,2.0135941280542955,4.73606007360179,9.582736745513424,6.57977147282322,3.2185927835266304,5.45543628093476,-4.172578825740716,-0.007782472750206271,-6.124574987350115,2.7168121094389175,5.277101273176484,3.5722108790786287,9.896536365651333,-8.357779234226534,6.190149139290858,2.8035700803069443,6.638926543313456,-6.568336006441509,-1.3648250623661924,0.06489060220679033,-0.7315413551729595,-6.30209710897445,3.712953600908806,-7.017618963886066,1.8878862450696454,5.270272481503795,-2.6032015213564055,-6.3734772842531235,-4.165946481816909,-10.472043542275516,3.049769295269974,3.8393556985063944,2.8774610968734184,-10.639728234689892,3.192334249317427,-4.852443677726528,3.485121070798522,-8.436385718441754,6.653091143071709,12.89732758877322,-5.033388016805241,0.2405852141506335,-3.5871127873888007,3.13423575276546,7.9759776172459755,-4.60233143096834,6.349162279127905,2.5444843469516316,9.769848031104585
neuralNetworkClass 	class coursework.ExampleEvolutionaryAlgorithm
INITIALISATION 	AUGMENTED
SELECTION 	TOURNAMENT
CROSSOVER 	ARITHMETIC
MUTATION 	STANDARD
REPLACEMENT 	TOURNAMENT
ACTIVATION 	RELU
COOLING_RATE 	0.0011
TEMPERATURE 	100000.0
TOURNAMENT_SIZE 	90
maxGene 	3.0
minGene 	-3.0
populationSize 	110
maxEvaluations 	20000
mutateRate 	0.95
mutateChange 	1.6500000000000004
seed 	1646684373006
random 	java.util.Random@3ada9e37
numHidden 	14
numGenes 	129
Training Set Training
Fitness 0.03851498903870769