4.469389507581361,-5.021074047558017,-0.7230760870042232,-0.5891704440075411,0.46903423581557036,-5.7721812960008325,-2.18507588935541,0.017068456898560846,-11.034037670790308,4.874406308008433,-2.5065277321863757,2.2241673824143984,-4.380870265519246,0.30102453631337056,15.571352164907863,2.663777344119614,-4.676084221465553,-5.6935693619192485,3.974374839772146,-6.7436813803800195,4.561801857347823,-3.8259824424005267,1.911767683697339,0.9605698424619948,3.7309518975514457,-5.706892353566048,-9.8523239569997,8.853039201666519,0.2950839116922701,8.728038337499807,-11.358461830980415,-2.5496138829966064,-1.3373661537086097,-6.936258531193792,-12.5105522827028,13.065897474066945,-8.329680952835378,-1.2220043770946365,-20.145519333060072,1.2562554858559238,-9.455179338046445,-2.8504768192540375,4.417322549660689,-6.93243023007815,4.903411794212529,-7.592420337979471,-1.840609983592035,11.17988026891301,-4.321030647253213,-5.287324938824788,8.609001782891326,4.277071538612557,-3.433085205986359,7.679546052937463,-4.262988285376698,3.234374380080321,-8.708759440277273,-6.88751619695559,-13.268322593597125,1.7183631520966092,-6.526112901509519,-10.48039166907189,-3.6366030322569394,-2.365404960751146,8.816344757493638,-8.393338790612855,-4.081695513033172,3.9357668539900086,-10.735536250611984,-2.0276237206838275,8.635576713421543,-5.481495159670531,9.377067864625166,0.7364699519580595,-3.4733392500183307,-3.4603671411095203,9.65607127154929,-9.472222134787543,1.235492049873136,-0.32699865538703854,-4.729586988920879,-4.00594952792943,0.46713304760454477,-1.444307636472944,5.768229459922095,-5.9335987067623375,3.818119959012657,-15.262347983079776,21.671295500653727,8.67038879128853,-7.014833740285942,5.401533823161442,-2.3171251446087133,-2.027803356861969,-1.290269806257803,-5.39022783445505,0.31472936982524935,-5.267639895405647,-13.765687479394005,-4.28635898521437,-5.098855186245302,7.560972556237681,-3.2977883642065757,-0.37571750354070677,-0.08255692732310393,-4.122711495166971,3.6258193125241123,6.998430894570157,-3.692442124138344,9.823126676673906,6.229405558816338,-3.3182144031860927,-5.8501397653727665,6.513457308723174,6.040692217864041,10.430726686567033,5.652530729040116,3.9790464299463117,-17.388616656835822,10.598296304173882,13.319385105707747,2.6150101097171374,7.090171631111737,9.32310613237162,6.214166171430307,-1.6043806635355633,8.752605674734186,0.9500660364811306,13.57592905843312
neuralNetworkClass 	class coursework.ExampleEvolutionaryAlgorithm
INITIALISATION 	RANDOM
SELECTION 	TOURNAMENT
CROSSOVER 	UNIFORM
MUTATION 	STANDARD
REPLACEMENT 	TOURNAMENT
ACTIVATION 	RELU
COOLING_RATE 	0.0011
TEMPERATURE 	100000.0
TOURNAMENT_SIZE 	90
maxGene 	3.0
minGene 	-3.0
populationSize 	110
maxEvaluations 	20000
mutateRate 	0.95
mutateChange 	1.6500000000000004
seed 	1646684373006
random 	java.util.Random@3ada9e37
numHidden 	14
numGenes 	129
Training Set Training
Fitness 0.02561388698306927