4.275520975699366,4.2795478721092355,-2.0389019078620967,-3.910304842054064,6.165905722798708,8.228982809762272,7.26877272132846,0.11724992231806208,-2.523560317063346,1.2762731686173918,9.896696974126352,-14.976504810617254,10.410089830995132,-3.743606337937221,4.06039695394492,9.33149555607797,-5.961895329220249,0.8409179158568252,-0.9158854023431857,2.5205884142921766,-2.7668341256158744,10.16257988810168,-6.268079357827293,-4.182363650621453,9.483078792530288,-6.624905491073951,-3.7942629069937333,-4.598146040564453,-5.521260569351185,-0.6405423215425525,-9.443063629911421,-0.4079563869837086,10.172849040869162,2.625048964527455,-2.4453305221873007,6.315935572952433,4.746085095132731,-3.6215194989929227,0.5380591002989004,1.4296865133903918,2.895167098785125,-1.4047686917129667,12.500878320197037,9.51144924933351,4.272494285758688,12.778728948206057,-4.583680266969674,-3.2537117454207882,-3.7402357615823787,-3.52136069646836,-2.5940554903531083,-7.19942813931921,-1.1517837149635497,14.114741553523945,0.3908853738973179,-4.547667258785141,12.12587819528871,4.6148711177839985,-2.6151394722776278,-9.50005000526621,-2.412570333928466,-1.674975625057609,1.6475434404949425,-9.035140720218566,-14.914971673353971,2.2868265689009766,3.8633114609719463,1.3348652720620366,6.278681361246175,6.452177433995017,-4.455611004508517,5.912982272465515,1.0724777989787864,6.816992591818879,2.328877143252031,-0.357406579347181,-9.619079859286659,-10.281169694553464,4.971523076233556,1.6876507276582773,-1.633780229375568,-7.106684233024087,3.060958962480381,-6.198949588967277,-7.072847979547532,9.755634650670721,16.625087612954886,-5.5477542811904295,-2.02300946935695,1.426211329639326,-0.6990355389632192,5.155258561024595,-1.0919010737926946,4.111505636461868,3.6769887316063263,2.677481165164103,4.173643442509978,-7.35889962191089,-8.695116362723843,3.6427666337374625,-15.301826504343742,-3.5086678363113224,5.602551896507267,-2.9839724631543225,-0.7402642325678288,-10.056106752676778,2.351211960600459,-13.804299948764186,-9.920456009551755,-6.019438548199352,0.477329272639996,-6.513090275891374,3.4360865568588297,-16.144545256199322,-2.615531352159598,-1.018807359013536,4.885291766564125,6.361715303352753,4.616461828070209,10.406006393817393,7.982008562346488,-0.997639190264703,8.31175364873504,2.003689618408739,-1.5520780168315849,-8.001351911543896,7.539215959209232,10.899581537753386,-2.6541568670357254
neuralNetworkClass 	class coursework.ExampleEvolutionaryAlgorithm
INITIALISATION 	AUGMENTED
SELECTION 	TOURNAMENT
CROSSOVER 	TWO_POINT
MUTATION 	STANDARD
REPLACEMENT 	TOURNAMENT
ACTIVATION 	RELU
COOLING_RATE 	0.0011
TEMPERATURE 	100000.0
TOURNAMENT_SIZE 	20
maxGene 	3.0
minGene 	-3.0
populationSize 	110
maxEvaluations 	20000
mutateRate 	0.95
mutateChange 	1.6500000000000004
seed 	1646684373006
random 	java.util.Random@3ada9e37
numHidden 	14
numGenes 	129
Training Set Training
Fitness 0.010794351472626437