5.912157190208834,0.7067552208837613,4.036792755318312,-5.167531051456939,-5.435552164575901,-1.7439926353414394,3.9751714244692353,-0.007625599788184445,-1.6639716657486288,-6.728269101759542,4.8665929061810145,-2.3863908151768207,-3.9179576129592233,-3.236894291851935,2.9227250417981576,-6.501478310106332,4.205430310021979,0.38561234033557046,10.397068705358578,6.716046235606015,1.0735097207416135,-7.4938268537148875,-4.33890103104716,-1.305213769110508,-7.4392078828229,0.6320486078231449,7.488594324008913,-1.7183212963264003,-0.6865210273020974,4.869151009571418,2.436368903882049,1.9231110063966579,-10.04899221962485,-4.382765966356066,7.548306450775664,-3.2640903457870065,1.2274385440383053,2.7887119856466223,-2.114246642305782,-6.366330906254559,6.170391682500474,11.20466364500483,-1.0989875441949417,-5.640569298639246,5.747673389649977,2.275867341101979,-0.47815959634861205,4.048774760395435,9.331643894833036,5.668514922751558,-1.046468053984226,-3.942068745376452,-7.711194158241536,1.1835464506692386,5.231340508676974,-7.660437280197696,-6.182985671146205,-6.30465394445274,0.7696583067254648,16.084420897704625,4.3851287147453,4.04983522609459,1.0055533947614368,3.9201240673024715,3.8998518745184203,-2.036203154692343,-12.877072437654828,-5.2311498769982485,1.7819190129789435,1.49656113224267,-6.430263547033096,-8.936214439031525,-3.171272158572422,8.381979783799839,-0.6056174629466913,2.0097198529979963,-0.7270836163407779,3.7129127685483816,-7.271438549579315,3.196219560588574,-1.5836806240117571,-10.587750620894738,8.232520050491715,-6.41763551992746,-0.7238412955320426,11.403780406960596,9.394848349399751,3.920073390787061,3.2252406957792354,3.063036849522632,7.292607564773599,-6.581402082820171,-1.609642616596088,4.382506671489505,-2.131237781063044,-8.424196391403992,6.243011524604544,8.877437682465867,6.622558046026014,5.562409760208858,-0.7259962675852734,-3.8122670094575133,4.2346622815684585,-7.606595298545795,4.238347395500384,-5.45176042173571,3.8125490544252516,-6.99360238769738,-0.6106086385114526,2.8540306942358398,1.6927893885774736,4.989718992344898,8.540961339289941,1.0390779634958447,-3.2244245034998906,-2.936374512730941,-2.096256503873567,0.9160041313031178,5.442979759359807,-3.8839859853060803,5.087063816422445,-1.2085914839898395,9.326122277178838,-1.5704061493748522,-1.4103676446710622,-0.6244482279389532,6.287592932295185,4.6007566359678576,0.584569583370862
neuralNetworkClass 	class coursework.ExampleEvolutionaryAlgorithm
INITIALISATION 	AUGMENTED
SELECTION 	TOURNAMENT
CROSSOVER 	TWO_POINT
MUTATION 	STANDARD
REPLACEMENT 	TOURNAMENT
ACTIVATION 	RELU
COOLING_RATE 	0.0011
TEMPERATURE 	100000.0
TOURNAMENT_SIZE 	50
maxGene 	3.0
minGene 	-3.0
populationSize 	110
maxEvaluations 	20000
mutateRate 	0.95
mutateChange 	1.6500000000000004
seed 	1646684373006
random 	java.util.Random@3ada9e37
numHidden 	14
numGenes 	129
Training Set Training
Fitness 0.10375260354630608