-4.456886512526217,9.130213384634398,-1.6012958467502898,-2.641025535734965,9.548590447169731,7.934609407969861,-5.195377467911012,11.931894300159563,-10.56883446473463,3.3886081667117622,0.31049553373223215,-8.590843962982632,-0.530520944106625,-4.126712303136939,8.624152189278526,-7.743864001061819,7.966344839381579,-7.5992054870554355,-2.1281351955731562,1.9058812265556373,-2.5472525367793146,1.9696330105939528,0.43990881574997776,0.788883173626421,-7.123857689852921,-5.814106508820789,15.45362425439894,5.855433137807401,2.2066909737137603,8.689300335704516,6.175537682185384,2.9120962459135527,10.010342209300548,1.8323221241551018,0.23442424194436207,7.948683505190809,2.022304148747038,0.9069254468823624,-3.056506620414395,-17.16380674731119,-1.442796402775043,-7.902817029078131,-1.5579691821677635,8.906914821037759,-1.5152832268330094,-5.8558894793561755,1.0755688902013922,2.3211721174825044,-1.6673246074790171,1.1580266923148184,-4.104521501516849,2.8474921998134297,-3.9176976195122104,-8.555245127744174,19.16019110666406,-0.5802163800388263,2.959449119007462,5.707550316338075,0.47317652275548827,-0.9248414543996555,-4.713817750739601,-12.660728059623942,4.322593652147171,-5.245380700867255,-4.287356440388635,0.15407344385131427,-7.503304258075842,8.304858907526011,-0.6060835949704133,-4.297548548245205,-6.628780315756064,4.639311708714032,-1.2759418885194833,-5.937430695592802,5.436841865307393,-4.204376487028214,8.838382259765048,6.985232641993962,-13.331856561179423,-11.864171665577391,7.373658385697933,7.591209305767082,7.384332467524189,-8.653285102006866,0.8215563122532537,8.714938781545149,10.117823856495365,6.643461702753374,0.10789833098125712,12.070137423292802,5.2538936264582645,-13.317089468912373,-0.2224002225620474,0.9288243802894449,-10.35651604967485,11.300369171370981,-0.025756757972014377,2.7531733078682272,-4.188638838590463,2.3603099310727984,-5.374865089233949,2.451496994114528,0.7625626610994982,4.337779336523431,-5.1280361892004676,16.746463271211354,-8.934908275116637,0.4017436984865643,7.0816384955092495,-1.5610167426554646,2.4221021646128804,-1.6076932768433112,-5.357947629418179,0.3160464544509711,-10.623268322409013,-2.5499499031011617,-7.6720924055489625,-1.0562199219043205,2.0575338633776337,-3.7573625455444457,-8.679716182567036,-5.242632495730561,13.820855035669425,3.4986997369440562,11.088657725324198,-11.133574896184234,17.01813238533994,0.058557318320893614,-0.11209357039548884
neuralNetworkClass 	class coursework.ExampleEvolutionaryAlgorithm
INITIALISATION 	RANDOM
SELECTION 	TOURNAMENT
CROSSOVER 	UNIFORM
MUTATION 	STANDARD
REPLACEMENT 	TOURNAMENT
ACTIVATION 	RELU
COOLING_RATE 	0.0011
TEMPERATURE 	100000.0
TOURNAMENT_SIZE 	90
maxGene 	3.0
minGene 	-3.0
populationSize 	110
maxEvaluations 	20000
mutateRate 	0.95
mutateChange 	1.6500000000000004
seed 	1646684373006
random 	java.util.Random@3ada9e37
numHidden 	14
numGenes 	129
Training Set Training
Fitness 0.01188619115158938