0.41195330802864216,-1.6728091492018642,-10.683946410840587,5.20633860327839,0.41447682225782234,-2.4948116200674892,-5.990729860246974,11.297104590057376,5.006700547215514,3.3167824187307815,-1.9096870413757596,2.4254651186235927,4.934077694400274,3.650955902980245,4.779716046502282,-10.650003052975972,3.01074169509147,-5.9433814068690864,-6.926004466550202,-2.763455514619803,8.42786928632925,4.755691811416652,9.141655176278821,9.837494518256255,-10.00458785118467,-7.467283404868832,0.7535423901854519,-9.683621195545742,-2.4166775785030943,-0.8245891285364859,-5.706435868599686,1.4299264259464213,-4.233712306388126,3.9691187306736575,-10.51008949322571,8.764453381751949,10.92638302085107,5.789107883798584,-2.036423624128112,-7.129258443331924,3.6309368662996353,-4.661810435327476,-11.189889214591176,2.9013259979169446,-1.3717011391144762,-7.40685085430491,-6.287834873718786,2.8763747690890638,7.592088511478504,-0.6480081590243554,-1.325448477358039,-3.960889585680026,-2.5051066882185262,-19.484976046743597,-5.569836819711593,-7.7410109421528155,-1.4947231296939663,-5.413695605768851,8.834250055975119,8.900617646390891,-1.6726527331939671,1.3480190657513407,4.6961820878321765,-10.60134392408404,0.8400265194396574,9.0388437276922,0.5919752043864865,-6.886283543328117,-5.506446925613552,0.6583785846690962,1.1074933160429303,-3.658462515156792,-0.4663599187809675,-5.426747333021547,-1.218617259717079,-2.292523386416523,-0.9008985096891271,-5.933488471250546,-0.6515662913237694,3.50063029514925,-1.7233491710494042,-0.1495821914688653,-11.771793534365013,8.386656144764393,5.996965535980111,5.503809810926903,-8.03960203443696,-2.6643624215172537,2.5190029742581306,2.8486785022278784,3.9575677407262915,-0.4389032580754364,1.424942742097211,6.646639211368706,-1.27251945280168,-0.6614719732547032,4.586021775262557,8.374490264085981,0.6114653379220147,3.3565880245317885,-3.6900810962399015,-4.570934468995015,-2.5081705829599876,-0.6486535896649546,5.843236297258233,2.06510453895644,-3.709491307594778,4.233764595753826,2.6280155863033254,-4.214121375961071,-0.08722580944722669,1.092837531551985,-5.050882603217312,4.834827575026869,-11.566043324394418,4.241597506947267,1.1096837478949029,-4.772523163438123,6.13379126748124,-10.079554051167424,7.584792821973874,-2.5835790292143486,2.502124680147002,5.082043244551173,1.578806567600532,-0.40182567375596,-4.278631587920955,-1.1957454404053056,5.799802819675731
neuralNetworkClass 	class coursework.ExampleEvolutionaryAlgorithm
INITIALISATION 	RANDOM
SELECTION 	TOURNAMENT
CROSSOVER 	UNIFORM
MUTATION 	STANDARD
REPLACEMENT 	WORST
ACTIVATION 	TANH
COOLING_RATE 	0.0011
TEMPERATURE 	100000.0
TOURNAMENT_SIZE 	90
maxGene 	0.9999999999999999
minGene 	-0.9999999999999999
populationSize 	110
maxEvaluations 	20000
mutateRate 	0.95
mutateChange 	1.6500000000000004
seed 	1646684373006
random 	java.util.Random@3ada9e37
numHidden 	14
numGenes 	129
Training Set Training
Fitness 0.03124654042453907