1.5959923539554635,-4.598329827824141,6.965871692067386,5.754558824607059,10.68798696979457,5.279435345108919,5.877563367942015,-1.0410015305694351,-5.928446733640522,-0.6229955226245973,5.519336945677879,-7.4372188812075954,-3.966299941409531,-15.38933951313167,5.638168421211764,1.1802705830566724,5.689679180274655,-1.9957805937954234,1.3906742540227155,-3.1549477729917594,-3.0488346259145924,-2.186775683653999,-5.105476469807456,10.598226057414399,10.302334335949485,5.8981903375629,-0.0484759675584554,-8.46218247274534,6.655238136819616,7.525038242930849,-4.1719610273635155,-2.295485604787146,4.962517444112272,-0.9318807934215396,1.241281911884922,0.6824515183575146,-5.715369343078314,-3.999000310868768,0.6754275678316004,-5.890216675012238,-7.2095790145784635,-4.2675602588666255,7.439367576298828,-3.6277018948173545,8.96398257273106,1.4797651082675318,-2.3216701750716737,8.444344056244088,13.897427824696818,-0.7309016462654299,7.914471673696317,-1.3051475591725712,-4.281700982765562,8.511679693829729,-3.3830523551923717,-12.207739954751656,-4.017993229808989,-9.97222589566358,4.839842164819177,0.5206466256715778,-5.946180312592849,-7.87557244254031,-0.5332504475557531,-7.089579199782424,5.211570265336771,-3.5194008991879127,-5.586326373489738,3.8904022858756715,10.269380785721944,3.5529635373640307,1.3673094308902787,-6.265836277583758,-14.095643277603516,-3.712057441035066,0.7736614250423415,8.902012286505938,-2.8376672655896704,-1.4397100478188571,4.04234174873384,4.071005824832513,-6.42460078976649,-1.1441791724499364,3.4447836059718546,0.7489136631005433,5.743076212884404,-5.424359360699865,6.559995594884695,1.1840490849044185,-8.739355966185737,11.161496138261363,-4.3906275693353845,8.861415055036069,-0.3277214304620779,-10.673365286513283,-4.627530247417631,-4.533379516794252,9.233281141176253,-12.52617419499126,-7.461461012792865,-6.947459349996402,5.234833679875274,5.141962220900943,7.474011946042534,0.10971011203318781,4.976348748082277,-5.80507454799506,-0.17598768588776714,3.369952954377661,-13.385372682911692,-1.4988348176556419,1.3163640595034378,0.113769791612508,-1.6743249749333362,4.149707801271362,5.9494564794338345,1.5555177249907395,-0.7158293549063899,-3.2419248273586536,-3.9792837912314813,5.396434251662026,-1.2527807480050255,-11.20013983305129,2.790327456030953,-4.285927770292761,-1.8268354590998754,-0.6855289060950458,4.775232224966141,4.4977278971763806,3.762874703697708
neuralNetworkClass 	class coursework.ExampleEvolutionaryAlgorithm
INITIALISATION 	RANDOM
SELECTION 	TOURNAMENT
CROSSOVER 	UNIFORM
MUTATION 	STANDARD
REPLACEMENT 	WORST
ACTIVATION 	TANH
COOLING_RATE 	0.001
TEMPERATURE 	100000.0
TOURNAMENT_SIZE 	90
maxGene 	0.9999999999999999
minGene 	-0.9999999999999999
populationSize 	110
maxEvaluations 	20000
mutateRate 	0.95
mutateChange 	1.6500000000000004
seed 	1646684373006
random 	java.util.Random@3ada9e37
numHidden 	14
numGenes 	129
Training Set Training
Fitness 0.04719992717874248