0.4224510945190554,-16.65194136359701,-0.6679865637264957,-0.3988892258007155,-8.601805835744223,-3.1921570321862394,10.356950539612761,1.9110540386374222,4.465377349486501,-6.775752899819851,-4.399212312864813,4.655254955639508,10.601136316409937,3.8194683202230744,4.459654285959437,2.8389976575543443,0.8956206929077144,-1.8414162665192801,1.8212895820269566,-6.419947849035125,8.092985023067703,-0.3351748116592894,-8.953127236938291,1.1124374820468006,-2.604717934979938,7.119884604978274,19.609793818913303,11.63346186893295,-9.10151603942202,2.886737433883412,3.3963306109828166,-6.565543765451686,-7.776781270591428,-0.00479201724131606,2.1103114894267474,-11.247895869094105,0.23366396847771398,-6.229269499870446,2.048450752236704,3.5612534822764035,-1.1435952810703132,-3.8855000753423345,3.6251520755545283,7.951581668371757,-7.733082634444754,-7.841565446195446,-1.774813753424617,6.439467620120388,-0.1952967646992807,-4.628886395366342,-6.850240550046848,-17.53708816013406,1.2589542472958257,-1.1689199266378179,4.046093777102226,10.791326140797795,2.234991398651828,3.761641075534449,4.772757476151085,-10.896496178356102,-2.0324214653237513,3.28652428227171,-0.4974148648934582,4.296059891916345,1.2905710601664726,-4.231507295904066,11.502142257762983,2.181120046271989,2.2032196890813243,5.133244166063441,-4.3987044032383515,-5.883980454674525,4.691807370508191,-11.94133527803271,-3.721439567228151,20.429256862342115,6.8711602325938275,14.174735946957492,5.1875059614130326,2.6159319900510862,4.003928057200454,6.122129189827769,5.436609265601579,5.822385401134074,-11.413606218563494,16.60775715715973,-2.590444509430071,-4.276266332796547,-7.8420742257903004,0.27328659487192564,-3.274903363364891,0.3694873999135915,-15.102946581106488,8.757848189516347,-1.0648166333068048,6.981418155820686,-4.889503657212181,-2.1610826096146063,-6.102800412372826,0.9843245984054807,2.4523463224837725,1.4755722829304112,-0.16926279270629774,-3.5656629603056955,-14.371046228390737,-10.343930833887319,-1.5185441877222345,4.430878738007541,7.2009329070918024,0.6169109553423677,-17.38581557940862,-6.992610647517301,10.987058585648183,11.553319021493436,4.544529745548568,-3.007599175011954,5.605687784636508,0.98125147239318,2.092865429987464,2.2165382288275977,-5.892304252628065,-9.061153287118408,7.306687059843329,14.36250503320367,4.010780131431153,10.530405376228815,8.546924866524359,1.2140931433196753,-14.111658573391075
neuralNetworkClass 	class coursework.ExampleEvolutionaryAlgorithm
INITIALISATION 	RANDOM
SELECTION 	TOURNAMENT
CROSSOVER 	UNIFORM
MUTATION 	STANDARD
REPLACEMENT 	TOURNAMENT
ACTIVATION 	RELU
COOLING_RATE 	0.0011
TEMPERATURE 	100000.0
TOURNAMENT_SIZE 	90
maxGene 	3.0
minGene 	-3.0
populationSize 	110
maxEvaluations 	20000
mutateRate 	0.95
mutateChange 	1.6500000000000004
seed 	1646684373006
random 	java.util.Random@3ada9e37
numHidden 	14
numGenes 	129
Training Set Training
Fitness 0.026577664671489566