0.5644843213013031,4.078809082615969,8.516880891695255,-6.162166900127845,-16.97914544990526,20.900282761259867,-7.141122925919392,5.517727897927042,10.346187099336726,-6.656806656828413,1.1034787111280275,-1.3470852265505986,-0.03643458801814692,-1.5529694075018696,-4.789999003726788,0.7454644252618623,-4.545657263776246,5.361188343701621,3.8498377689703362,-1.47096385208856,14.264287398509198,18.92620938174302,3.742383618535463,7.115204754377977,6.493252185157802,-20.407975195587497,1.537471447018235,9.245740122117665,-7.699214084228858,6.192572112701722,-3.738875038074534,7.984174929761009,-6.746132245151319,-2.602063194627939,-2.481376651414063,-2.368144242156882,5.136277645017362,-20.348291090559727,-9.175374693150278,-11.238826294812192,-13.778494174956514,13.421372211041588,-2.046851142705993,25.58020690416147,-5.983073512803678,-2.985181803950514,5.301752664403979,5.498820945314305,-0.0461473945019959,-2.9612926118499496,9.48626163109033,8.414828316262739,-7.430306101259276E-4,14.07103162631979,-3.1613413033895377,5.937037133195043,-2.9948903980262642,3.6713615617472115,0.7240986590688436,1.9561056132615215,3.9774017766250482,-0.38787549362537366,-1.4740365414389132,-13.562619720014498,-1.9391947685008102,12.292019970694133,-13.14958998190719,-14.717095246429414,-14.402401250474702,-2.270959612695094,-4.666417831549658,-5.340498705922771,7.4164225329875535,1.027390062804895,3.077818343990546,-20.782575919597207,15.498836401029378,1.9598770980108107,-7.566242939930957,-5.771499270550494,-4.29788171176507,14.802129534284765,1.1616410119829288,-14.81489047544852,-1.5929686317463156,9.334772931511486,-1.553419175245951,-1.8327539563401842,-2.3059661992943172,0.8987095072831144,-2.492526623228116,-1.0227417813204873,-6.821016552908564,1.2596317776427197,-7.733023165379423,-3.7449151645989787,2.337547266065168,0.07164545574460579,8.938827957403552,-3.152459050006037,3.611121384250291,-1.0685210251262776
neuralNetworkClass 	class coursework.ExampleEvolutionaryAlgorithm
INITIALISATION 	AUGMENTED
SELECTION 	TOURNAMENT
CROSSOVER 	TWO_POINT
MUTATION 	STANDARD
REPLACEMENT 	TOURNAMENT
ACTIVATION 	RELU
COOLING_RATE 	0.0011
TEMPERATURE 	100000.0
TOURNAMENT_SIZE 	10
maxGene 	3.0
minGene 	-3.0
populationSize 	110
maxEvaluations 	20000
mutateRate 	0.95
mutateChange 	1.6500000000000004
seed 	1646684373006
random 	java.util.Random@3ada9e37
numHidden 	11
numGenes 	102
Training Set Training
Fitness 0.016867437560606904