-6.472564754486686,3.297811551230086,-6.806997879579114,6.824014555804897,-3.0003924703880136,4.60469436510855,-3.1096756802598664,-4.6589638141708285,-3.3269778497444618,2.8892294856836322,-2.852809452398521,-1.7044965496789253,-3.048255222866639,-15.265861087411329,10.117418054480014,8.560087964988735,6.2505555147486795,-5.0872453242545586,7.807668190610874,-3.7836355756208473,5.022475927420296,-5.3051680648628565,1.664850069838224,4.706143659444603,-6.693018732792774,-8.345993407568313,6.288984994036056,4.718069045576968,-0.045527106227587044,-13.01296636810415,-7.0492322300761,6.977086311699464,8.626707023517735,-4.915859682959972,8.283838639697564,-9.45732501730565,1.7005555650024373,-13.282122246517334,1.6905246952368946,-6.728249162288783,4.976921152527904,-8.384658602134923,16.24281965659718,9.695631100950825,-3.392031911256584,-3.5066591243205023,-2.1036854456074003,4.751915356719505,4.53643059138461,-5.162812951772582,16.931104424789567,-6.588183187366363,7.020286370566367,-4.962095147853237,-6.936887520894705,-3.234196208872665,9.436070673571171,2.948675149166384,-3.6265965743895805,-0.3873284361906961,-3.215535257464638,-10.109759897198897,15.051572313464849,1.5993644677808927,-4.791561819087601,16.119770896709802,-8.015138599886328,-2.058251319913258,0.19692996971330556,-1.693472136934477,-1.5469779616388193,9.79451833146634,-0.2844621935760596,1.8808867657121473,-3.419024771764592,-6.757733597930283,5.103203674643794,8.604744702510082,-4.534579884988965,3.631686408956133,-2.878420986198278,1.6393035077946578,-11.661179552131037,-6.810311101221783,-14.433859420884076,-6.737117950916119,13.437505412672165,-4.691365354232449,-1.378820588816633,-1.578951218043228,-18.53924529915789,-5.258407395785362,-3.793164775283328,-6.942687488238038,-5.090967645446769,-8.73538336701691,-7.048039819584865,-6.8046264119219995,-6.429678473699733,13.665984350309227,0.007796814640182781,3.0345427628161357,-1.397046355904763,-1.4737308392020751,1.567926617457152,14.709654535664514,-12.847120817153192,-3.3202808101315444,4.594798221688505,-8.657843432603139,6.70736140708936,4.94874794922047,0.06028180635681535,-0.40964385779265067,-2.980786816650192,1.7460089008221447,-5.1861943120394915,-9.869337950057174,13.212590637133163,2.843914552158621,5.314656303367667,11.496694401309327,-13.49581749499371,-8.17894164231261,-4.744510953728549,3.6977182725503503,0.3305395751881406,-0.02214678546185045,4.764328563406836
neuralNetworkClass 	class coursework.ExampleEvolutionaryAlgorithm
INITIALISATION 	RANDOM
SELECTION 	TOURNAMENT
CROSSOVER 	UNIFORM
MUTATION 	STANDARD
REPLACEMENT 	WORST
ACTIVATION 	TANH
COOLING_RATE 	0.0011
TEMPERATURE 	100000.0
TOURNAMENT_SIZE 	90
maxGene 	0.5
minGene 	-0.5
populationSize 	110
maxEvaluations 	20000
mutateRate 	0.95
mutateChange 	1.6500000000000004
seed 	1646684373006
random 	java.util.Random@3ada9e37
numHidden 	14
numGenes 	129
Training Set Training
Fitness 0.027652536809958123