7.916197518228602,2.2485266886979103,12.526724752381824,6.5362689160521885,-2.6902815936968896,-0.03880810589737571,-1.8378768360033764,6.231085757112856,10.296375568732248,-7.787334904871178,5.94084172998919,14.568385726080985,6.957475856064626,1.8484343003485613,4.956715110448764,-1.4198696134299542,-2.2196460840138377,-6.464939619327943,-3.698167989712128,2.4160468564218345,-12.251302793474428,-5.347908573454059,-4.208612201159901,4.049022186451774,-9.857904615575984,1.0147536888623385,6.812231313044242,-2.7223497258036087,2.1506108668127064,2.6299978044639643,15.15930297700633,-2.989654293031135,0.1613411903175752,-7.238479684762963,9.244084829299663,-7.7927698066713855,-3.2873830053694277,-0.16006825279052794,2.7166000287202623,6.335299663184273,10.537646315406912,3.302286109644017,4.237426002615502,5.259171968282546,-0.6169054663189808,-7.519263806306119,-1.1813935898375192,7.144015798100993,2.539254940704126,-4.81687596484362,-16.727735069921785,-5.410944079210637,-4.542858958367406,8.668863687590056,-6.636847236096475,-5.3106512851852745,-0.6959982802642655,2.47151991783178,-2.9437238087688833,-1.1096839451511173,-1.8775674704076408,1.6550340891576574,-1.6668208677245602,-1.3461741371569547,-6.890572356729541,0.3135938511033505,-1.2796284454903093,3.896401783409444,0.2203912716400449,-4.864307879251076,-0.01917842461502417,5.689442952188042,1.9792958724662615,6.950965797301613,11.16434660938795,0.028130276040283952,6.839848134824777,10.613952405600187,2.4951651239079045,1.9299946507964911,5.24369741007043,7.201951179542219,6.294787623178836,-3.9340834771797573,4.11038770110871,-6.7352816592382005,11.695851790771508,-5.894373669287159,1.3199335512284787,7.311776392286783,3.647426374295065,-2.2234310527257533,-4.287435703720282,-4.341335613978261,-4.155270294024909,-7.160704756625928,-1.3186389950743385,2.47649881681771,-0.6638679227670021,-0.42566211290111067,2.0721742021840672,7.349767796751011,-1.1822668731642132,-8.345171903664209,-5.868610645470703,-1.9546781489205234,10.970724977138541,-0.054095537415840944,-3.894225642228088,1.2310772814624498,2.6291778232874803,-3.9237365434178644,-7.050182849212871,-4.994010057541351,-5.764198689637059,-7.581002177975122,-6.715367040582959,10.813407249516652,-4.049337560113641,9.448165013935657,3.2286935788373796,-3.84204725285287,2.7227571145939673,4.604326630000008,-1.0157001032809845,-4.568356881890288,5.966760557668374,7.206594353237162,-0.13510456524605186
neuralNetworkClass 	class coursework.ExampleEvolutionaryAlgorithm
INITIALISATION 	AUGMENTED
SELECTION 	TOURNAMENT
CROSSOVER 	TWO_POINT
MUTATION 	STANDARD
REPLACEMENT 	TOURNAMENT
ACTIVATION 	RELU
COOLING_RATE 	0.0011
TEMPERATURE 	100000.0
TOURNAMENT_SIZE 	90
maxGene 	3.0
minGene 	-3.0
populationSize 	110
maxEvaluations 	20000
mutateRate 	0.95
mutateChange 	1.6500000000000004
seed 	1646684373006
random 	java.util.Random@3ada9e37
numHidden 	14
numGenes 	129
Training Set Training
Fitness 0.025389187554080178