0.9613491416104685,-2.943437640156633,0.8233968834559278,2.666250751720634,-6.464396707262573,0.30379162634107715,-2.432060951359891,-1.102746530409311,-6.014985798756427,2.3318457206309473,-7.111092080600049,0.9844793234154903,5.291682989488496,2.0286781474430287,-0.011714754760774326,5.587763607104028,-0.9822023199372332,-8.426193283039536,-3.8332823369321174,-7.244094336368502,-7.431778301655104,11.847593752580497,-2.3469774960760965,0.24881109331978912,2.499697764463793,0.8967275593789914,2.810941249031627,-2.5167518182399182,0.8221680440613479,-7.328177539670508,-12.242049044360876,-5.42864932754767,0.7790296032195627,-9.99423079578902,0.14281202538919313,-3.3343876320208645,0.4893274089874584,11.871286118951964,-5.700888293258535,2.5468260941482663,11.065705945721989,0.9438964541737613,-2.0270664123223696,5.236342119850676,-3.1668697664639547,-6.508611218259301,10.299962374925096,-0.02710565805876275,3.7094818948750845,15.844015114754722,5.245138822866954,8.720704448002147,-7.75035762741677,11.38517943555506,-0.6251391450063224,3.5462574211477005,-1.3491945077734573,8.639507680289377,14.810805264057661,6.8686622216587985,15.503175732087081,-2.0437086315814224,3.359101011310825,10.022736517847173,4.942850926603107,-0.7466922283783486,2.5311104308206964,-2.33745909762834,7.168957426168774,-6.298982378000579,-2.5750665548289993,-3.9260490945481736,12.042713750737796,-1.057348197907925,-2.976959513256386,-9.135627361397413,2.585941357951219,-0.036669093321731516,-3.7527322783878105,1.586734230188867,1.2925454117507122,0.8952199604187658,-2.303776004404812,-5.421794790798241,1.1415157845173587,0.41964234878222495,11.67718160766021,-2.342423344934966,8.111013932826502,5.933820760476748,-10.385928687878346,-10.24222750666858,13.790116606435479,3.165722168282084,4.047505554808424,-2.949901054566544,-3.350586788514045,2.75394417026914,1.2108805338084387,-1.2556346370785816,3.113886298486902,1.2393373739745117,7.197865220116773,8.957629382611284,-10.434520002183069,-2.4998659115608906,-2.2167782876981894,18.974563938340715,7.642947301383596,10.56568430985354,-3.833792564945038,3.6599451227707487,-3.9931787632692934,10.334341381370857,0.7729971247305816,1.6976961197589198,-9.011166256595631,4.020040187246094,-4.829484938872744,2.5938737165770513,18.877621688727892,-8.52201060601481,9.226098462747103,-1.7216895563480765,-6.0582309855232985,-3.7963689029901158,1.8697767841474757,0.8723135667534816,1.1551950910230095
neuralNetworkClass 	class coursework.ExampleEvolutionaryAlgorithm
INITIALISATION 	RANDOM
SELECTION 	TOURNAMENT
CROSSOVER 	UNIFORM
MUTATION 	STANDARD
REPLACEMENT 	WORST
ACTIVATION 	TANH
COOLING_RATE 	9.000000000000001E-4
TEMPERATURE 	100000.0
TOURNAMENT_SIZE 	90
maxGene 	0.9999999999999999
minGene 	-0.9999999999999999
populationSize 	110
maxEvaluations 	20000
mutateRate 	0.95
mutateChange 	1.6500000000000004
seed 	1646684373006
random 	java.util.Random@3ada9e37
numHidden 	14
numGenes 	129
Training Set Training
Fitness 0.01879243980054455