0.33660094020669895,-1.6358715106343675,11.483608432269376,-3.197587287070464,-1.447884963105892,-3.039057127648835,-14.58973483404113,6.611812496418208,-11.363963180667843,-5.213276139771125,1.9324546330813792,-8.106885868688112,-11.934987312431804,-5.205603140520056,16.840857656934986,-1.8935612545737426,-1.9694031912404846,-10.135565842225143,-11.57547114515867,6.551390348311505,-3.2929461539721,-1.8508452761423317,1.4799091202227395,1.9854541489054451,6.483105878159568,-1.5215646603750255,0.18091372261995353,1.858847829886777,4.790362939416898,1.8269550587282186,-0.3145865163292365,0.13665067761882632,6.727582495710524,-6.634248692155534,-15.1176675959599,10.014192219220599,3.521309731287195,1.9685222749105158,-1.8625080991167202,-5.158162098906962,-11.32014344317238,0.015766408125592157,1.9752376198907688,-8.639534010668392,9.58898369525161,3.537505916162272,0.2367912911571155,-8.240914470505249,0.2140563045767232,5.057997888643392,5.185176123865599,4.851202207673993,0.16484988239241805,-7.896507705831263,-2.969529134110833,-3.5233054946934406,-1.3544105387619938,-1.4432470263312434,19.728053436523368,-5.07888075263058,6.704211467619663,-6.860286602245571,4.856401523409188,-6.345478340249953,-6.538756516477931,-1.4717041820289207,-3.340075937377799,-10.073018502728145,-18.259896003740195,-5.298921930341091,-1.703796978985154,-0.13171720308807444,3.2870299046045792,0.04614914610677889,3.0559320901738474,1.8242512452552906,-1.7397538475200292,-17.951849624327693,-2.9722557706430717,-1.727540594704677,-5.115602068218304,-11.249844342148396,-5.29097285593027,2.945156280285623,-4.9923277205553855,1.482700320404179,4.967731109730693,-4.702566277338509,1.515442066217175,-8.625075715985144,-11.51091925836323,0.2937988466225665,4.945671502612276,3.6104518404418418,10.29500767769799,-6.803522485183468,1.4677289553065416,-8.63671390624846,-3.046971911460153,-6.326069617536086,-3.1723415463888855,4.946652937109056,-5.154805185866605,11.258219192880496,-2.9206316783846784,-6.769614937219588,-13.55333984622751,4.565017312789761,-4.737399285678259,-1.4699067091467768,-2.9327080453391794,-3.1497854358716406,-1.5450469462530174,3.6940285453471486,1.4386912707691097,-6.987777009669475,-0.2333722180892055,-3.6388061202745168,9.632866798715654,1.7092460614774758,-1.5370065121280918,-6.7630774539082505,1.7777270378150876,-10.054069535669571,3.091446835376224,-1.3702059189274154,1.7884576460059476,-1.3560245572728036,0.3054706732103698
neuralNetworkClass 	class coursework.ExampleEvolutionaryAlgorithm
INITIALISATION 	RANDOM
SELECTION 	TOURNAMENT
CROSSOVER 	UNIFORM
MUTATION 	STANDARD
REPLACEMENT 	WORST
ACTIVATION 	TANH
COOLING_RATE 	0.0011
TEMPERATURE 	100000.0
TOURNAMENT_SIZE 	90
maxGene 	0.4
minGene 	-0.4
populationSize 	110
maxEvaluations 	20000
mutateRate 	0.95
mutateChange 	1.6500000000000004
seed 	1646684373006
random 	java.util.Random@3ada9e37
numHidden 	14
numGenes 	129
Training Set Training
Fitness 0.030231633286962243