11.551565435854087,-3.300118846604807,-9.244017580007315,1.7832174520035977,-7.159425003894828,4.960979455432739,11.566645907754223,-1.767907456773706,2.3998763610959806,-5.282794366009133,2.757814779396055,-3.8938641045073297,-6.23114200790054,-7.259988903882396,8.714735319132041,-9.252169447976176,3.2082192241974408,-10.780919845754614,2.7209542103244324,13.907986806512271,10.939746858148068,-10.055363671036774,9.378912969494316,2.705946023096545,-25.684342657534707,-7.073464567998407,-9.732013508937381,6.32580969400429,18.99214695498536,9.431725271825014,-10.700429694820302,-12.298831131205292,-10.13890530862625,16.997823118867842,-22.023126705885375,3.7857373477364913,-5.539342484723953,-8.55576457875655,11.452614052098681,-4.060291821387845,-2.0602052123185555,-9.24658667318869,-11.049130610624024,2.0815766112706413,-2.0064463987974364,16.683512357380557,26.479869709497926,4.362597489068513,-3.7347518397406816,-16.80010545445942,-11.689417668265243,-3.534037760342672,1.8784583561505404,5.72658444135892,2.181470645494321,2.7652051897603904,7.198935828503379,13.47183666885544,0.6793574119187822,6.961094468287682,1.3413068870588045,16.624476341343502,-2.7828633909733576,8.442235833767658,1.1683130480981667,0.2793875183633432,-3.0356689816934477,-3.955908790641085,-11.168886364904731,14.217074593168698,5.458816689853212,5.7985168801352565,3.68182459455796,-14.170283018797106,7.4542500863927526,1.319653216117687,13.604679008767123,0.9318840131373891,-2.1971653016665176,-6.049703373503531,13.61624246772139,3.2491709621986153,-0.2744551355669511,6.811048153878817,0.4462645574945192,-6.713054550242715,-4.131928650233994,6.065053072032651,-1.4433293981205804,-0.1429807443263984,-7.972462790205354,14.073942209805782,-8.449091350349171,0.7427772840680884,-13.853723324332039,-4.409311847573687,-5.475224190382872,-1.665081789297,24.00151443755835,5.683808276786132,-8.420190776316636,6.773104011458942,-15.960401143158611,-1.7498058856776995,-2.3203879644084138,-1.7713988234018165,-1.7097963308852826,-7.51419888892884,8.512940838398167,5.4579745328689695,14.934560587279703,-1.1970050489146367,-9.153852379703713,2.4840212142031355,15.230253113316016,-4.484608370099046,-11.603349065518916,-7.34006548662356,-0.9787217361838465,8.278585820292038,5.6784441107636585,-8.466644199760704,-5.82134029742665,-1.4508555751209702,8.522602361593346,1.7890861987322655,9.986154961248452,-3.0310800497061683,2.6858523120251565
neuralNetworkClass 	class coursework.ExampleEvolutionaryAlgorithm
INITIALISATION 	AUGMENTED
SELECTION 	TOURNAMENT
CROSSOVER 	TWO_POINT
MUTATION 	STANDARD
REPLACEMENT 	TOURNAMENT
ACTIVATION 	RELU
COOLING_RATE 	0.0011
TEMPERATURE 	100000.0
TOURNAMENT_SIZE 	5
maxGene 	3.0
minGene 	-3.0
populationSize 	110
maxEvaluations 	20000
mutateRate 	0.95
mutateChange 	1.6500000000000004
seed 	1646684373006
random 	java.util.Random@3ada9e37
numHidden 	14
numGenes 	129
Training Set Training
Fitness 0.014633565834327471