7.245914836242772,5.666975974063591,2.5364335888430602,-1.7817547316747029,-5.677754337337646,-9.868745667916015,0.9741420136273655,-0.135677135173788,2.1101510018283802,-1.1980930085558725,5.5622827497038205,-6.911279378424815,0.8273789927020321,-7.832523288163702,10.875980333180616,-4.104397857625561,7.0394107987469585,0.8725665626233043,-5.654943025321929,4.519827243904285,9.285200714302318,4.491315418115216,3.441600427483019,2.5691084912874276,10.395928404664026,-7.174563082488177,-0.12149454429779993,4.061181428932145,5.681651676052003,-5.740963416129153,-4.329754442901017,3.306761558260061,-1.5146403972604379,-4.16359711939535,11.175493089260135,9.816789768711942,4.966036076695139,-2.6495386914766943,-1.102936835862545,6.827702788614858,3.2219506549622636,-4.411448031538757,8.558016856806887,5.541204142319141,-1.0974943658431586,0.8786880773687074,7.303618038543705,2.465238165033533,3.1315747616482055,2.5634285225392013,0.647199425933553,-7.179387983280039,0.17738170093207195,-12.400013998344573,-1.2161506310881496,3.0929368800028296,-3.4964277490181157,-2.055823808789592,5.489194534766012,-7.23769801037621,-4.376752318904967,2.6722963782828657,-6.248590663973497,-0.4166778275344374,0.0023311118640716444,-9.320991896069394,-7.69705606995469,5.6159397878062,-0.279247200985548,-3.739218747282729,2.3743226284261043,-2.477407540934176,-6.050453169736096,1.1534420465248827,-3.914277745775223,2.0000941588684764,1.5890622125379466,6.088853399536597,6.772901006621156,3.904810912729067,-7.011901097701097,0.06973644898477538,-4.7375933431015635,8.907448361658618,1.875893224329701,-6.9668703324468435,2.9168527869982173,-0.471000750318622,-6.961520368520956,6.181967579279917,-0.48558938956382347,4.6121370062440175,-4.241927102950958,-7.289260086544607,0.5075246353971856,-4.627425004764191,-5.891284242714078,-5.314817005379368,1.874217676960087,-7.897357347740142,3.6635562449088486,14.507434588504628,4.531212278038411,-5.535430892962893,6.0187175837499804,6.807070079052506,-7.2285463216427175,4.3136933023314,7.125842140144206,4.194923425745469,-2.3305218096605893,-0.16793905378496632,1.3999949482027656,-5.949423984779635,-5.683566223577077,-1.7194050241232848,-7.068276977610095,-4.514113004135171,0.35241309481521643,-13.806731317868255,2.6316767999309523,2.1359185109210266,-0.9928758781773048,-9.860561154040742,2.2733085446305674,-4.47490494562692,-5.759219643217844,-3.3292672082743646,-0.6762280145268091
neuralNetworkClass 	class coursework.ExampleEvolutionaryAlgorithm
INITIALISATION 	AUGMENTED
SELECTION 	TOURNAMENT
CROSSOVER 	TWO_POINT
MUTATION 	STANDARD
REPLACEMENT 	TOURNAMENT
ACTIVATION 	RELU
COOLING_RATE 	0.0011
TEMPERATURE 	100000.0
TOURNAMENT_SIZE 	70
maxGene 	3.0
minGene 	-3.0
populationSize 	110
maxEvaluations 	20000
mutateRate 	0.95
mutateChange 	1.6500000000000004
seed 	1646684373006
random 	java.util.Random@3ada9e37
numHidden 	14
numGenes 	129
Training Set Training
Fitness 0.024036460953218125