-0.5418841085369035,-0.26643846915508274,3.0117982079132357,3.838314890769153,2.7857354430676935,1.988902392315215,-6.182154421041641,4.287993945969996,-1.8906831423724562,-5.594248669490996,4.113522765148035,-7.04312463009628,-0.9342279560528919,5.36852217371505,9.344282551347133,-9.882958049914528,-4.39528180875571,2.928769821459892,3.725245347151695,0.17326846372527882,-7.250009102541435,1.362035796839249,5.858465928635242,-6.993960867038249,-5.431889751286931,10.854567725558601,2.066548292549861,-2.3223857584162033,5.65809146554477,-1.8751661804923678,0.5528952563233736,-9.674602341862219,2.5531654289695744,-4.9172026508101805,-3.30619025901669,7.683660618867128,-14.061356281245379,-0.48453470401827126,-0.7499223195263518,1.578969090017325,6.7913365887175985,1.1602704048683687,4.805591558510139,-7.1635383354332,15.034602254614958,11.438394042362017,1.5979915034264582,4.863420094065313,9.079281545762969,-9.681815688771694,12.6012243020922,-8.956627099024063,-1.2655616484134082,11.914367548240673,-5.497658867726803,-0.7217320189496927,1.9730024224960334,-4.1981950448995144,-6.965220588687994,4.158048768493372,-2.4239179701147107,1.4330845625380926,13.637792010081593,2.3162627099945396,-4.094115061764417,1.6972927594452587,-7.693386258379066,3.7471310271385594,11.570857719137763,-1.1071482152554184,3.6803719964547446,7.363802791507425,-8.402171854083143,11.660359638514734,2.084674794421997,6.16931465355941,-7.835397122759227,-1.1180865009752807,-1.1467724360967706,3.541073807227792,-4.1773509487157545,-7.148555019587617,-7.502245246578481,9.74647951339927,-3.346843308031154,-0.19385519407671659,4.477922394198428,-6.538405471640846,2.2009523865539267,-13.617902879162733,-9.70712006088284,2.906574680729542,2.31940709211133,0.8677943901939704,-1.6265360751330684,11.840861718307824,3.5856507366662758,-8.72275106008101,2.849022941490296,-7.622056717917115,2.459081545655571,-4.350036052085479,0.6952494980112771,-11.116223141027652,-0.4426756486798826,0.7080740012271836,-7.910673319724177,-8.335224592654296,5.062471794046742,3.111513027729033,-5.393886048772348,-2.9694532649396415,16.096606422053952,-11.849888358655765,1.3840258200346165,-15.266623526693483,-1.2307218658485732,-2.902923545915505,15.671671956834773,5.590741697126447,6.900783202269702,-0.9786522579905732,-5.963745523522812,9.888938000973697,-4.2862394193638345,0.016880539203807388,-5.477862290856291,-2.554798920984366,-6.238205116425429
neuralNetworkClass 	class coursework.ExampleEvolutionaryAlgorithm
INITIALISATION 	AUGMENTED
SELECTION 	TOURNAMENT
CROSSOVER 	ONE_POINT
MUTATION 	STANDARD
REPLACEMENT 	TOURNAMENT
ACTIVATION 	RELU
COOLING_RATE 	0.0011
TEMPERATURE 	100000.0
TOURNAMENT_SIZE 	90
maxGene 	3.0
minGene 	-3.0
populationSize 	110
maxEvaluations 	20000
mutateRate 	0.95
mutateChange 	1.6500000000000004
seed 	1646684373006
random 	java.util.Random@3ada9e37
numHidden 	14
numGenes 	129
Training Set Training
Fitness 0.04422032748338558