-4.648029007631413,5.672772547393684,-2.6224323026326326,-7.532301083942433,-3.579188167029813,0.6149392432603573,1.7142710439459066,-0.018274214016134493,5.535972917377375,-0.06014556754631162,-4.4438671642776635,-7.363567297918779,-10.324356059325703,6.122634329970907,-2.1303502425649654,-8.807497466068831,5.7187469158921225,-6.382741216723799,-5.671802528720823,0.7853817645131631,5.185952668464012,9.99326336727441,-2.6289493440161165,2.387644419798927,0.016504685485297266,6.145135947614687,6.670419291558598,-1.514440203012846,-2.2552964798236754,2.2979407948376114,3.445161231624432,-8.35212288974499,8.286390850094485,-8.186446909212338,11.200064171708835,-4.060547613687721,2.4797586244438445,0.27024456404529307,7.3473284102702525,9.294451280219931,-6.703711015423002,3.2942226555273315,-12.767891051941394,0.1634716669237064,8.746619733437848,-5.934918338869917,1.3867174087274932,-5.713962127558947,11.852610540490353,4.44798840461178,-4.97168583269472,-0.38547164665271527,3.840872355429295,4.423778474774255,2.5426560199352872,0.3777097094712527,-4.765495403266098,-12.855995195408765,0.5117009631171658,-1.0783441359555752,8.128770520600948,0.3813342363612673,5.6956038091049415,-4.097055593888383,4.1329259340039775,-3.9234506242300053,-2.6301285801152554,-16.516372558563845,9.29439794680283,6.1017754257788415,6.296182328314256,2.0895882018920346,-0.3070005985987212,0.815403185609112,1.6206076929868463,0.44350004269970533,-5.448155476461046,3.5275484321781665,8.6457047146392,-4.229283846612313,-8.24188223878151,-5.724260844584919,-0.33680856422281735,0.3010263978747063,-12.529165806198073,3.8788868873760762,-6.288358639475394,-0.7486712917234257,-1.5357909420029179,-4.3065457931542515,-10.361124281883036,2.023869322796905,12.864243375560726,2.9890928835546093,9.251460066179598,-2.008181016650979,4.932614408270356,0.6918833534766975,-2.9760478957539087,-13.63144250707429,6.335945331966057,1.9616686270551824,5.168277317995871,-6.480847935224681,2.9100103348319957,6.22583306036045,-4.821153807594303,3.7721212806352353,2.337420660258732,-0.9147638247000698,-0.12824085252189654,0.9766898034762703,11.10381497732518,-8.711128157288766,4.926682093533881,3.5253424529137636,-6.66843136210686,-2.307817610217308,-8.53229245586766,-10.576398157242531,0.8615148510900807,4.569814398467564,7.634751699545937,8.888559416581618,-16.787840985283992,5.346967243900528,-7.4502277373904295,-4.20520119025626,1.6423506366986889
neuralNetworkClass 	class coursework.ExampleEvolutionaryAlgorithm
INITIALISATION 	AUGMENTED
SELECTION 	TOURNAMENT
CROSSOVER 	TWO_POINT
MUTATION 	STANDARD
REPLACEMENT 	TOURNAMENT
ACTIVATION 	RELU
COOLING_RATE 	0.0011
TEMPERATURE 	100000.0
TOURNAMENT_SIZE 	90
maxGene 	3.0
minGene 	-3.0
populationSize 	110
maxEvaluations 	20000
mutateRate 	0.95
mutateChange 	1.6500000000000004
seed 	1646684373006
random 	java.util.Random@3ada9e37
numHidden 	14
numGenes 	129
Training Set Training
Fitness 0.02547519185907088