2.9396967505836926,13.516922373715964,-0.9708189518905219,11.08959763022296,0.635941976897406,-1.18890035594257,-5.297044542331333,0.24026388029248613,-6.442098244928337,1.6672412724147083,-5.711314570076775,2.8258276351716476,-0.46391605265313807,-4.78619754905603,-4.11099940770379,-4.930565885032419,4.978926727149593,2.450926112008549,6.673796358831233,4.459576103747852,-2.8219982418670764,4.794224782146386,0.9342216692830458,-3.999639907970332,1.041946522872668,-1.2230741073452678,0.42395610526597505,1.9911491896968316,0.2210731493207203,6.058950735680598,-4.468435199424184,-9.073070459426877,-1.542346321147264,1.5114232390207718,-1.1804861996172678,-7.800584275195112,-0.4425750471021761,-1.8974782654555469,-5.055273413483859,3.355085114969116,-3.7240949927409908,4.655512438019834,-2.557641348517776,-3.6199984783393617,0.4486588288840343,3.9322226900042496,1.0087651166695863,5.432461250931337,1.167698661747116,-9.034862622900024,2.061431085991165,6.983165607821091,-4.033248415637067,-2.38128085542343,1.3329336622004806,4.948797298276328,0.6261706191470187,0.2054783865911114,-4.077199985540013,-0.4314527783395139,-5.556180879151396,-1.0852603156037288,4.785422758032614,3.424314609541577,-3.8587034957447415,-0.9180259384646376,-5.826007720378425,-6.0060304384914565,0.43542869681128105,7.7839855054447025,-2.4603005647754683,0.753244749534526,2.30298703200979,1.0901671112082436,-0.04773693688448599,6.855489610094294,6.202149578955398,-2.8675418400253134,-5.187869938241306,-5.380303182099981,1.6372652742704963,-4.373439285912335,-5.48350610193301,1.045879623570844,4.36402752903308,-5.465608296155678,-0.629424313716366,-0.7469488161101907,-3.219788701428767,-5.9473274063646615,-1.147593879648261,-3.9512699905313378,2.232672976269113,0.9949761136720792,-5.1563541487299,1.1400665972414963,3.99436368246743,2.5544755725252815,6.7307774349162255,-5.61464193473447,6.4756468469654385,1.1920610108447498,0.16029927838200564,3.3108892707515807,2.8822643896182814,-1.3605892074961563,-4.601651061753821,-4.468286580492104,-7.48216328231928,-7.660973841040593,0.5494791359589652,-7.283849056846521,1.0018348571986966,1.9131621339985774,-7.018890307792605,-2.32753432464808,-1.065495731580369,-4.888993882298024,3.8794693691615194,1.8123418803796092,0.3882699148904445,-4.271621038566521,-2.5203527814680013,-2.990538790744175,-5.959301733150715,6.176657263179478,1.4666603838210834,-0.12735001875758023,-2.162861139737359
neuralNetworkClass 	class coursework.ExampleEvolutionaryAlgorithm
INITIALISATION 	RANDOM
SELECTION 	TOURNAMENT
CROSSOVER 	UNIFORM
MUTATION 	STANDARD
REPLACEMENT 	WORST
ACTIVATION 	STEP
COOLING_RATE 	0.0011
TEMPERATURE 	100000.0
TOURNAMENT_SIZE 	90
maxGene 	3.0
minGene 	-3.0
populationSize 	110
maxEvaluations 	20000
mutateRate 	0.95
mutateChange 	1.6500000000000004
seed 	1646684373006
random 	java.util.Random@3ada9e37
numHidden 	14
numGenes 	129
Training Set Training
Fitness 0.08118160491719778