3.183732748000603,1.3370429146469842,5.249329451666659,4.407827785436062,3.8657443088807835,9.896943289706337,-2.951803457728904,8.178402888192288,-1.9612399732045285,-11.197829195921985,4.7707469333422665,8.152984549671078,6.13789705718843,15.227920277618695,-1.6747050842557307,-13.56900811814968,-6.45166652491864,0.07519445747062692,-13.357259412398452,3.478500083332289,9.400726549141194,1.685314639905629,11.472498160053135,0.10247610090710069,-4.565737891676527,3.3914441948428253,-8.532295414698453,2.7070649810077416,1.1748325773210482,5.08811872263999,-1.8422076386163404,1.2244440573848259,-0.16361184411707352,-2.242802026710012,6.885806016626043,-5.311066134760037,-2.0984474589496847,-14.666422534830838,-2.9453595544377764,3.6867267048633074,3.4231411292119276,2.8764187889764674,-0.5193253907119142,-5.1352346157318,-0.23873290804836733,-11.018420338031879,1.9950717415727226,6.370977048457051,-3.2187331571079403,3.2783469960818206,-9.987685922311794,11.374238328885458,-9.914275775916364,-0.15150227936914007,-9.447663235566717,-1.3738800166139704,-13.610581479380047,-8.561865785081103,-6.893077517880652,-3.072368148442793,-2.7809305652698413,1.7526629749026408,-1.8671846770447775,5.302859480274632,16.980297909496322,4.482707007948386,5.533309482258936,0.30755693499355985,-0.017730467253154636,-8.59633561497439,-11.493135350252892,-11.235568705214265,-7.9039664205739095,-7.1759526375244445,3.545597640521729,-1.8319732196027347,-12.604382502974355,-6.922342127945207,3.5582957752157487,0.39078791739312946,-1.108515821006117,-2.087922189933277,0.07189543599642612,3.798053432452619,3.6140056848194932,-3.029126122981779,-10.21783493355569,8.543403842551491,6.190153744156148,-6.615192486831845E-4,8.82862951110824,-4.83304151884908,-0.4203446263671875,6.673510847553761,1.6605690007075928,2.0578884542124736,-0.10259296324972578,8.809643537597104,-3.8597765369567867,1.368585023407047,0.3469896592587105,6.956201733276696,-5.203870968080252,8.481593882749728,-2.0743279818971887,-5.147095164892982,-1.7061889849990388,2.731598322231456,5.484337595320737,0.411241344502419,-3.467145389166207,-10.32659437802043,16.78631739003344,13.628309898337918,9.558670637912702,5.463063267303955,-4.392843376277844,-1.4592380851414664,16.494071655382363,3.2329033239251874,3.2028920313753133,-6.591958103683529,-9.69993044396106,3.6924852074659675,-14.35253873817304,1.6840445525374683,7.017103700494166,13.376078889458705,0.3004147004026603
neuralNetworkClass 	class coursework.ExampleEvolutionaryAlgorithm
INITIALISATION 	RANDOM
SELECTION 	TOURNAMENT
CROSSOVER 	UNIFORM
MUTATION 	STANDARD
REPLACEMENT 	WORST
ACTIVATION 	TANH
COOLING_RATE 	0.0011
TEMPERATURE 	100000.0
TOURNAMENT_SIZE 	90
maxGene 	0.6
minGene 	-0.6
populationSize 	110
maxEvaluations 	20000
mutateRate 	0.95
mutateChange 	1.6500000000000004
seed 	1646684373006
random 	java.util.Random@3ada9e37
numHidden 	14
numGenes 	129
Training Set Training
Fitness 0.03524702374502582