14.099340073451895,5.230005662993079,13.432542751255346,6.947387874720716,0.472600879322405,10.896241117191108,-0.5218571038088236,-1.2934250295754577,3.167119664243848,-11.995143750564807,-4.7349306163023765,-13.663775200084139,-11.013963440124117,-11.2793598554336,-10.048054993243372,-3.7996363026416713,6.03371837112283,-6.890144479778998,-3.611314517690859,-1.7964250624436175,2.374959548811189,-5.8146299636811385,2.8144813760242213,-9.21307957597136,-10.65908122091969,-7.247404040640644,14.414056922235549,-19.21656914876528,2.184855192182151,-7.3782928024584375,-3.3000810034794608,13.686715902988292,-8.545599805099505,1.1871451344492723,7.120730640766647,4.0905450783255315,-4.201727333112514,4.048474010247412,10.365864283401104,-5.100956708048097,5.4140170000965195,-6.192807272962512,-21.60638646178009,3.036446442871121,0.4695154703869937,3.172156554901035,7.355464286555039,-0.3478463948217545,-18.85530191456131,2.741810002477939,14.221243503599405,3.5211160951663336,4.541045873260417,-5.045522575005153,0.3298944314483201,-8.318606161539147,-3.0048469989463715,-4.641491984557742,7.648039188073604,15.83001069736709,6.658789963240359,-14.1478874652036,-5.836581649958853,4.665036181703766,11.821573965296396,15.378284803488823,-5.977282682565655,8.516117961624273,-8.196466492019068,14.983238875792518,13.043208872338628,2.1974843414225607,4.4335197687060095,9.107345942589637,6.685065373574402,-10.00326334606701,-3.9444086240095872,6.125600557335392,2.366117840974086,8.079545700071893,4.919171029170828,2.340188404098198,0.03325436812898541,-3.655336903748463,9.10994373812304,-7.899217722513095,-13.075419086342267,-3.294543190245294,-2.5828589088218603,2.288733115237757,-2.9361177347688594,3.353476145969646,-1.990978792087101,2.7993735809562104,-11.076154045336823,12.526348399115697,-10.197965605440714,17.842196207296574,3.626934609369153,-4.843394498400164,6.01033031030229,-19.698282613635243,9.77271167192277,0.26983895559621196,0.3509355774244476,-3.7376161381286837,-3.812151063314123,-0.12012803898982671,0.30610514743651684,0.39892466451898123,7.589965860863554,1.9454437324053444,4.2580192164485835,-7.480899752393158,-4.861128105007193,-1.4928132390501183,5.412171957211822,-10.831153798173924,2.018707363456289,4.765486409541616,-11.98553192633845,-3.679645156418486,8.151894980286453,5.98909768541299,-5.80678314110672,-4.588311975601028,1.4407432046729163,4.0612012864001095,8.570885059038087
neuralNetworkClass 	class coursework.ExampleEvolutionaryAlgorithm
INITIALISATION 	AUGMENTED
SELECTION 	TOURNAMENT
CROSSOVER 	TWO_POINT
MUTATION 	STANDARD
REPLACEMENT 	TOURNAMENT
ACTIVATION 	RELU
COOLING_RATE 	0.0011
TEMPERATURE 	100000.0
TOURNAMENT_SIZE 	90
maxGene 	3.0
minGene 	-3.0
populationSize 	110
maxEvaluations 	20000
mutateRate 	0.95
mutateChange 	1.6500000000000004
seed 	1646684373006
random 	java.util.Random@3ada9e37
numHidden 	14
numGenes 	129
Training Set Training
Fitness 0.016849765967030264