6.013058564000355,9.18316874952956,-2.200689666439583,-12.918282642492061,-3.802029581448524,-10.297458609438046,-11.82241659838055,0.06360884145895707,-17.074309319287877,-8.395876710840845,2.248087295363189,6.058305263424149,5.9077450860938985,7.151635615926636,7.336143480399505,-0.22447139720534537,-6.779293900670682,-15.550671214990462,-11.17440408040686,-1.258801478918934,-8.183005763803752,-0.6460189198057593,-0.24031752325992883,4.244352690746233,12.644478703602328,0.9331308088586532,-10.195152055639483,-5.925172882967441,-0.8114662942801445,-10.377442466600238,6.4128390179150045,-8.86892265598365,-11.759552301162683,-6.739363522509594,3.7004046568988525,-0.5041178075231656,-14.32618795362873,-7.010700026795158,6.6374090088885715,10.433532089864574,2.8257523302740344,2.110950536483264,1.8431509290933663,3.305461975925855,-6.7673998189886415,-9.922224515315925,-0.9128342989479581,14.832147241223073,14.709835627149753,-5.485471859715491,-0.3752292220171878,-5.10255552857938,-0.7061322265810883,-11.262054964468152,12.5691010663839,4.547414053178292,-7.421547424074069,4.435580651262091,-1.8896365857739301,-6.4709784458085196,-8.318717156251672,10.903949019248975,10.289525260730215,-0.20502149491538013,0.3665208307147827,2.6704733955796502,-8.882364454774196,-1.2306652193467178,-6.723226401739414,4.285850890871863,2.903461518695295,-5.8756966509665425,-12.356746925228748,-5.126948256709887,16.561108761790074,-19.787851228371444,-0.1544107709156446,8.656279967681211,-4.084224277469338,-2.4731627101198885,4.183005698919585,-7.5821665776867055,-3.7402202133191222,8.738500732252742,6.846296730336762,-5.807091679401845,10.03247535000695,-2.450371246128725,-10.254717133923597,-11.087995091092127,-6.143331385865434,-1.9847376302140205,6.449152498017407,-1.96230025583543,-0.4893820175700423,4.90032065238398,9.237335142791329,6.017158060867359,-1.4013045967566748,10.365552638675005,-6.513715178768031,-0.5161299329466669,10.90526483774468,8.329465430661587,1.7827854637758724,12.141706758300147,-4.424678443385947,-4.903060950695387,-6.742874280765372,0.20149352765093909,13.961918749929277,6.776097031575111,6.419725499544706,-0.6350811311428721,-2.8356073267533963,-0.17663613128141176,11.912529170618763,-14.887305478638213,-2.1471181638945787,-3.3375042884657984,3.7517160425062688,-2.7464980835410318,-1.5663790024817335,10.566733709708695,-3.108986570814027,-7.272637650097062,-7.494027414508585,11.974086764220942,-8.874869944018144
neuralNetworkClass 	class coursework.ExampleEvolutionaryAlgorithm
INITIALISATION 	AUGMENTED
SELECTION 	TOURNAMENT
CROSSOVER 	UNIFORM
MUTATION 	STANDARD
REPLACEMENT 	TOURNAMENT
ACTIVATION 	RELU
COOLING_RATE 	0.0011
TEMPERATURE 	100000.0
TOURNAMENT_SIZE 	90
maxGene 	3.0
minGene 	-3.0
populationSize 	110
maxEvaluations 	20000
mutateRate 	0.95
mutateChange 	1.6500000000000004
seed 	1646684373006
random 	java.util.Random@3ada9e37
numHidden 	14
numGenes 	129
Training Set Training
Fitness 0.10093600311515048