-17.37786913570566,-7.833765773437657,6.200107766061077,-5.395215487484925,25.557322812857727,-5.847143070903574,-7.657497249514373,-3.2001122401451454,-2.8459849059211333,-1.3483073933110692,3.2476492413534164,15.158076164500434,-6.166126724394228,-8.148900992297726,-2.4075799621559026,3.3301597518119017,9.459907290361578,24.097141808643563,9.752831603492792,-15.978191716701984,7.665485528602179,-9.256925952724721,-15.459306033103374,-25.45684251249886,3.4800280501207688,-3.054900971900368,15.287398031550998,4.624639236419087,7.742429017386831,5.958653500707836,7.213350216607349,3.836671176513639,17.447558463120316,13.590618217061333,-12.405383646240304,-7.329239811359161,12.862989118015644,8.35153614316496,-5.051118000901992,6.846999401323182,-14.567608505467382,-14.32191099883712,11.910880683474183,-9.242143452005731,24.1488361745835,13.67664575896209,15.03389262482709,-2.659421218527246,-0.06445808479328585,-8.845249160552363,12.979768131417524,-16.05791059209065,8.90326891689471,-10.186973675637889,-5.427150341688037,19.651523028622492,2.7985514549538326,-0.5551930442873529,10.333270941748912,9.40502760165312,-1.8452595789476938,-7.660795969983939,-7.2557443930186185,-1.808633876172677,8.044868140670784,-0.9701932948312653,-2.6572653195191496,-6.576766879949487,-8.775885322065442,5.434167251699589,-7.3855777116015595,-8.250826736318164,0.8517026099042493,2.8053954668604426,9.25842785177193,8.447057740334476,4.882262269270916,6.683281564314422,-7.599304412143015,2.1178947384969566,-6.947055372389459,-11.150398979301523,7.92055860141844,-10.271931341829005,-6.267473646039514,0.6417772253545069,20.799834258887458,0.4858077864118151,2.771129066359947,-9.546687481094484,15.225517393559086,2.5576900447960753,5.002461121002856,-6.145507401591551,14.22065723201066,7.419420908026332,12.5257741962659,-8.608012118597639,7.063355648654284,0.25086593366466126,-0.7529068020296901,3.2637376279763957,-16.905428420948375,20.409093296673078,-11.139540882715266,-10.174372170491193,-2.1659489351645975,-11.993751597149236,0.6732147662941674,8.406821972919555,0.5460910467440137,3.847968773676957,-13.346114326819535,-9.120536379339795,3.7508623116207414,5.0794236783076485,6.896963292025811,-7.2111908237822,-3.9243762179885966,2.250577604196076,-2.5642527249998466,-5.751059897692112,2.0656311990489797,-9.289170487392735,-4.188151144549158,0.4971748146407968,11.324197344320105,-2.242811428764254,5.967631126688097
neuralNetworkClass 	class coursework.ExampleEvolutionaryAlgorithm
INITIALISATION 	AUGMENTED
SELECTION 	ROUTE_RANK
CROSSOVER 	TWO_POINT
MUTATION 	STANDARD
REPLACEMENT 	TOURNAMENT
ACTIVATION 	RELU
COOLING_RATE 	0.0011
TEMPERATURE 	100000.0
TOURNAMENT_SIZE 	10
maxGene 	3.0
minGene 	-3.0
populationSize 	110
maxEvaluations 	20000
mutateRate 	0.95
mutateChange 	1.6500000000000004
seed 	1646684373006
random 	java.util.Random@3ada9e37
numHidden 	14
numGenes 	129
Training Set Training
Fitness 0.01912999360017835