-13.616638341957914,-8.798274784491905,1.541860258151738,-0.818076496096058,7.983338156636039,12.385285161866879,1.0235636542832038,9.187146321573262,6.243894035903995,4.127201654825644,5.593025030361186,9.99379926019793,-3.362327634241238,-3.330316331518768,5.378751529615496,6.347714831589621,-4.432593367583542,-7.2464966248650455,-12.631211323821786,7.384335304160718,1.9444886821841667,-5.6742537739373935,1.2894033414488435,-5.457028869409573,1.8167256089339459,9.787250110905303,11.90563017445431,3.548455225796104,-4.901259334156136,-14.013783965385342,0.5180346958159472,-7.93899369261316,15.334644956606953,2.3625181214216475,3.02496961850911,1.211918868109402,-0.013722644753694446,5.732790174293179,2.752018021777385,6.79699033288672,3.2414837508360925,-11.17059025956453,10.720245469922293,3.3913941021858394,14.875577234139412,0.4170500132824104,-6.667701462278917,8.029003256670778,7.77529360185382,-3.2414838228115954,7.600314691695367,4.955969149221245,5.548227259268537,4.937128386716565,-2.2779742703806116,-2.1773494152540165,3.791906171067536,2.76596186543875,3.281363132610358,0.11979325998469781,4.335334505458389,-3.725198324361636,-2.0927096829516483,2.7441500342829883,5.742005906580564,-0.7362843603642046,1.4195153451030436,6.545532064626082,-4.9229419934008405,-6.252305241475455,12.722152681812146,7.2615784928214575,-5.207582534806572,-9.110139165331931,2.376329286227741,-5.761673479104697,-1.2775520535657945,2.5812846844925375,7.9401509915413415,-0.23603572331360478,17.358794360109847,1.6235058779413105,9.559364324072227,3.7099416395757263,-10.063219462311192,2.705392873560994,14.324476468322969,-1.6220851874996232,3.5168961111791956,-4.010971680421543,9.630010457891316,-6.407205950691067,-9.416425284742877,14.42985129074714,-1.2709970828560841,-4.988535208168791,0.9596420015218072,0.8543358811542578,-10.97923474793209,7.133543909061197,1.4984799207600545,-6.795968897027516,-6.057641812276918,-0.04516512184346588,4.717129209107176,2.1278348312512323,-6.295853563126441,1.995940453926158,9.222220612452865,-1.935078543969344,-15.482774913154815,-1.432214028518601,0.15680086903280444,-5.791209703570315,6.9554288666079405,-7.947391752863997,-0.7402138033500618,-0.27155477344007206,-4.222939914676173,9.88325781338925,-1.4190452591996956,5.645769486450828,-3.848609475264916,-7.254539839378622,14.083053936895311,1.3786993415707514,-0.9575849431708745,-3.89301988819029,-14.411222902436757
neuralNetworkClass 	class coursework.ExampleEvolutionaryAlgorithm
INITIALISATION 	AUGMENTED
SELECTION 	TOURNAMENT
CROSSOVER 	UNIFORM
MUTATION 	STANDARD
REPLACEMENT 	TOURNAMENT
ACTIVATION 	RELU
COOLING_RATE 	0.0011
TEMPERATURE 	100000.0
TOURNAMENT_SIZE 	90
maxGene 	3.0
minGene 	-3.0
populationSize 	110
maxEvaluations 	20000
mutateRate 	0.95
mutateChange 	1.6500000000000004
seed 	1646684373006
random 	java.util.Random@3ada9e37
numHidden 	14
numGenes 	129
Training Set Training
Fitness 0.02519496896107812