-18.998553872631398,-4.813086034693923,5.598518435566724,7.227318484181117,-0.9250739045478991,1.1886232530951242,5.207340079511166,22.16021283583114,0.24327098762148225,4.598005207504055,7.056375903382068,-8.23215529305454,-1.1277224994318091,12.01734494550569,-2.427598585787143,3.8778605351869544,13.05784114752147,-1.2483294915997742,-2.1887189638401754,-2.46020215358047,11.168100399495914,1.5956080398861374,1.7522263620066028,6.499589253689349,0.02116697924729305,-8.388563450976307,0.38972133510720663,-5.694578515277339,15.9236768828584,10.091446576687346,0.242682503900836,-2.8066749901040886,4.843439168686205,-8.157374246189189,-7.632782315749692,8.364544068146152,3.3250088382858616,-2.2858810527989366,16.01364511469576,-4.9820936219725995,-18.869942344181965,9.157832314422809,0.860232936520335,0.3390852475563291,4.394959024471509,4.869970563746103,-13.364587286727316,0.4248166494438692,21.54605704791691,-10.193779686583536,-2.942980157408,-2.4161908621184898,3.948629813136181,-5.604285250833232,1.6214098813949978,4.5072532687085,-19.111390082135863,2.848833375954845,-2.1829026153486346,13.340509191888467,5.596665850347447,-5.488682023051268,1.5668592718163517,4.013725687922301,-0.4776989548766313,-5.537897918554069,-0.8809574567382512,-4.397186928508581,-12.948830227986516,8.684677046120513,-7.386885774017832,-8.95663515185554,-15.618143261415963,12.261737713930007,0.03628481606910405,-2.9412040778115554,9.88891753792185,-1.249725275422982,0.21733772191617184,-6.25986398727315,-0.8029825738554868,-0.9108017298207445,7.67059100825387,7.178588422211437,0.3265606863005628,-17.725995381059185,2.907215093967894,14.353138831929703,-10.15575801352117,-10.44708366748947,-18.72707126894231,-3.0858333738234602,-5.337495825664508,-3.743651905791711,12.150389240146385,-1.2698143963122872,-4.070069735577394,2.1164743229434118,-5.368605793957668,1.5285137746174229,2.6401453631855,6.116094761255631,0.8183039258731988,-12.488158971251604,18.809851664276707,0.4259160751522115,-10.944105713375967,4.371337378798968,-0.9628356224488068,2.3967918141434605,5.224145196280899,-0.8568844573610939,5.949467380051322,2.218381090210351,15.989267355767524,-6.881466414963285,6.435549833717021,-0.5118889916175373,-1.4854347905108716,-4.180003806764552,-0.820166245382195,3.9042501890582244,-12.12546640747176,5.442582887878867,-14.622948626883584,-10.645681035569767,10.394879531164657,5.388004866513935,-8.996226164947595
neuralNetworkClass 	class coursework.ExampleEvolutionaryAlgorithm
INITIALISATION 	RANDOM
SELECTION 	TOURNAMENT
CROSSOVER 	UNIFORM
MUTATION 	STANDARD
REPLACEMENT 	TOURNAMENT
ACTIVATION 	RELU
COOLING_RATE 	0.0011
TEMPERATURE 	100000.0
TOURNAMENT_SIZE 	90
maxGene 	3.0
minGene 	-3.0
populationSize 	110
maxEvaluations 	20000
mutateRate 	0.95
mutateChange 	1.6500000000000004
seed 	1646684373006
random 	java.util.Random@3ada9e37
numHidden 	14
numGenes 	129
Training Set Training
Fitness 0.01296118941384438