-0.8452904187587489,7.881399519627633,3.9926257628387516,-4.471411420041341,16.566010396871967,15.40296459041574,-5.85972430458248,-5.368673649969193,-3.51147697191443,17.60963492442314,3.072381642765844,5.228436503556653,7.160536758050833,4.651280462099036,-1.6698316703975635,-6.774497776290298,13.570099352084759,-9.526584702888803,4.2196440853679835,-8.204926109356851,-3.797889930122892,12.168583020793129,4.867662316943823,-8.396858399455757,7.165282604119739,1.0638619255399107,-2.137582369494863,-12.465609921604612,5.688411486456204,12.159610729828717,-1.9394564552281226,13.602655049724069,-2.855975458466454,2.132086986437441,-9.428187998328351,-10.785123832988658,-7.492062734674986,2.819135110711745,-2.3570701692939426,3.5773006353727927,2.6888010189702687,0.911030128349819,0.6631863345907494,-6.464262104869453,4.113242182141496,-4.737772974050384,9.64139071956078,-12.36259925054967,-7.204891343105329,5.996889868692195,7.1542240280933935,16.818501190079267,13.300228658138124,3.4867240465666214,0.5489839615135725,-1.5668567023506954,9.324034297550888,5.055210164629953,-5.47075630237494,-11.007653253213352,-13.85279263388977,2.812889591972592,-2.6069194850162516,-7.995938260189893,-14.49724992356551,6.353046170770504,12.47312398736128,2.341440619780565,-0.4917940139882129,5.966768297918533,8.868122572967135,0.9059656765746817,5.005928530103673,-5.600360801512624,-0.61260115937983,12.464123323120553,-3.5713553736972132,-7.867880193996202,-2.6463532986503626,7.236456743857601,5.852908581848073,-4.4199121063777,-3.610107614376985,-5.987059458867563,2.929137031894852,-3.8756071027530705,5.829541600142527,4.064392171379682,-17.827575802450816,1.1133085188127776,-3.11270998869551,-0.2750475767381131,8.868652862743552,-3.781204491517519,15.36485712067726,1.7294091106560314,-1.3300804683778154,0.6577898758188567,5.092181686386685,-3.6776887447261144,0.4545861810391685,-14.719288038990173,7.570178110394487,-0.985533644056872,2.8956265700504282,-10.55583406588758,-17.025484037097357,-6.488967777226138,-4.66262069533129,0.3887315361825907,-0.055312011120454585,9.777929206934171,2.681961041140914,9.010210931346592,-11.671103138571231,1.8292309906128974,2.222318468143402,-10.211819172003187,5.465852310887485,-1.6829236945419646,3.7961301373049676,-1.9668767456646874,0.9122062400273938,-3.0366721678100594,1.3426176716574778,-5.268189143599498,6.684337717444619,8.359577340971164,-0.7859912092083956
neuralNetworkClass 	class coursework.ExampleEvolutionaryAlgorithm
INITIALISATION 	RANDOM
SELECTION 	TOURNAMENT
CROSSOVER 	UNIFORM
MUTATION 	STANDARD
REPLACEMENT 	WORST
ACTIVATION 	RELU
COOLING_RATE 	0.0011
TEMPERATURE 	100000.0
TOURNAMENT_SIZE 	90
maxGene 	3.0
minGene 	-3.0
populationSize 	110
maxEvaluations 	20000
mutateRate 	0.95
mutateChange 	1.6500000000000004
seed 	1646684373006
random 	java.util.Random@3ada9e37
numHidden 	14
numGenes 	129
Training Set Training
Fitness 0.019290467579461807