9.297768885147814,-7.30368136855861,8.24931701491908,7.737530052335115,9.269609778263014,1.396506694585212,4.884905728838657,-5.882677564026972,-12.835220105650347,-7.081649204328583,-13.350707291561855,4.003288825221743,2.5670784437203586,9.7889946421192,-1.9770113657218449,-9.495906969985183,2.24429891769036,-4.023520302409574,3.156041769358186,0.5520677064412691,0.12866108066065962,4.613160869238111,-4.606418620874775,-3.246741321828705,-4.638133757571338,-4.454807035473251,-3.815927990479844,-14.24068723092905,6.950616556928406,3.414768035679816,-0.9348615161588869,-5.834653875540532,12.560854938608756,7.78607495828806,10.27299346115938,-2.039021060310633,0.19890943484682655,0.06775551184587858,-9.689825844609965,-9.077733704502407,7.685141564574254,4.463921078241419,-5.6175371322425125,-10.369692006778825,9.020627800058781,3.7525979398206193,-3.570459699684415,1.4878581237636448,7.729817347419738,0.5447613817765529,4.525092253686748,1.7283114773789645,-4.717963360179557,-10.431083896614282,-10.539238585958907,2.4719828653075195,-4.447868978821516,-8.89451896911659,3.7045081118710526,-2.167352354356833,2.075454746071639,-6.4879721942486235,8.837616115445051,-1.9871442331403069,5.284846570676809,-9.315275619328766,-2.7242494573442704,-5.050420556287384,1.2371422468885553,4.6431280854020525,-5.931850603931604,-2.4176978615553084,-4.055792712628898,-2.2952282168178364,-5.7048029497323665,-4.7362989362552685,4.068385892276502,-3.6172166157625587,-4.5016934400011515,-12.481373927749942,3.224689966243272,3.7440740894837394,0.027202341714360312,-2.3198798439785886,5.401971030751287,-9.94257033104097,12.978374220190094,-3.6582215384721124,5.67274060536716,-1.3098646013916886,-5.425362104269017,-1.1362155806462821,-4.193773446699351,-2.221439583716193,-7.200584025500276,-4.594486500947289,-3.618324786295764,-4.597571455414616,-6.8494793650336465,4.480638363460356,12.86882946129673,-2.7157075487212277,3.8668916587790463,-7.508781970964849,3.1499363287819726,-5.534966442789481,-11.242081015930813,2.6452990093365436,-6.747440686439041,3.6229980080894286,1.778645431013846,-5.501894698700189,5.544891219097713,2.058684526569972,-15.604678510557974,14.779938153691091,-4.134812444876442,0.4586889012921187,-0.5255469409356675,-6.715542811297675,3.1643594671751227,-4.418086904692052,-10.64534250968265,-3.060942942258148,2.685690060629164,-3.8721590463739695,-6.125687362176799,-7.635395863283519,6.838057383330961
neuralNetworkClass 	class coursework.ExampleEvolutionaryAlgorithm
INITIALISATION 	AUGMENTED
SELECTION 	TOURNAMENT
CROSSOVER 	TWO_POINT
MUTATION 	STANDARD
REPLACEMENT 	TOURNAMENT
ACTIVATION 	RELU
COOLING_RATE 	0.0011
TEMPERATURE 	100000.0
TOURNAMENT_SIZE 	50
maxGene 	3.0
minGene 	-3.0
populationSize 	110
maxEvaluations 	20000
mutateRate 	0.95
mutateChange 	1.6500000000000004
seed 	1646684373006
random 	java.util.Random@3ada9e37
numHidden 	14
numGenes 	129
Training Set Training
Fitness 0.0161755426728269