6.729991562739299,-0.07239017881538778,-6.877955270516674,10.107618077490402,14.84986438594339,4.782092067544633,0.04722017043825577,1.3686347702933617,11.45058158765352,6.830980410996153,-5.251010778900557,0.12802814092213133,-1.8615686148562904,-16.155085491080857,1.5348662190272062,-11.811040934542543,8.548640427970627,4.882831503596538,1.7799195117408715,-14.67174054100207,-10.020609253279295,-8.25319859641475,-0.38703847032735084,18.442933608752362,11.467982008719476,8.404722057716889,8.198705173025674,-6.253046668389798,5.099788934622184,-6.93843773267929,-3.1493233511024155,4.88380081668161,11.685194146888424,3.2856227981405013,-5.233294201176538,8.408494908111198,-6.8907913012494575,9.897066151948652,-0.18915318079846344,11.556116864859636,1.7030231259479711,11.351747403962671,-13.027387059796053,-2.0478660262406994,1.8562638627134262,-13.545840366364239,10.166439976249256,-0.3169001558416378,8.083260133058989,1.8590885805131254,-6.508674509731989,10.134591780944877,-9.623841205062442,1.2723524535630668,-8.44737947325606,-11.633473196268435,-6.6277451893435835,5.036784359390833,1.90498316034871,3.28427936873804,-0.01756285720659534,7.940395566822897,8.207533746657843,0.3273045358632931,11.822180545269449,-3.490560598163629,-3.5607169503222957,-3.1147477310817298,4.8560451037722165,-2.9001230574982184,1.5049360239429137,4.614839270511338,5.01117696580515,4.876526381670708,14.56820468314159,0.36902633273292995,12.934834212714252,8.319959900605257,-3.3682043516962015,0.2633301404527313,6.415494160907833,-8.073007532595351,1.4402679768213122,6.342380095104987,3.106628388648402,-14.978611106329783,-3.1360105742000117,0.32311153125794956,3.036764033976885,-6.682804097738249,3.3294495715044023,-13.520731643107121,-3.641019332723184,-3.572111867351138,4.643219934108162,-0.354830840880588,-3.4624765932167665,-2.009702411529867,8.013882369372308,23.25497207409726,1.4887441898113059,-11.526922517887915,-6.441721572009238,-13.353044895990175,8.138114343911441,6.865232835498501,3.585463135887563,0.05060969357326961,-3.4754171556072144,1.9410311614471327,3.333778610152903,3.5876266113936355,-11.371913840044149,6.873388136868616,-0.3065065031982712,3.55613467247571,15.165546124840118,9.768603957239177,-11.270514050791943,3.2308336455880413,1.8952245518956268,-0.22889196610839546,-9.624521052070376,-5.050055553834417,-1.711166391080022,0.0876499887930482,-3.096632222183901,10.273180466952663,1.7753326821652626
neuralNetworkClass 	class coursework.ExampleEvolutionaryAlgorithm
INITIALISATION 	RANDOM
SELECTION 	TOURNAMENT
CROSSOVER 	UNIFORM
MUTATION 	STANDARD
REPLACEMENT 	WORST
ACTIVATION 	TANH
COOLING_RATE 	0.0011
TEMPERATURE 	100000.0
TOURNAMENT_SIZE 	90
maxGene 	0.4
minGene 	-0.4
populationSize 	110
maxEvaluations 	20000
mutateRate 	0.95
mutateChange 	1.6500000000000004
seed 	1646684373006
random 	java.util.Random@3ada9e37
numHidden 	14
numGenes 	129
Training Set Training
Fitness 0.01872509295063809