7.447579212812306,1.2267502372343149,-7.3277892475805775,3.0926993416139954,1.5138158407812163,4.29944583434918,7.434874229257318,-3.8206340058494046,6.493203267071932,4.022132697249075,-7.382311636096661,2.017686971938674,5.499840667261807,8.453831244905276,2.6703025522690877,-8.774429385801376,-7.669583016448486,-6.60552078560945,-5.40626899219899,3.264851322684934,9.435668257315536,-14.790867341202128,16.302367899357165,1.220812852228205,4.243299275478804,2.4415130729367043,4.126173783306699,15.60957801428432,6.2738870021513815,3.8872184457110794,-0.5469672180836351,4.851177424949338,8.519939873905535,3.602863451427387,5.455518460859791,1.9197844933789678,2.8282634319550572,1.1559540942835982,8.279323439713586,0.311742892376655,-6.554726512593547,6.046080670137928,11.903978142650871,-7.363804151609342,-7.578687666816473,-10.36379054192051,1.3598802133884629,14.22360938193754,-6.8526540236928,9.0233932888804,-5.202576945801539,-2.6212634469706257,-1.0694302825711217,-6.8966180886471955,-5.452627881583256,7.857308853645202,2.9025635038531554,14.580094840711359,-1.157505091550247,8.300363566027222,7.569623480568064,-3.9609741373108047,6.938812527574827,-5.927266018657992,4.2959920704926455,-4.147818502916992
neuralNetworkClass 	class coursework.ExampleEvolutionaryAlgorithm
INITIALISATION 	AUGMENTED
SELECTION 	TOURNAMENT
CROSSOVER 	TWO_POINT
MUTATION 	STANDARD
REPLACEMENT 	TOURNAMENT
ACTIVATION 	RELU
COOLING_RATE 	0.0011
TEMPERATURE 	100000.0
TOURNAMENT_SIZE 	10
maxGene 	3.0
minGene 	-3.0
populationSize 	110
maxEvaluations 	20000
mutateRate 	0.95
mutateChange 	1.6500000000000004
seed 	1646684373006
random 	java.util.Random@3ada9e37
numHidden 	7
numGenes 	66
Training Set Training
Fitness 0.01176902278624082