-0.30897012238958865,5.664627861637799,-8.742202661526434,-7.509112348062882,1.337284784211203,1.5072377308129434,11.187443888642559,0.9631572390354863,-0.01089187795429769,19.059953815390237,1.1536123144103092,-4.213174367495991,0.8418806408511257,2.7907490719509624,-13.675912500841102,-8.481693814441464,-8.872003330004851,-7.93399066540106,5.3632693747547036,-8.274191685243117,-15.228927730478107,-1.4934470836241616,0.0030710201350547806,6.714595104748652,16.0213641429607,3.2712936635705088,12.886003212411783,-6.961810762852577,-0.2820091238006679,-9.391796195545218,-10.458644234949059,10.872297458124608,16.805539220882125,-12.369773439601412,11.120274966599377,-6.680275670674377,0.6039820591626635,5.24480068661045,-13.752410226858,-7.852999522732384,0.5241648920170112,5.649180018420706,-3.4752272573949767,11.426224005774168,-20.652175905714124,11.178533379694086,9.642029154514738,9.578268883968994,-6.99995906977343,13.370123166983404,12.437735617448524,13.701521157568747,-7.291630935470282,8.164007399474082,0.6458898469382781,12.449366249290495,16.03050946001064,3.9306361208430927,-3.985971549410378,-9.041682217860343,-6.657049207835824,5.97313068906566,7.703370860706517,-1.5451473173542771,2.481042602872318,-2.403040481018607,6.149739182726734,0.23268753448794754,6.856513956521779,9.9721441801381,-2.6818952760365677,-8.15659469697098,5.351497358413571,-3.4669474483763887,-1.3745941193704954,-5.967989570867169,-0.2013335841504027,-10.431743831702418,-4.214418680536782,-10.474834927845073,10.005138477663188,-2.9521482129779617,8.49755805277899,2.6935287018822978,4.263345298591817,2.068070232581099,0.7512297381215793,-2.7892026889563892,1.6151182064123644,5.662914101813805,-3.5817388361179585,5.470708839556831,-12.404217912631658,9.239991444558436,-7.476153090213078,3.2994536015671043,-5.266900436489102,0.6926329419745612,6.962352225794936,-15.735399648619918,3.0114548916967507,-5.427200162981375,9.67406116816313,-17.567177471397827,-5.765290247978433,6.929216269671387,2.8920517719406895,-7.88262420157185,-2.1182837827365866,-1.8274219317914704,10.747516693993065,-3.6675427227708983,-0.3034869049018436,11.52461171264705,-6.861356643890607,-0.8647582839219456,-3.609217405051738,1.990182296303331,-0.8275326936410599,-6.212433666371924,1.4591896027464655,0.41156803139825726,10.73090413929016,6.007906599876076,1.0687734386358727,3.6714411884199656,11.84146764727246,-7.43954429355613,1.3816071755256853
neuralNetworkClass 	class coursework.ExampleEvolutionaryAlgorithm
INITIALISATION 	AUGMENTED
SELECTION 	TOURNAMENT
CROSSOVER 	TWO_POINT
MUTATION 	STANDARD
REPLACEMENT 	TOURNAMENT
ACTIVATION 	RELU
COOLING_RATE 	0.0011
TEMPERATURE 	100000.0
TOURNAMENT_SIZE 	20
maxGene 	3.0
minGene 	-3.0
populationSize 	110
maxEvaluations 	20000
mutateRate 	0.95
mutateChange 	1.6500000000000004
seed 	1646684373006
random 	java.util.Random@3ada9e37
numHidden 	14
numGenes 	129
Training Set Training
Fitness 0.02305949060017475