-1.5440317527656529,3.7856426343173037,1.086788745096925,-10.557824748561883,9.137801935933378,-3.9406669659050184,0.9023651124650147,4.298266945961848,-10.693876053450285,4.242830842135005,10.090647150677517,2.0851651731958363,-7.187955272406974,-9.66995602227178,7.481115959359874,9.313587151860954,1.374706163797029,0.2803975316800482,-15.213247905267677,4.0193793079748765,-7.098579138812509,4.715006714941108,-10.769505629349364,5.501473607895519,11.164679845357636,5.517036060042381,-13.82296484281215,1.6312955430283056,2.2006402738332707,-6.2232650188090926,-5.072271999600192,-3.2936572145992145,-0.9293416297177153,-5.898281204720153,0.14458632183979425,-15.21802096973888,-6.283114285601828,-2.2443577881142067,4.840055566519705,0.9893166420973589,15.844899534786949,-7.5565096327359065,8.70244417185564,-4.066609778125846,-19.419207952111066,-5.0707097118229445,-6.727398574291014,-0.23534971862190623,-0.0229043064759491,1.7021249844373898,1.0956336524157884,-3.871864667776654,-0.31862462634716415,2.3989085351577355,-8.70784596712598,-0.23149170398230456,-17.316729501393297,-12.102539264773695,-12.523237192297431,7.255471513203691,13.870225102450663,1.2109962376655083,1.347159651266156,-3.6570976891431064,-15.800905821825719,2.045222876436756,-0.8245081857542278,12.086379842580227,9.030271072025277,5.821820247606015,0.7542448029816855,6.667601888835867,-0.17706938495919022,-3.972850719303999,-8.167813134776576,-1.3394823473838358,-1.245561585910579,-4.337379186116001,8.77157934759623,13.572831985481036,0.5039282119180459,2.3532295833302106,-5.933929307093125,-2.842136358852718,4.029502684490687,-0.8366621503915694,12.229392829214035,2.2655685946792836,-11.629532777390628,2.623871632876808,-12.451817075401177,6.237867694783952,-16.429542581865697,-4.157329873091021,6.137956858872528,-3.197754154650509,2.69427605720709,2.599806860125982,-5.600537568217618,-7.421081863766908,-4.899292709025989,13.972280165373022,-7.60665434895807,-12.059313435625533,-2.9144709232236643,7.087547499338406,3.3842641972775462,0.05093878735742052,-9.176601321877456,-0.42704291907687786,10.801287376852155,3.404069043862587,10.114238132238649,2.7982081855043024,7.019623322059195,-15.946071365529985,-2.770799522532365,-4.3494503603964585,7.1894188253157925,5.53974249003813,-3.4967492943350296,-5.6624959880752375,10.770578651829497,5.705255936138698,-4.014152371404954,12.4294829304851,-8.971743830710073,-7.044296540303979,-3.4118328081867713
neuralNetworkClass 	class coursework.ExampleEvolutionaryAlgorithm
INITIALISATION 	RANDOM
SELECTION 	TOURNAMENT
CROSSOVER 	UNIFORM
MUTATION 	STANDARD
REPLACEMENT 	WORST
ACTIVATION 	TANH
COOLING_RATE 	0.0012000000000000001
TEMPERATURE 	100000.0
TOURNAMENT_SIZE 	90
maxGene 	0.9999999999999999
minGene 	-0.9999999999999999
populationSize 	110
maxEvaluations 	20000
mutateRate 	0.95
mutateChange 	1.6500000000000004
seed 	1646684373006
random 	java.util.Random@3ada9e37
numHidden 	14
numGenes 	129
Training Set Training
Fitness 0.036150012853982526