-0.17200553426141751,-0.6961743410206997,-0.6471942157715604,-0.029512759340367456,-0.22549919930951812,0.8508120551310715,0.761307038243756,-0.18487244600818586,0.9447893851379142,0.577487460027616,-0.7441559970169824,-0.31786489260898176,-0.9240010621265781,0.30262734108713885,-0.7985223315409288,0.757188672569513,0.3212038363884321,-0.1999990433464056,-0.7478642929959212,0.5606128461284966,0.800468815152031,0.7070721559814738,0.8694754716365128,0.7942511716980843,-0.06193449063450385,0.4064954736937466,-0.16918921993112956,-0.6819594657535522,-0.7109954882236917,-0.7915437150166372,-0.32398360942663484,-0.5338424673974385,0.6238267647332724,0.9698250317561098,0.23515762994714107,0.3002072583363381,0.71534106015003,0.4107418199813814,0.7111421997090558,-0.11378020233767883,-0.16917414366665384,0.9072204163701935,-0.939683722413157,-0.12083843976841346,0.04998568042142637,-0.7824290289875254,0.28991069982068185,-0.11767058278742604,-0.03459171936985772,0.8072242843720673,0.041926873398190456,-0.983741676599155,-0.491654477861303,0.9427643489760241,0.7760092747250392,-0.9378176532938959,0.38826757100124676,-0.45620638372683353,-0.3492929965329574,0.5249417307091576,0.3365900253720492,-0.5644817200445391,-0.20773651857032327,-0.8618612959637825,-0.48357778260313244,0.8219495807189526,0.8259966947828156,-0.70341692742129,-0.02198895801404177,0.6758330439848487,-0.2848846311894502,-0.6186104321681656,-0.1381159842488764,-0.4851711489823971,0.3240766980095685,-0.3625725160927258,-0.69674082901878,0.6256199343911818,-0.41201209387966276,-0.7228005272344724,-0.7115328926286588,0.2334484716502453,0.3101991148102311,0.3165450058077134,-0.015687687378940218,0.018202802447152888,-0.7184184395811801,-0.4304955394068315,0.10434364548397912,-0.03990685581602804,0.30531288822589675,-0.09363118216304511,0.8840191763957822,-0.4142136786108799,-0.8377303560330144,-0.9149305655129324,0.7512083831882536,0.698734820591629,0.6805733500467469,-0.2301690111545931,0.1057125021231976,0.4713003157577599,-0.4426049743066365,0.48364216051273334,-0.3838597609720573,0.5337764956219723,-0.7456579880608585,0.643004655044154,0.3402824041681506,0.6013744181052866,0.0784923698106813,0.9461033237428996,-0.5689317366158178,0.14947032250849868,-0.39228033347471936,-0.5827588180556773,0.8068326127899587,-0.45626280487500326,0.9369234035579953,0.9351073956692623,0.5955296962116076,-0.4929332833137752,-0.9072392045782266,-0.32185430782701174,0.17150826155015853,-0.8941166794941694,0.01763560536176867,0.9854464995913835,0.059362011734443665
neuralNetworkClass 	class coursework.ExampleEvolutionaryAlgorithm
INITIALISATION 	RANDOM
SELECTION 	TOURNAMENT
CROSSOVER 	UNIFORM
MUTATION 	STANDARD
REPLACEMENT 	WORST
ACTIVATION 	LEAKY_RELU
COOLING_RATE 	0.0012000000000000001
TEMPERATURE 	100000.0
TOURNAMENT_SIZE 	90
maxGene 	0.9999999999999999
minGene 	-0.9999999999999999
populationSize 	110
maxEvaluations 	20000
mutateRate 	0.95
mutateChange 	1.6500000000000004
seed 	1646684373006
random 	java.util.Random@3ada9e37
numHidden 	14
numGenes 	129
Training Set Training
Fitness 0.12049262097520924