0.3601949219343491,0.37120418630720187,-0.8438979376407009,0.565021111696082,0.5180584002601248,0.27253178660806354,-0.707153479781145,-0.6645446029323487,0.47411823949149745,-0.7285731139466203,-0.2888445717184136,-0.20498963710532192,-0.644478284130803,0.53021933492174,-0.9197525519581434,-0.43515830006387746,-0.8558616029519092,0.7286753876147877,-0.08646902091472164,0.05146850525142155,0.6647361134056861,-0.3929382388812859,-0.44093399298777114,-0.5409260245102985,0.9729528892636533,-0.0033826943086472383,-0.16737982750730018,-0.22080485074903877,0.08738867447796583,0.261905115012928,-0.6459480291705062,-0.24396862333899616,0.28375579135273277,-0.06428377064069957,-0.8398610797366427,0.9691107435238472,0.7446979058703279,0.6163228809670996,0.06605320645395996,0.04954109108449101,-1.533005072329452E-4,0.21357703184501753,-0.4413947525671167,0.19344364163499173,0.34502806930440666,0.21430671431857007,0.6669061448724082,-0.48938909106732154,0.7769661756449248,-0.4506126253598761,-0.12461036658958102,0.10693275247731815,0.7376880985873248,-0.2994483058775834,-0.5920817785422099,-0.5177013622636006,0.6709975850000883,-0.6327827868004336,-0.9666132432743705,-0.6819138765083563,-0.5464173202229459,0.34703063843247184,-0.3608021855580823,-0.0049434921941864385,-0.8395217109681751,0.7753206241326173,0.3520354554704447,0.39248543186752916,-0.8875277646302265,-0.3383509819209154,0.36367169277664,0.8217273949894236,-0.003271340796620281,-0.9325679964842161,0.4442009730276574,0.6329560095702632,0.5315430376958065,-0.2645693053969156,0.17185372415970213,0.9286666826110607,0.41859493689012595,-0.22277591785246775,0.8944806619901361,0.8213894578995643,-0.1450789580662193,0.7302023204155837,0.51471548659751,-0.20648947381213478,0.22158324423443776,-0.1387010942651976,-0.9515692841817741,0.7542207166091256,-0.6708069792168521,0.13312891059232956,-0.014787479815906446,0.01722147223454551,0.22373166732311744,-0.8955950166855532,0.1876082771612525,-0.18836650605946503,-0.8482475148013461,-0.4944493105674741,-0.6160713561211475,0.13769511341859675,0.3457323945780736,0.6141909685296837,0.6815035662190952,0.46521520192974986,-0.5864723825771072,-0.8582273378147375,-0.6296628016812715,-0.5260538527743408,0.9602417219604219,-0.4206571826205969,0.0638876970014225,0.8941446840088861,0.9912700831154638,-0.9857212810299204,0.7859601809197428,-0.3055727657438805,-0.6828265145110632,-0.9435423980884968,-0.04530742531292242,0.010079917313954412,-0.4504822892926936,0.07955080061600983,0.8648198318524031,0.3033129090934187,-0.4605544981589922
neuralNetworkClass 	class coursework.ExampleEvolutionaryAlgorithm
INITIALISATION 	RANDOM
SELECTION 	TOURNAMENT
CROSSOVER 	UNIFORM
MUTATION 	STANDARD
REPLACEMENT 	WORST
ACTIVATION 	TANH
COOLING_RATE 	0.0012000000000000001
TEMPERATURE 	100000.0
TOURNAMENT_SIZE 	90
maxGene 	0.9999999999999999
minGene 	-0.9999999999999999
populationSize 	110
maxEvaluations 	20000
mutateRate 	0.95
mutateChange 	1.6500000000000004
seed 	1646684373006
random 	java.util.Random@3ada9e37
numHidden 	14
numGenes 	129
Training Set Training
Fitness 0.11318497360460285