-6.204863496045956,0.9237208271190509,12.560724184389306,9.021484446358631,13.589548741818485,-9.578003284332624,-11.129664365625423,-11.988269718870963,-0.149899650731534,-3.602906809530306,4.644808038810698,-3.1880861891289953,-2.5958126456374373,7.582953601788478,-2.090539993307262,-5.896438669117588,1.854142408152665,-12.318481666932435,-14.517673974806906,3.3554900537331704,7.000403840379535,-7.917131169460335,5.032783303321848,2.488993811363625,-2.563334945281092,-9.436150584701366,-3.7163259862555167,17.858695341196373,-0.6035394554392486,3.4142513280511295,3.7670427463898886,2.1178765705651124,-1.1174035441889547,-1.7552780329906428,-11.873188072007883,-8.576574797886568,1.2252881939964535,-4.851860509560659,5.857420951580594,-3.065634499617259,-2.2081805636114886,7.416271966677834,6.475658365408313,15.419268658616401,3.9599912217472486,-12.893881646034696,0.9936188739455316,-12.13833386273751,5.119581603429008,3.555405422583897,-12.906079749866304,-4.061082416064501,-18.919509058979294,-0.3857049390905143,9.204019697103329,-5.651186780314513,5.893199579109188,-0.25956760292421954,-12.225330814222254,-3.230481240688867,-6.473381037498298,10.647044567608546,-5.211743693893517,10.012298457895168,-12.499630334968476,-8.101122173564853,-12.244022564575703,-2.487219142296752,4.732973135626395,3.4683384128170225,-3.391505991769767,4.205359507255661,-2.405602733283928,1.044281436688209,7.592926374013535,-4.963351380744276,-3.3591512807270103,-0.12153083660871111,2.7097420509346666,-9.702257183744491,4.261658100479794,21.659799539998403,-5.843701194591327,-1.5086429428321488,4.132557494792863,-2.6760174343026524,1.9395057353650378,-0.15124786644828525,-8.253397039420689,6.386421086494139,0.42826904730117477,1.4226779142269175,0.633446766895803,17.028630571082836,8.787091974286954,-15.643603894972568,14.329619322059457,-5.426389646164241,-2.8845979578477454,10.3651711937529,-7.77306884097178,-6.946842929900374,13.112880614361922,-7.884553090828829,-2.1469385471247584,-15.199810858886488,9.99927493538861,-14.051746089296556,4.577849640496355,-10.408270719699914,-9.96212612007831,7.267222065349705,-7.709237495555081,-4.976729701962278,-6.254967039804651,-12.802101277222608,1.4094603194442037,-5.687172975375406,-7.886162832882285,7.873903166323064,-4.193660058722783,8.763056066960594,2.888192637990402,-10.883224950799045,4.329385155816304,3.852402711093017,27.344342517423947,-0.8997973884085386,-5.804391997652161
neuralNetworkClass 	class coursework.ExampleEvolutionaryAlgorithm
INITIALISATION 	RANDOM
SELECTION 	TOURNAMENT
CROSSOVER 	UNIFORM
MUTATION 	STANDARD
REPLACEMENT 	WORST
ACTIVATION 	TANH
COOLING_RATE 	0.001
TEMPERATURE 	100000.0
TOURNAMENT_SIZE 	90
maxGene 	0.9999999999999999
minGene 	-0.9999999999999999
populationSize 	110
maxEvaluations 	20000
mutateRate 	0.95
mutateChange 	1.6500000000000004
seed 	1646684373006
random 	java.util.Random@3ada9e37
numHidden 	14
numGenes 	129
Training Set Training
Fitness 0.0298402889369495