-1.8447598734444135,7.32214543082681,-3.8858735638413524,-7.72532936794768,4.908594060092816,-2.15958902685941,-5.534173163526382,-9.844970449125674,-2.3367074284200946,-13.183927570969594,7.370081960622423,4.397548904258645,-3.106960315615665,5.52264084016298,2.475023931801143,2.796777320304222,-5.347076314567248,-3.918369175373365,-2.7892391742889924,9.20917427586234,-5.969421616546141,-3.7183343559936795,0.8793745599439724,2.172449089979236,7.208858680568897,-2.0158388322452323,1.77728898182888,-3.00804706005229,-14.623628793061803,-0.2374269451537323,0.06466937097875247,2.914742639931399,0.5319659135703825,4.7475834912199435,-0.5874711679757327,5.693573778340159,-7.248439538058054,-5.711507079656338,-1.113265907739069,6.437222334588869,3.9704337555860385,-0.7085263714335319,-4.680881998414687,-4.849825368504401,4.4813928860673595,-2.291767272862721,11.8694217469974,-1.1661349908639416,-5.741019856732299,0.6740227241067265,3.7478059046599683,7.553283101794496,-4.107843945164404,-9.218172422075193,-8.203815769502855,-8.883088822599435,-0.8073434244938493,14.929944089050956,0.7176506648267047,-0.22540589090258223,-6.156509283600501,-0.15693163483441963,2.6467851192989373,2.7070845885118615,0.861809401603773,-2.257612219561146,0.26963886458679465,13.512646812299998,1.8726416942940136,-0.2719304946921328,8.73071708594161,-6.909757548228414,9.024761075157729,0.8379272507334781,-8.394709393800607,4.275463726691782,-1.6227903512068966,4.858939273824273,0.9688853028377173,6.254518597021278,1.294773161308255,-6.206320676053252,1.9118126121499062,-0.13678616870701799,12.662966590939051,1.7216155205684127,3.5751206997544696,-3.7279774693028145,3.117854471980439,-0.7543793906392482,9.625361445341543,0.8649630175142962,-5.216703111530054,0.4769284497307207,3.589083847414978,-2.3108432706361155,1.7679762806868307,3.9871627859058987,-3.3160203183913266,3.033573747819556,-7.10317258232946,2.193953705842553,-7.137875997723883,5.889614311352473,0.8362572911646899,-7.4529509215015075,-0.628232483026749,-1.0971834842227888,-5.730192040377693,4.894718090856378,-1.2023460193121442,-2.6058800501643695,-2.509319256451075,1.5856346127186303,-4.294147998507087,12.310756034162814,2.649805688592974,0.7493199169548479,-7.402395541282841,-2.339023250889246,7.2829064068602785,10.798612775415764,1.1177169334650836,-10.656526077065367,-5.61272480623188,-1.9894724430870872,1.8165197814517127,-2.7485191403614717,-4.021260382007581
neuralNetworkClass 	class coursework.ExampleEvolutionaryAlgorithm
INITIALISATION 	RANDOM
SELECTION 	TOURNAMENT
CROSSOVER 	UNIFORM
MUTATION 	STANDARD
REPLACEMENT 	WORST
ACTIVATION 	TANH
COOLING_RATE 	0.001
TEMPERATURE 	100000.0
TOURNAMENT_SIZE 	90
maxGene 	0.9999999999999999
minGene 	-0.9999999999999999
populationSize 	110
maxEvaluations 	20000
mutateRate 	0.95
mutateChange 	1.6500000000000004
seed 	1646684373006
random 	java.util.Random@3ada9e37
numHidden 	14
numGenes 	129
Training Set Training
Fitness 0.093468543418655