2.337019355319242,-9.67492690459173,-0.7240480022687965,-1.9019463279052955,3.2568391960596292,-13.981599845124169,-13.428974057908828,10.292335467018273,5.039977616710036,6.268607255573731,-1.920482491591895,5.309145631917733,-7.1632639888546645,4.445460379444949,4.087231884589846,7.328904143168915,-0.9536323843487375,-7.656967594573379,-14.969563306426084,-11.406519138856844,-0.8827265292581163,-2.0753294553638666,-2.7401246582285417,6.476582580103651,-1.2462146571991628,-1.224045986815904,0.44578648047621616,-3.0646344053467782,-4.161880603396912,-7.1645490021951606,5.372940294731913,-3.8417974604848526,-12.596184979660837,-1.7148001709677327,-8.753811147438952,-7.370608389582414,0.3122107359868318,3.6324424990699926,13.28600764137065,5.974958142206754,4.486239542862515,5.101251956179569,2.639996300937665,9.384552624231725,-4.403934208181729,-1.972697493066402,-1.8297161532765225,1.4728149738374228,0.6688134929715135,10.711141062911878,-7.401726619200338,1.8494297359155807,-12.640122966171088,5.284929723857679,-6.152855722704025,12.760456833743923,-0.1739655855719544,-8.61526450676158,-12.430988977611282,-2.8056152972319355,5.880820587052014,5.745054722056977,-2.9723712704744454,-8.835291756740627,10.340350998535422,-6.605631751536478,2.3290123247988745,-0.5633036484471461,3.3830220926851826,2.880134313303895,2.201326863666057,6.509370673485149,-2.3007543005421107,10.23873339027913,1.1218867057249318,-5.655420424636697,2.997614903590228,-3.299511935850587,-3.776910600805916,-3.3965920285703906,-0.2883727398129059,-17.6180046705485,-1.1194106079828652,-12.743976476956966,-2.0836714339947404,1.217611535816049,15.296006493420029,-13.975578596837632,19.86697491170242,11.219043400063258,-4.717054864197607,-8.551613941774708,5.312044756733129,8.376608002927924,0.44908553842084054,-2.9666506988407955,-0.6893338939493123,-2.2721678117493793,-7.911407618924974,-7.605316177419827,1.1497592979334676,4.11867238096774,-9.591929084435375,-7.043669919542629,-8.79106924711379,-18.980255201330067,11.35578546911627,8.642512968676087,-9.388613967025528,-2.665433520879727,6.657838702703316,-4.53033393051186,-1.5731342575535425,-2.1510852556395044,2.886493566337079,2.7015394053061454,-12.942158054569154,-0.32997608714904647,0.5448082921581463,6.623824819142479,-8.857051611733592,-4.35855282518705,2.198232517095555,-10.674503652401556,-5.198151097647283,3.794020261303931,-5.33219559368735,13.392416632337794,0.773486998251748
neuralNetworkClass 	class coursework.ExampleEvolutionaryAlgorithm
INITIALISATION 	RANDOM
SELECTION 	TOURNAMENT
CROSSOVER 	UNIFORM
MUTATION 	STANDARD
REPLACEMENT 	WORST
ACTIVATION 	RELU
COOLING_RATE 	0.0011
TEMPERATURE 	100000.0
TOURNAMENT_SIZE 	90
maxGene 	3.0
minGene 	-3.0
populationSize 	110
maxEvaluations 	20000
mutateRate 	0.95
mutateChange 	1.6500000000000004
seed 	1646684373006
random 	java.util.Random@3ada9e37
numHidden 	14
numGenes 	129
Training Set Training
Fitness 0.05914220595196791