-10.500415915711551,-13.137116999425295,0.31419199011848065,3.543126643860111,4.4445054262387576,7.630234659959189,-3.8529869127284293,-13.689985386370148,14.394952124517431,-2.173430134537668,6.1017235577015665,1.5040140711329073,8.390690487508095,-0.9083193753491638,-3.257647189782949,0.3776070633680151,-3.643758748243876,-15.556221933460964,-3.690807902314459,-11.910984532258276,-7.587383505031019,-4.817924180643318,6.37638471591854,9.207716039683987,5.252186003333598,-8.069693424710124,2.7996186811527064,7.739767344998485,4.407470735072879,0.9487488387600012,-18.75688210425635,-14.71764320341506,13.04583681509195,11.965386901481377,9.645048051606617,-4.091221186530513,-2.78927259983935,5.087372444104247,0.13788203379431785,-4.485651399504306,-6.443748278323982,-15.547995414201866,6.535183215992561,-2.3294466476126416,-1.314388248383663,14.711991325243629,21.978693379343994,21.08904050813628,-13.79497144714442,-19.127197195136205,3.9595308959997775,-4.311161035565429,1.6934957212904358,5.810473091938089,13.234725922052466,-12.810493417629992,-9.185138382994221,6.146254083047008,12.605245055009961,7.019692492369787,-1.7375856820875804,2.540072612689732,-10.245925808164152,-7.815097854878166,-4.172686051626222,8.337788094758048,7.2628560960361686,-1.619951901552663,8.820889455947944,-12.382204896799927,6.6329959157606275,-1.788333748483005,4.456989690402699,7.730562848037817,-7.267926472837919,-17.338524003974584,2.514248472556659,1.8602478592278455,3.91882144557772,19.27725773750896,3.099296574153647,4.910567903697041,0.769849108680269,-3.981181560820078,4.220626051169871,-2.872334276997674,0.03871778593406461,4.46611382494275,5.7589829299865,-22.979255537884164,-10.52711140863613,10.663391518411048,12.333835610349865,3.5688347041652033,5.860897101095723,0.2831833841417879,0.661624875566373,-2.344116018025506,-5.101795131221035,12.30578755814783,-14.777916748887725,-9.228139457680525,7.83428198411449,-13.291366347472925,13.443180852452803,12.683493845083992,-4.915942600689849,0.4705334760252988,-15.362781016517363,-3.4033456907068693,8.768767870983034
neuralNetworkClass 	class coursework.ExampleEvolutionaryAlgorithm
INITIALISATION 	AUGMENTED
SELECTION 	TOURNAMENT
CROSSOVER 	TWO_POINT
MUTATION 	STANDARD
REPLACEMENT 	TOURNAMENT
ACTIVATION 	RELU
COOLING_RATE 	0.0011
TEMPERATURE 	100000.0
TOURNAMENT_SIZE 	10
maxGene 	3.0
minGene 	-3.0
populationSize 	110
maxEvaluations 	20000
mutateRate 	0.95
mutateChange 	1.6500000000000004
seed 	1646684373006
random 	java.util.Random@3ada9e37
numHidden 	12
numGenes 	111
Training Set Training
Fitness 0.015592312866113981