-0.49114910598410333,-18.362959961033823,-17.416529683877528,-2.409520308024158,16.626398107689802,6.031710889303662,-7.104422370377915,20.179837036877757,-6.951102013142501,6.964876686100988,3.070066962007651,1.969315472004313,3.872069068620519,-0.657631517325509,-7.708989413255505,-6.938520996739031,0.5233111730823019,-13.875339058306386,4.82501394225741,10.948094577183051,-13.574748888652689,-2.9454269935086588,-11.882820856697878,-13.272612162082613,7.908263549778468,-2.9527818175238716,-5.264282889224552,7.221459718822759,-4.651048015634631,7.369880555343721,11.664660543538712,-6.3200668560499675,10.865880927322076,13.990659100335815,-12.782826836166024,10.375826797711015,-4.804360808210267,17.36339901249484,4.102502126463829,-6.3929317759787185,-7.798383396015323,-3.7074010239067423,-7.62233742208911,-17.188014599824285,-3.015328882366685,6.085654018881073,12.150494324014536,9.489536693104668,2.2691593619902175,-20.399032454295238,2.72377440985119,-2.765041872593251,9.229604251387924,-2.956899818190656,-2.2892322122718873,-10.874833685605253,6.140742964522133,2.680152707950949,-8.338314293147787,-0.8991762847045788,-2.966488460674295,6.251700765834263,1.4205140287494284,-2.9315863930097965,-0.8069150148875552,2.407053008462271,1.5077046319369423,1.2008400516620519,-3.355189110594755,-8.076248048567772,-7.903667382094865,-14.423861595246615,-11.277411941790124,-6.012881326525303,-10.809710290499591,7.427599357533309,6.287165984156626,5.308745896763167,6.232500169071567,-7.870646260141227,1.8496609698797606,-5.542464582962808,1.6346875095887938,-0.7618233188768961,-0.8820502771680641,5.006552467937205,9.88298598259965,-8.59684191932849,-4.8629168544426875,-5.803861711914946,6.390328656631009,-17.056837234007517,10.423268659932099,8.35013949726742,7.7419008451867,-16.90780353120163,14.98681735927895,14.104062088569881,3.653926804444069,10.39226935151885,-4.210865770451221,6.009163020627016,-4.5508143444584075,4.515923739007019,3.354882138630286,6.574913266894466,-8.000905553852824,-9.954486083111497,-10.172753049994858,3.9259474116325785,-9.282249587614917,-10.531253156109164,-0.19147144077006661,-1.749219975385051,-6.483635363160262,-12.430085268221276,18.020077213407532,2.1582442052729673,-2.1629297236166254,-5.996327399693712,-11.805105530239821,15.933778646351888,3.8831334570755454,-10.666864062933504,-2.966986970389251,-0.8572562250294329,-5.051856005250562,10.196495662084603,-13.445933130703608
neuralNetworkClass 	class coursework.ExampleEvolutionaryAlgorithm
INITIALISATION 	AUGMENTED
SELECTION 	TOURNAMENT
CROSSOVER 	TWO_POINT
MUTATION 	STANDARD
REPLACEMENT 	TOURNAMENT
ACTIVATION 	RELU
COOLING_RATE 	0.0011
TEMPERATURE 	100000.0
TOURNAMENT_SIZE 	10
maxGene 	3.0
minGene 	-3.0
populationSize 	110
maxEvaluations 	20000
mutateRate 	0.95
mutateChange 	1.6500000000000004
seed 	1646684373006
random 	java.util.Random@3ada9e37
numHidden 	14
numGenes 	129
Training Set Training
Fitness 0.014280590944705351