1.7427973407909292,-15.317843579479556,-4.672901884574227,9.326052971587668,-10.734370381360371,-2.8920291039168466,0.8110090575628535,0.35838791585097063,-2.1362136258126174,-4.507506109271731,9.497454194243945,1.7063319686214022,2.4999849992445533,-2.7685725743145566,-13.3514689770492,-3.972772500134356,0.8613147330655444,2.9040929831484474,3.935324681415733,-8.175318506471289,16.75635812322406,-22.02362644173072,15.754168851537804,-7.291267477227402,-2.916367089458335,-20.426612832095245,-20.5746221868121,4.193490145174646,-0.6826127016075283,-8.05092463448896,-14.527366826624478,1.5850198680657002,-5.40454671676382,7.7904400826166125,2.738624557437353,-3.8584591154258527,-1.8299650210025877,12.192206727880368,2.087472858045035,-11.245200131869735,2.195978265445479,-7.576760402664247,6.526880851639424,4.905785277013139,1.832245895314152,6.729082277242783,17.152878869321945,-3.960262427601906,12.370985339537645,0.5755418374948675,5.577459621026113,-3.7152866020066746,-5.915242857638763,-17.21371556259259,6.694310392920682,8.954753844405051,-4.05384198363251,-2.1870468178986098,-1.0297205988567395,2.4830080069672924,6.175246163464628,-4.10062848185475,-6.429867245088199,9.471955260521508,5.008849119648929,-1.438063869005628,4.129577305437175,2.627171615182043,1.762005537179336,10.806354287590155,6.636453183886175,3.2078784080127978,2.3154637940510145,7.136427728949848,1.2624142796668245,-0.9681892846403368,-0.43566757445428284,1.1336278444376537,4.057342369838215,-15.786261953061686,3.3516508214264764,-2.2032413690767267,-10.023840107966208,4.296268705259717,-0.8631822970137222,-5.820951415861693,1.7026286328012779,-12.40163513234315,3.312488616758956,-6.454441856546741,-0.5828562485400894,3.811291459927583,-3.7652743810464777,9.646840532402129,-4.324545959984786,-0.6364782726985041,5.919853638871517,19.41533480173006,5.32266192049182,-2.2945845693554485,-14.712351120475663,-5.810978221016036,-2.238222190555663,-6.318714517200233,7.79415959913946,7.052419381975033,-1.1714749870689145,-2.3392353159245474,-11.301372457640236,-4.641963954974333,0.9940157572805255,-1.3068192442963404,-5.252346540185869,0.40195744994286375,1.5743356721168418,2.527944658565855,1.1859201418008727,7.225277300605341,8.72100296009249,-5.739244526682239,-0.38354218780517835,-8.001360805440964,8.698683148139668,-3.980280010142181,-1.4653873777998374,0.520197249042289,12.476467539889773,9.547283224989165,4.398543882819554
neuralNetworkClass 	class coursework.ExampleEvolutionaryAlgorithm
INITIALISATION 	AUGMENTED
SELECTION 	TOURNAMENT
CROSSOVER 	ONE_POINT
MUTATION 	STANDARD
REPLACEMENT 	TOURNAMENT
ACTIVATION 	RELU
COOLING_RATE 	0.0011
TEMPERATURE 	100000.0
TOURNAMENT_SIZE 	90
maxGene 	3.0
minGene 	-3.0
populationSize 	110
maxEvaluations 	20000
mutateRate 	0.95
mutateChange 	1.6500000000000004
seed 	1646684373006
random 	java.util.Random@3ada9e37
numHidden 	14
numGenes 	129
Training Set Training
Fitness 0.015312407726444256