17.749736992352773,-16.97827685617201,-12.349257403654136,13.622991754992851,2.7504658241718403,-6.621268165615335,-2.296982054315036,-7.5230665808959305,5.083946683788348,7.731127743976918,4.291142121681462,12.099703170396968,1.6303842578772727,-9.864212156113457,-2.1225781278087386,-0.3437926530638844,-7.216369426290717,-7.48813337912272,9.692235679105165,9.375183923376284,-7.640463785035424,11.470015555204274,8.677020755918086,-1.7132789314382233,4.455944640287255,7.774236597805762,9.599846995310827,-7.449393898567972,3.6303355270709776,-3.9145202516513002,-6.7312406605636514,2.488484135802689,5.27635381043601,-8.16429629796394,-4.722944237856265,-9.623839926063315,3.833195805055441,-6.28177441955348,-14.08884543480533,-1.0667612129361839,5.352060429053857,-15.595202036089388,1.9356849364797872,-25.63434209610398,-2.6283942532596,-1.6880406771072227,3.4419230918463217,-6.777472417327935,-10.23041403699243,6.38881295737095,1.1046780712556972,-10.577951786743393,-11.939421403009991,2.835500947982167,1.3892172922488122,5.082141180372227,-4.550053448709899,-2.313753930637562,-2.6161958569250645,6.209781914579035,-5.1180874170629655,-10.397053245918638,-6.545092387932,0.5088867925633691,-4.4651408987705015,-12.37508216753795,-4.518874245159668,9.309966545516188,-5.430298595303666,13.207479346686766,5.518348206793681,-1.094387743428367,0.5274143847574813,5.656706889290104,0.982671799820181,-4.805753839774685,16.049530307976028,-5.920237416715377,6.159062886732322,-8.70957485804459,-5.539344153728182,-1.0801604063931274,6.802747023430605,1.8033434859732003,-2.34520394103492,7.83185911228237,-9.953209700559265,-0.8839559833904342,9.267500889025301,-15.570330479745897,-10.286679223864967,4.566203489533629,2.343589968890555,2.147607532782753,-5.452675827827726,-3.0647820570965827,9.925443128058093,4.708887274650198,7.050929584214271,10.045674659305343,-6.460422137021601,7.480397923056738,-7.3574117856484715,-0.05184612628230134,-6.250528472759957,-0.8819051541810259,23.949531853197918,4.596666208976456,-4.87968193653918,-1.080718978949072,9.813379938027293,10.267887885504782,1.9066453107711023,-7.052314704007738,-6.502247584748897,-8.877282178412202,-4.473547422234878,3.8843511011864376,4.333225007976448,0.9895383536154085,11.225761416072578,-4.218037745716488,10.81895429653398,-0.3830793684403666,17.815210460463348,2.4123374284536503,5.921776245298155,2.699378124603389,-7.024447023913931
neuralNetworkClass 	class coursework.ExampleEvolutionaryAlgorithm
INITIALISATION 	AUGMENTED
SELECTION 	TOURNAMENT
CROSSOVER 	UNIFORM
MUTATION 	STANDARD
REPLACEMENT 	TOURNAMENT
ACTIVATION 	RELU
COOLING_RATE 	0.0011
TEMPERATURE 	100000.0
TOURNAMENT_SIZE 	90
maxGene 	3.0
minGene 	-3.0
populationSize 	110
maxEvaluations 	20000
mutateRate 	0.95
mutateChange 	1.6500000000000004
seed 	1646684373006
random 	java.util.Random@3ada9e37
numHidden 	14
numGenes 	129
Training Set Training
Fitness 0.025397470055693948