-11.13496696903857,-7.420758591874929,-2.734563294028839,-4.0157914634721195,9.881474189988852,-2.4216987798883878,3.718553179573883,-8.343580644183536,14.139127899822155,-15.828825943940505,-7.927891290937186,16.470305138005095,5.375971469590452,11.279015309974078,-8.97562807503121,-19.520305910715393,8.597518287431413,5.572222868676619,-10.978981620696898,-6.897300255383261,7.2732546290824445,17.51986053248249,-14.861763716062582,11.72699619878723,-9.48085918914904,-7.672363126719025,3.452946106626146,10.64480240104938,-21.758024970403916,-18.779368540984528,-9.959375747439823,14.239584142538032,2.1593092851197575,18.171366966500287,19.595202204765542,-11.94742126890759,-10.109816602242413,-16.507684370170892,7.63461275414787,1.1981438913186615,-7.4836756505573145,7.608820894293997,-0.5138273748086055,-0.0040725532218690574,-5.310203522494978,20.801737822167667,-4.320080886132404,4.214665330552732,-1.1146142523533422,16.065475674413854,18.18438247493326,7.828612291736558,10.71572784889267,-12.201314623314047,24.663395493472187,4.041408766285256,-26.14112561178164,19.14377133466568,1.7007073395642696,12.60646971528475,-4.07856981586604,-6.827127559223145,-2.9187349311547397,-4.81720181929977,-8.175004852381633,-2.2996183735775926,-14.476673466229128,-6.574863800360228,-4.274527901223301,-1.7941658183576576,13.378055646377007,-6.352553317294344,-12.881512573750149,5.52645202210507,9.594326045261377,-3.632610939678517,1.9632080869674677,0.44810251241113086,11.969080457413941,4.311549685439148,-3.2943499322251357,24.32816632390923,3.7755962053334304,4.745399398198916,-3.2369700458882793,17.091516168406834,6.936549872568213,-8.465750902555893,5.931590191823851,-9.075908093555844,13.600599328476248,9.347162043526502,2.7784593958625905,7.162142372332259,10.922207992289733,23.94281434784574,-11.408779534389064,-16.582306077543336,-14.213377072003762,0.44573992901548287,19.15349934566695,-5.748218844485479,6.004198406116231,-28.169772815805985,6.029989142956058,1.447731508059599,9.148835978428767,12.95231004568702,-13.427057082870906,-12.637428244546,1.4424279695905957,-7.2490181996369305,10.969137331632448,12.563698023481203,15.61184464310377,-10.557881321345786,1.3719354279499063,3.201142380487747,7.243269460522477,-7.8010221969747455,4.096110372957658,3.647268437463996,-0.27364117665623766,-5.263097345729808,-22.653788697995807,-1.2164309351997495,4.830432429963318,7.733661197733251,-2.2526027634378867
neuralNetworkClass 	class coursework.ExampleEvolutionaryAlgorithm
INITIALISATION 	AUGMENTED
SELECTION 	TOURNAMENT
CROSSOVER 	TWO_POINT
MUTATION 	STANDARD
REPLACEMENT 	TOURNAMENT
ACTIVATION 	RELU
COOLING_RATE 	0.0011
TEMPERATURE 	100000.0
TOURNAMENT_SIZE 	5
maxGene 	3.0
minGene 	-3.0
populationSize 	110
maxEvaluations 	20000
mutateRate 	0.95
mutateChange 	1.6500000000000004
seed 	1646684373006
random 	java.util.Random@3ada9e37
numHidden 	14
numGenes 	129
Training Set Training
Fitness 0.023826263315778508