4.220448559505736,-15.391210193285522,-12.908770863162186,4.5748367922511175,-8.053391421508625,4.1599594077037025,9.857749426718557,3.7508478897145174,2.500462009642482,13.993635045857163,-0.4963489803852372,-11.249414550001985,1.0294615938332994,-6.050128205448175,0.39493935800685165,1.6337036595098766,2.162231224754266,-14.674245770292066,4.273565330278409,-12.297262752427466,-10.843161390744777,6.6948372745107445,-13.660304685925187,-4.673009915007286,5.2403743560039,-6.037029515408367,-4.548056871073053,-7.964139417994611,0.8961759803501756,4.294482615151591,-6.968608209043052,8.812255620693401,11.835890769485145,14.032929303645934,18.329843018949283,4.400727863959489,4.261929514953955,6.46834587293182,4.234838264675327,-1.9835407008957677,-7.868271203886033,-8.281818002964856,0.23361084681153876,4.800193387995925,8.478590168261102,3.9418253643291035,-4.004769135756575,14.560707357321787,8.524733174642366,14.69886057434963,-9.995180405723831,-18.9196027310958,-10.259450379170174,-3.8610595832134287,-3.8541841286496235,-1.8689655638456282,2.309913444633464,9.07638326246339,13.475888780878911,17.95573489882635,-0.04524518297999158,-10.994658182483205,-8.970801212208762,-3.8303299754056557,1.2029685783218476,0.7516281857419047,0.10231940878273349,7.4160281836054995,-10.897912744297868,-0.6649926028314059,-8.05675966634702,-10.564775681802189,-9.062994423377365,3.7810124002159027,-5.287516366276298,-2.9856637303471665,-0.14659420214302976,6.524063393316566,7.422472983211378,-13.919766774501657,-14.180609329025554,-2.4160873089740473,-2.264095476384452,3.7338438526061664,3.0261901687118034,0.1251654661555559,-4.034020732562041,10.244498702654107,3.6346692916579366,1.424867694038376,4.720965312045315,5.882263303859126,0.717721549748326,-1.8741196757156828,-7.37733387937544,7.312663301088654,-1.2705069580563961,9.64399788504767,3.10298426818615,4.062190181449302,-6.6992591196036155,13.17450295054761,13.494874577774771,1.3344549742145029,-4.034508864888313,8.309079465890793,-5.466406080192731,6.415847601424941,-5.382482535047533,1.8767480165364372,-12.628737368154983,-13.69395982136654,-0.02397658388932733,-2.5872872410944545,3.082361153238587,-9.257342617850295,0.858270695007846,-0.46324679737183594,3.449897204723392,-2.0390764042195055,14.062753184856442,-15.411980514970582,-10.728414458838028,-4.911923030759648,10.00987842169844,7.465831089916369,8.212493711581104,12.918830318934441,-12.482024174648439
neuralNetworkClass 	class coursework.ExampleEvolutionaryAlgorithm
INITIALISATION 	AUGMENTED
SELECTION 	TOURNAMENT
CROSSOVER 	TWO_POINT
MUTATION 	STANDARD
REPLACEMENT 	TOURNAMENT
ACTIVATION 	RELU
COOLING_RATE 	0.0011
TEMPERATURE 	100000.0
TOURNAMENT_SIZE 	90
maxGene 	3.0
minGene 	-3.0
populationSize 	110
maxEvaluations 	20000
mutateRate 	0.95
mutateChange 	1.6500000000000004
seed 	1646684373006
random 	java.util.Random@3ada9e37
numHidden 	14
numGenes 	129
Training Set Training
Fitness 0.019509048589947484