5.060399986510717,11.903619985071964,-6.568243567443952,-4.083871319896706,2.043696000203912,8.875970272264675,13.655399863944456,4.088045014343846,-1.9928848490249909,4.562411730814674,-10.195147277267326,3.9568841084903106,6.668690058099902,-9.86101196006012,-16.5604697137929,-9.353236335235211,2.9224440038624344,-9.244647655320422,5.2545336701787555,-5.292247010609021,5.1524698743740265,3.9338247935462256,0.6940663883679763,-2.9544912097708256,-7.462155997424642,14.336098330273463,-4.303405400864156,-1.30131949647296,9.36134579973476,7.378829230806478,-6.179529724309027,2.4982508191008064,1.6783226468103836,0.682087170657292,-2.9641568637715867,-3.6605348045912214,1.282892827474634,0.824867924464999,-0.5566999120534231,0.9809852065940632,17.727040208592243,0.45961284842950967,-12.108221181146604,-10.092613119182499,-1.095982810547162,-10.89709186731712,7.56790850058621,-13.999890737110084,-2.749175637111952,-9.577725107702955,-5.783953390591214,0.008442052483949247,-2.7445953878463794,9.62919329331628,-12.427116882918426,-5.0038735221723165,7.27253702569171,-7.333760528321401,10.012598481109949,4.160626719254846,-14.691711460770602,-3.6085515616027735,-3.9018338966990758,-0.7188839912372433,-2.7737724402607427,-4.384250973123931,-10.928495583948374,10.797701719008234,-0.7405257646988357,-5.960446139628377,-0.6102109933655191,0.8084037688349479,2.881013057076398,5.862318822248147,-11.222653421067,17.691878875987776,-3.809441715580875,-20.545876314731686,-9.187837967009196,10.522873273975987,8.969620529191268,3.031057491067342,13.053137425958393,7.74386603795007,-5.512720825561173,-2.8335721815355477,-1.261145694478361,9.190353714080867,-5.992469224839555,-1.1524513369066476,-2.249303370081864,6.6887076203594,-1.9950628156853938,-7.696907199366015,8.58280290298201,-4.0454773532874935,-6.66134083914727,8.72873212935206,5.298426284561225,-8.98414126227269,-9.384178275742807,-1.0209778593918388,-4.173112127864623,5.619761002281704,-1.406487054471917,-7.378778677771313,8.71742083388607,-7.898069958930167,7.874582781135489,-10.188029097224335,-12.3841890325928,-6.191602960887362,5.695761417056506,1.9604948054051743,-2.4831512692305537,8.904541654504166,1.8374835908890965,-2.467786627684541,9.270216340376729,8.29077885958582,20.60315610280962,-9.625600598883494,1.129545712728227,2.0157214077077317,3.6214734702094127,-5.339259501860302,5.933988920653672,7.28660993529788,-15.631260134451807
neuralNetworkClass 	class coursework.ExampleEvolutionaryAlgorithm
INITIALISATION 	AUGMENTED
SELECTION 	TOURNAMENT
CROSSOVER 	TWO_POINT
MUTATION 	STANDARD
REPLACEMENT 	TOURNAMENT
ACTIVATION 	RELU
COOLING_RATE 	0.0011
TEMPERATURE 	100000.0
TOURNAMENT_SIZE 	90
maxGene 	3.0
minGene 	-3.0
populationSize 	110
maxEvaluations 	20000
mutateRate 	0.95
mutateChange 	1.6500000000000004
seed 	1646684373006
random 	java.util.Random@3ada9e37
numHidden 	14
numGenes 	129
Training Set Training
Fitness 0.023085160365503583