-0.8425810935668476,0.9088660274460381,5.817315004751338,4.892655236251662,-3.0795763431225716,12.237378281527706,0.624162283774508,3.422118675019692,-2.0261475547220167,-2.020916581360184,-18.84533389880596,0.4549794020233371,-2.6650987132062998,-10.027318088790116,-8.308045719126302,-3.7333460588471787,0.14051362247369603,11.373385661601686,0.8475804961776072,-1.2858053760275232,3.8642845338100944,7.4912211707757415,11.28275664429478,15.794018203933586,10.568132266039214,-5.790091724737026,-19.641425906385706,-9.436212872719068,-7.314140132303118,-2.471390108038926,2.7412008387415723,-9.307187642378365,-1.2713524182304017,3.44275122046899,-12.280419070428756,-0.8010351330411778,-9.77518723297244,-4.367284410579487,-7.287493948558184,-0.8524129180720088,-8.393402759803113,-4.4562191356120735,-11.811680308384933,-3.58494692894217,3.637679577886769,-5.502240988408036,-7.602714982194545,-0.8237329011908763,1.8124167757236727,5.480797825523064,-2.8655507182908693,-1.2054692403112508,-4.6913932964300145,-1.3096505589570722,-13.932916926055743,17.2738494793093,-7.1391598317118365,7.55218434758229,-17.292389270538965,-10.57211024132915,15.653358296586173,-6.36217503241952,-5.264217222336286,7.4764392027846345,5.014335728121651,-2.427399073198556,-7.802185272555899,-18.850637884961564,5.730865678041841,2.7116555322722213,4.509768132701022,-0.6903161628112588,-4.11874284233639,-4.546456255000637,14.099891780793076,0.8515779954258118,8.959930117845445,10.511454215772103,2.6769389254532197,-7.263369103575693,-3.540037660138494,5.924976866783453,0.9923320312593082,5.943216900860552,-7.442094351326412,2.320730172246857,-3.689923007700118,2.412346880314166,-3.220688703361432,1.1680502835988298,-10.787330975415827,-11.23628555710084,6.494647554024764,11.076337860268435,6.184701298927624,1.125232666918368,2.5302444428933164,3.2935457758165834,8.462799844856345,-0.9309127982894321,-18.933951995149513,2.8338631128063296,12.800094659241275,2.3855598031238987,1.3107386441007858,-0.6948871193640507,-12.74035953514878,-4.7470614184062505,4.224041063522238,-0.28423788924714,4.084194097124081,4.167517381328939,1.7310650965045968,-4.498373574790589,-2.4219132115343402,1.9667073947735147,12.589640511718786,-7.561944686982896,-5.946541406544133,5.657157508191375,-11.644419670183781,12.400843450556717,-17.560786293130164,-9.19677759811498,7.475571820502048,0.08688976208099497,-6.771700493784907,-12.415820869369924,5.884661087316999
neuralNetworkClass 	class coursework.ExampleEvolutionaryAlgorithm
INITIALISATION 	RANDOM
SELECTION 	TOURNAMENT
CROSSOVER 	UNIFORM
MUTATION 	STANDARD
REPLACEMENT 	WORST
ACTIVATION 	TANH
COOLING_RATE 	0.0012000000000000001
TEMPERATURE 	100000.0
TOURNAMENT_SIZE 	90
maxGene 	0.9999999999999999
minGene 	-0.9999999999999999
populationSize 	110
maxEvaluations 	20000
mutateRate 	0.95
mutateChange 	1.6500000000000004
seed 	1646684373006
random 	java.util.Random@3ada9e37
numHidden 	14
numGenes 	129
Training Set Training
Fitness 0.03911680402095261