-0.841381128916734,-0.5857248486681852,-0.015054274324506789,0.9734303964177747,0.9368537513490572,-0.907621545548969,-0.40159054855339704,-0.9087252360410377,0.5812752220045584,-0.9077871568579864,0.8389527919780345,-0.3792729648013886,0.8347393154428501,0.4849852886756326,0.28960315035819295,0.7746662392245208,0.23789153611038782,0.5276082240245837,-0.03417026302021542,-0.11057263068852952,-0.913249771600965,-0.5423863812155434,-0.05622977278580055,0.3125063337458297,-0.5039065166383598,-0.12103602818169112,0.43915943291550674,0.5197105228614031,-0.7276316352460008,-0.6229993021412048,0.30207593919140485,0.8927449298116678,0.7036716292674173,-0.12914749467384112,-0.7099851614821675,0.8701674447745117,-0.8608720908132758,0.33364951551162936,0.5550173880103811,0.25093479849350786,0.40791130891424554,0.07510259192886515,0.7937692558405341,-0.32927855259545313,-0.9944186214101153,-0.09422350182480854,0.47497525136487784,0.33384820820543915,-0.6328682783276609,0.12934730947390893,-0.7717684059464746,-0.9401034353546213,0.19136791973064204,-0.16099941745164603,-0.9840594743092558,0.8561027233219408,-0.8975049439595456,0.6084885438215212,-0.5698766462112417,-0.7076266784689269,-0.6085757444583462,0.07162096417514985,0.7704002669846136,0.9553252965477658,0.9446225866032721,-0.2285753357941782,0.7030360569991486,0.6656052861378486,0.42696497279607415,0.2691653551384686,-0.8517757924359673,-0.2561018474460173,-0.006574344099860019,-0.4974847444395112,-0.34735661468101164,-0.34344430950633775,0.030168751845381814,-0.23880760476690988,-0.9436469485887712,0.18032122591609612,-0.34389362310478844,0.3378035145635684,0.6035377179008375,0.583658486938445,-0.4652690010188576,0.6728687537028303,-0.8447481122169341,-0.9152366628377883,0.23996511538311516,-0.10494492566074287,-0.29447789030664184,-0.7999667160447058,-0.5630261879704288,-0.3330924963733324,-0.4469714920384631,0.1648370292400908,0.756687289102001,-0.1911267066280149,0.8954965882626341,-0.6604861339737562,0.4728386014553273,0.7472972470359168,-0.007306999775051448,-0.19862808838922064,-0.8340340427331293,0.791284569317091,-0.1280048853301261,-0.2803961870901879,0.29822439140483603,0.7213119385249448,0.20913579424601025,-0.5537791230570634,0.8835391595433545,-0.6541741361752524,0.9785238442652276,-0.5704545324180161,-0.36484093463553924,-0.46091164848877075,-0.24194635458964941,0.9335459033028867,-0.09752495077861534,-0.10044910628076864,0.2837437925844698,-0.4370488636811434,-0.19514561171543,0.9976995120234299,0.6955051794213102,-0.2183336736992898,-0.2640987235762855
neuralNetworkClass 	class coursework.ExampleEvolutionaryAlgorithm
INITIALISATION 	RANDOM
SELECTION 	TOURNAMENT
CROSSOVER 	UNIFORM
MUTATION 	STANDARD
REPLACEMENT 	WORST
ACTIVATION 	TANH
COOLING_RATE 	0.0012000000000000001
TEMPERATURE 	100000.0
TOURNAMENT_SIZE 	90
maxGene 	0.9999999999999999
minGene 	-0.9999999999999999
populationSize 	110
maxEvaluations 	20000
mutateRate 	0.95
mutateChange 	1.6500000000000004
seed 	1646684373006
random 	java.util.Random@3ada9e37
numHidden 	14
numGenes 	129
Training Set Training
Fitness 0.11312115996178601