-9.392954887792822,-4.560513504118649,-10.421405103411738,-6.221691917174333,7.832201404669732,-3.2958766282833007,0.08733534769077522,-7.669828804227569,-7.848380943187652,9.5185798179162,-6.009400598237754,8.92375243409768,2.651539473541792,-18.19196093134738,2.8976931832625565,0.05499889786198686,3.1809348900032717,6.012155804370713,13.126220520711577,5.6796586565228555,-10.485482568690115,3.0764043904351466,-0.2313443683308769,-6.642544311500433,-11.550098563519493,3.866212916293561,2.986524126933352,-1.834228231621422,-6.352399507438511,1.4339515676577728,0.7078585161392441,-15.052914921429888,2.1783976066122523,2.684073482912897,-0.6467860638683725,-10.186607063738563,-10.614015345834956,27.384443767805244,1.3026302882619865,-3.1726654601851454,1.6036310473432014,-13.53787430050482,3.590543676867841,22.213712064005726,18.38199689070386,8.999627080859883,-9.02224740973172,1.4765920126514684,-17.408934297928642,14.512845281376547,2.1491601055887006,6.256156420676858,-17.347464824923975,0.7446819834401612,-12.676882146711398,-6.144045353935194,-10.460143212932598,1.0485356421631309,-5.717190141686197,4.955190850814547,-17.9985171355991,-4.386388761605849,-11.74777810286838,-2.9078298034013734,-2.681269894962493,-11.800776748725548,-3.7611479056862116,-5.885992990001327,-8.99696324770661,-5.801998343843195,-3.7475709275544267,-3.0158155273198926,2.568242638782384,2.438144758948523,-9.06648931597945,-1.1764592995121514,0.8318854287104234,1.7625971665320073,0.18794750847595854,11.081736815929508,4.70536335721017,-5.461734192762946,-2.527193936342522,-11.204746635804355,-2.5738242267840494,-1.4988786128322866,-4.583548752677987,-6.515562323761026,-3.3836899409311973,8.28326681870856,-0.41989658544229247,-0.8738837733907463,0.5192051616418953,-11.104212996725485,14.390663154910506,7.715289170943567,-4.863610351105823,-0.056337191988617974,-3.923924498687695,1.148627779960309,5.975467470066868,4.537911462409548,-7.808626101452719,1.628434032698971,-8.586883174455926,-7.919105514386235,0.9279870828036456,1.8835406819386522,3.8191548050625412,6.195194022584197,-4.2864378770118385,6.26552594572035,-5.342463370827616,0.43462808161968347,-15.638666665109497,4.036025268359182,-9.515440663194708,-0.3372553326319636,-0.6751300480053937,0.5658988787914083,1.2213739086659192,-7.236298038479411,0.574610611900197,-0.520111736293404,-3.4648649483687475,-0.5681213829709071,7.634763383144781,-11.427767262516156,7.084262075697065
neuralNetworkClass 	class coursework.ExampleEvolutionaryAlgorithm
INITIALISATION 	AUGMENTED
SELECTION 	TOURNAMENT
CROSSOVER 	TWO_POINT
MUTATION 	STANDARD
REPLACEMENT 	TOURNAMENT
ACTIVATION 	RELU
COOLING_RATE 	0.0011
TEMPERATURE 	100000.0
TOURNAMENT_SIZE 	10
maxGene 	3.0
minGene 	-3.0
populationSize 	110
maxEvaluations 	20000
mutateRate 	0.95
mutateChange 	1.6500000000000004
seed 	1646684373006
random 	java.util.Random@3ada9e37
numHidden 	14
numGenes 	129
Training Set Training
Fitness 0.017467999959245344