0.7280033630483608,-0.6948462953606493,0.8323818578267473,0.9010385562925177,0.6542382855583154,-0.6263951817230085,-0.6395762446630249,0.9863559108293171,-0.735249219981263,-0.10991634600845956,-0.7823545844738985,0.20893425114868946,0.007794412917122906,0.9696683556655933,0.3461576348331835,0.930879433660546,-0.33070825265856807,0.29094528291081734,0.13253554732965556,0.6312442791382408,-0.14940389616332883,0.42166982026052546,0.7644015623442905,-0.17559822508010003,0.25711879312741004,-0.6520724293639297,-0.17664220675041387,-0.7844991965641962,0.0690572097131027,0.13881287087567784,-0.32900316350182757,0.7260491275932804,-0.8953742573661542,0.5466532762932946,-0.3681226666072879,0.43859228859905464,-0.5156248698179526,0.08822547244125067,-0.02300004292625779,-0.14740721425297654,-0.39616012999373096,0.061976815120369566,-0.5824051063092157,0.9873091613872632,0.6887802273729907,0.21885477763063432,-0.9443943394906483,0.6737683481647235,-0.309560085198064,0.6899734963690985,0.7556038330843605,0.31881863080386974,0.20599138799414807,0.509762992977291,0.10672876451706281,0.5146370814759708,-0.22997991059248268,0.9668315715340353,0.0601832592456758,-0.48454203580753386,-0.4854439606982681,0.26957829116426246,-0.7682184248478324,-0.8258833261823807,0.04341344512133871,0.7600597493676328,0.7939629960223175,-0.5657808299377585,-0.38032571199857435,-0.04759654738650876,0.8152493340994252,0.9668152866758534,0.6711865629007246,-0.8609501574330308,0.7089075804164172,0.49819686579999656,0.09690900823146753,-0.8502243733847011,0.2941454182352702,-0.409655225089133,0.07960130185224357,0.3865371499361717,0.997205620193382,0.2788238637632193,0.004987568672233933,-0.7353729663979198,-0.3730172846062014,0.4230562885875716,0.8983413234963199,-0.9514490264504295,0.34577604653335625,0.7938245824932556,0.3186326842044386,0.22721867513130667,-0.9459156097043705,-0.07007118327077522,-0.24964444107827433,-0.3639116470016528,-0.5925226851003313,-0.25503856918287515,0.10611807552295238,0.6876068924155202,-0.7094948037773912,0.8253496227258529,0.28486375421940824,0.6253118592383394,0.4438432295477849,0.5198679843505413,-0.9842617575537685,-0.6163357914124861,0.9165425004927422,-0.4043087534070877,0.9083732551306675,-0.024497022091425125,-0.33678056119650157,-0.1392960470953739,-0.14673747760954203,0.04882836337116403,0.2135603742111677,0.4864159248696044,0.38541585192032735,-0.029495915448328303,0.5109903520694482,0.7669783869286421,-0.7507270705252665,-0.8642283770804623,0.9407364062896847,-0.018089480202088115,0.8929654404481978
neuralNetworkClass 	class coursework.ExampleEvolutionaryAlgorithm
INITIALISATION 	RANDOM
SELECTION 	TOURNAMENT
CROSSOVER 	UNIFORM
MUTATION 	STANDARD
REPLACEMENT 	WORST
ACTIVATION 	TANH
COOLING_RATE 	0.0012000000000000001
TEMPERATURE 	100000.0
TOURNAMENT_SIZE 	90
maxGene 	0.9999999999999999
minGene 	-0.9999999999999999
populationSize 	110
maxEvaluations 	20000
mutateRate 	0.95
mutateChange 	1.6500000000000004
seed 	1646684373006
random 	java.util.Random@3ada9e37
numHidden 	14
numGenes 	129
Training Set Training
Fitness 0.12113275530951866