4.568549409228398,-1.6687667904399603,0.05188121872755325,-0.5823074828165238,0.78314841602268,4.487586631562513,4.621046533853798,3.6608783153957694,2.699164319721273,1.1653380052482945,-4.465716981523189,1.0234187409777444,1.1491955888936873,-4.351309971698479,-1.0181767182058397,-1.2648528245271873,3.3206708727315863,-1.3476064206284635,2.203518278197866,3.478703114910588,4.380362369396705,-2.727139152257969,-1.6695792585453013,3.8337400998614646,4.212662427767362,-3.178136029479375,1.8147604320885162,-0.21350033342817132,-1.2397632851324705,-3.5092951904928715,0.8703212830297082,-3.3405232928120716,0.7068340329114187,0.16579495617700246,4.615151204373535,-1.1423030959857678,-1.369289020975653,-4.572876396322937,0.8159568360258973,-2.9925771246121737,1.2832934475076727,0.30914559359068505,0.07846042050718971,-1.920093905823256,-0.4886225861875775,-0.9108365035883574,-1.7895875050805437,-1.0529062710693236,0.8423367716997028,-0.20867377585640345,2.0038819405919908,3.608001193720882,-0.10951937150215274,-0.44508519837590566,-4.459138717570892,3.7537537790529294,4.6188751326389585,0.3136301425929733,-0.07884756136012339,2.006100634396304,1.3046149869220285,1.1681475537306127,3.2439143912191364,-4.131498877766317,-0.49329904410804204,1.207246333755199,1.3441812041652756,-0.12932381938681736,-0.5756438915290651,-1.7566271484278744,2.69307687983704,-3.033176839059273,0.2597790648698368,-0.12345965608567866,-0.3846220867463126,1.314477228494594,0.7630101174328745,-0.8139842997291789,-3.539505112864346,3.815311780061174,0.1377532378733095,3.3722918071027204,3.5828665902986927,-1.0090418666288614,-1.7743271985677769,-3.7676114918064374,-0.35481731304452335,3.496224951306009,-0.6371467579410233,-1.250424887607117,2.8527720369987764,-0.8611033779333335,-0.4842177210905749,-0.23584897891871348,0.6599160496484071,0.6795825648923728,1.2553909622632968,-3.6350290276114583,1.8587678885800427,-0.8731107770915889,-1.28364494354304,0.5519458058129927,3.2689811709918093,-3.277516226282711,0.915033192088698,3.4677975695248167,-3.808927470867281,0.9774121721417384,-0.8369077500710187,2.8828957364156933,-4.431035303699096,-1.0246655907141506,0.315037514717486,2.4900460452322157,2.5270802825916663,3.6501360095605158,2.2265427655939463,0.02665120898094364,1.804773608550133,-2.3253304358630906,0.876640584293841,4.5397111990448575,-2.6941831618387266,-1.2358201366583317,4.420512584532545,-2.9553253443136134,-2.686928195287507,-3.0977383565348484,-2.509215792840529
neuralNetworkClass 	class coursework.ExampleEvolutionaryAlgorithm
INITIALISATION 	AUGMENTED
SELECTION 	TOURNAMENT
CROSSOVER 	ONE_POINT
MUTATION 	STANDARD
REPLACEMENT 	TOURNAMENT
ACTIVATION 	RELU
COOLING_RATE 	0.0011
TEMPERATURE 	100000.0
TOURNAMENT_SIZE 	90
maxGene 	3.0
minGene 	-3.0
populationSize 	110
maxEvaluations 	20000
mutateRate 	0.95
mutateChange 	1.6500000000000004
seed 	1646684373006
random 	java.util.Random@3ada9e37
numHidden 	14
numGenes 	129
Training Set Training
Fitness 0.056229995228756297