7.5372145794448375,-1.1006854605959129,-5.387533761641357,1.8907185818358152,-3.430299613955194,4.842637727517172,1.354261340514121,-12.311433924923879,-9.543967119383021,9.53842059010249,-21.513370311253958,-10.682009980487686,-1.0958286164140087,4.6036627475935115,4.293096809491531,-4.623470598340146,-9.184092767229394,-4.195208667178705,-7.0128908332904505,-8.024489710992349,-4.671087785729657,12.191188062031046,-6.463371037783336,5.859795451535813,-3.426324951013944,-4.043745678642601,4.827280525525818,10.1678458971493,4.963454103650044,4.335645263906438,-6.818410268384701,7.380203563161503,-9.725174303492773,9.344882775810857,-6.327438441483227,-4.8716699173398625,-10.321636479103093,0.6136349422649774,2.10304306971223,4.2720663908175975,-9.15656583777325,6.341527339886143,-7.781977121488378,-4.9971948131586,-4.131950153748027,-12.419569827326825,-8.974778771933106,14.04079703501863,4.974170836069604,2.5407437036428764,-9.379972530315126,-1.4311618666462556,-0.8391957509693899,7.424281152608115,0.7940456721661011,-0.9190833701234933,4.071698158245573,8.953928090295207,10.85221112736786,-12.776777469973766,-2.7386168366156376,4.850334369815959,-8.878355106199983,-17.93374628639875,-10.71723180815078,-12.201527029262481,-4.843884229536986,10.570579184538802,-12.428552508505256,18.501978536932235,-4.626818040857713,-1.8048510490520586,-2.2836676414839348,16.190756241192112,4.00678925766875,8.445867637937036,-7.016828765675443,0.6774298013277238,1.2663039522522528,-4.426522944665178,-1.5530232421363026,-5.2492242938843034,7.963662902382547,-2.3463782851809647,6.491331379956524,1.3993685975830799,-0.7964738631809984,10.81829854066859,2.446994800164893,-7.823758628396311,-0.4729799358295992,14.956720725577656,-18.230808218930655,6.64544081546873,2.207863100173374,4.96495388075855,3.0924102600570498,1.1939387176323208,-4.229631870742576,0.9475097218691495,-0.8965065672736756,-8.10256424485869,8.732019627881796,-2.5395873383477667,-4.361736818910449,-3.9538256334072432,10.719026259549775,3.9840804853952054,-5.966136192479338,2.5669534083228625,2.1614533196283494,-4.474309918743224,-2.4415294382782946,-1.9298821023972383,-3.554758643246733,2.0745266660703763,-4.4580425344623045,-9.194626865157527,-3.0683777837603667,1.7201431878634832,-3.5044248086540435,-0.6721487610490264,5.850144934023259,-0.40801553346012653,7.135640670683927,-7.794062787920074,4.679728986622759,-6.409540475135664,3.4656942242223643
neuralNetworkClass 	class coursework.ExampleEvolutionaryAlgorithm
INITIALISATION 	RANDOM
SELECTION 	TOURNAMENT
CROSSOVER 	UNIFORM
MUTATION 	STANDARD
REPLACEMENT 	WORST
ACTIVATION 	TANH
COOLING_RATE 	7.0E-4
TEMPERATURE 	100000.0
TOURNAMENT_SIZE 	90
maxGene 	0.9999999999999999
minGene 	-0.9999999999999999
populationSize 	110
maxEvaluations 	20000
mutateRate 	0.95
mutateChange 	1.6500000000000004
seed 	1646684373006
random 	java.util.Random@3ada9e37
numHidden 	14
numGenes 	129
Training Set Training
Fitness 0.06378345168445722