-7.581844069571066,12.62874134596794,-4.06150621349531,-17.499287228130477,1.379617948856703,-21.90779137146457,6.81425548178346,16.859983241684404,2.0505382174386044,-11.319967811408551,-0.721379264418684,-5.163223645868669,7.1753375826976065,-2.9026776728936623,-24.64432117539517,-1.9812016142100184,-20.621492408257033,13.77492298201106,-5.9796417914474524,1.3793259268248246,5.56088203637851,-0.3898715401303203,11.980846136159345,0.3040560221315385,6.98159510998118,25.458851931913365,-3.0396194548616133,2.1490009833464425,-8.125548656687746,3.1395295583652345,-16.943252657497297,-17.721679336036544,6.9825217386023635,-12.608457053271957,1.2782578706248442,12.305088129719284,2.4506861075305313,-0.6931741190650156,2.023350900507886,2.438296697317412,-7.251829430095789,-17.013671816590048,-5.667200580914024,-3.2958365536561036,-11.37042663994595,12.464071553254705,-13.363390166157398,-12.857878721134995,5.111284213242393,0.16489720461692414,11.940573016435533,2.740845775270923,3.3633380971582127,5.965635638686646,-9.576308164099839,12.339034953415236,-2.8937155750313046,-17.576375421918307,8.739454599278389,11.905202752511151,-6.18317182964233,-5.7215637342314345,-0.08375147907528202,7.634715115178869,-2.7990538670767418,1.929510244531821,-10.589058299775315,-7.4137460576545635,2.747129922746776,7.304016642683356,-12.560652671414498,-8.803017877777943,3.8147955987974047,2.1435742340373,-6.694990356144922,2.2195107333042046,0.12742774567792914,6.158199827582687,12.649586615540251,-18.781305550464666,-25.793177424338992,7.109537979659349,5.5836580994279545,-1.2012989447289986,10.639092230514489,14.636589332365977,11.229829553023224,-5.949275429641104,1.0548880586523754,1.3758321693900344,-2.829447294653037,11.719132085990253,-13.964401719011505,-6.446200333550799,3.691127944691356,11.978756847953939,18.62407289833873,-7.7561514332541535,-18.706097068974138,-22.701528644298776,-5.327274780941014,-9.119972358006859,-14.067273388209411,-4.013902418737162,7.603653835529508,18.059625502011038,-12.822734532566844,-6.932868512866326,6.634730908053754,8.44214843171682,-4.340654122239261,-1.266721506077138,28.179022982616296,-2.986785788249941,-5.513462845851395,-6.244394398684501,-10.899373131972327,-10.26005876897901,-6.845150690736903,9.935511535135788,-7.670533022274338,-3.1696445579797263,5.680437614174187,-4.261723318889258,3.9312657491682934,-2.8475452523737594,-6.20413929902227,16.10056304410123,8.344699508274708
neuralNetworkClass 	class coursework.ExampleEvolutionaryAlgorithm
INITIALISATION 	AUGMENTED
SELECTION 	TOURNAMENT
CROSSOVER 	TWO_POINT
MUTATION 	STANDARD
REPLACEMENT 	TOURNAMENT
ACTIVATION 	RELU
COOLING_RATE 	0.0011
TEMPERATURE 	100000.0
TOURNAMENT_SIZE 	10
maxGene 	3.0
minGene 	-3.0
populationSize 	110
maxEvaluations 	20000
mutateRate 	0.95
mutateChange 	1.6500000000000004
seed 	1646684373006
random 	java.util.Random@3ada9e37
numHidden 	14
numGenes 	129
Training Set Training
Fitness 0.007215962734889685