9.608017631167751,-11.191911034239245,-9.364135991881492,-2.976108449711427,5.547580427624422,-2.1510005968888697,-5.74869122045127,9.700561402191637,-1.0059083104629583,8.676170411044833,4.28297594293941,-6.407236901300383,5.105487817973613,0.41236431377230076,7.155704392069389,-2.9043904389209323,-3.6993141538427574,-2.7708843017322033,-6.186171551136222,-12.642626008316773,-5.824892831034397,2.9416504840160873,2.0553187118126486,7.638868142772354,-2.4818470190682227,-3.192133824886392,10.089841126658632,7.367744849049774,-2.845405212995991,-11.044028457534088,-10.82781045924341,7.009001888005118,7.262695654924596,-2.994384503160253,-1.3128494900856325,-2.4930510738950673,-5.959754604154858,1.6250729895750116,2.3739751201711075,1.1753820274846545,-6.554454092406389,1.3322866481658577,1.1282352282456722,-2.428303064658828,-4.216254814305902,-3.4996995338316763,-1.4440426328391025,-10.462845587773593,0.4397774838380757,3.6678521840903953,1.7295316632764646,13.919497731630761,-0.6724734568919404,3.9836307391719092,11.707005315990559,1.6156034890059026,6.730686919722412,5.777933942477938,-1.924020584765744,-1.8691647008733288,0.6541602311930768,-7.591799627852652,-7.079564186684735,-11.201749709567355,1.635680832160654,-2.384878814179407,-1.9665678347617668,6.384796510162632,-3.46427668467261,6.553772345611458,-7.339290388324132,0.5331202175141829,2.0796087471504756,-2.9705557256176736,5.909872401740127,-0.05341093382158135,-4.180920278515385,-0.9794240923168207,-2.1031006707635043,-2.028379829977249,-5.888522842188032,6.111440190624116,2.0263676972659743,8.515386817874294,-0.8669876070579079,1.2849572825324946,-5.536132177545069,-6.041538526915017,6.598482761012263,-1.5087510606314716,-5.041294471297094,6.730939147708098,-5.59685700632537,6.2602812110389205,1.9620935737743066,3.467065517801611,-7.2166973351051915,-0.8828223646599973,-9.939356253866274,4.487383265967799,-8.289423350996064,5.486517419559256,1.0070817751367427,-7.921108887583886,-2.109420618015978,4.987170095545311,-3.120284304879834,-6.297304567019189,3.130210309309491,2.321951678287819,5.939297128262302,-0.5448801193059332,-4.631463164437881,-6.843381207166017,-4.8734740201494455,9.042219735175381,-5.465357549111408,-1.5395415491648237,-5.84444318102361,2.1491372288170965,-3.148333599017061,4.795956853992782,5.5084752015005005,7.49471136632857,-3.80921210807017E-4,3.597772516630998,-0.07717865944210267,-6.541752323855176,-0.5195805668629685
neuralNetworkClass 	class coursework.ExampleEvolutionaryAlgorithm
INITIALISATION 	AUGMENTED
SELECTION 	TOURNAMENT
CROSSOVER 	TWO_POINT
MUTATION 	STANDARD
REPLACEMENT 	TOURNAMENT
ACTIVATION 	RELU
COOLING_RATE 	0.0011
TEMPERATURE 	100000.0
TOURNAMENT_SIZE 	90
maxGene 	3.0
minGene 	-3.0
populationSize 	110
maxEvaluations 	20000
mutateRate 	0.95
mutateChange 	1.6500000000000004
seed 	1646684373006
random 	java.util.Random@3ada9e37
numHidden 	14
numGenes 	129
Training Set Training
Fitness 0.029015801114592527