12.888377850915399,5.799504102679682,10.098370282664598,-5.277410821953588,-0.23887929623026638,-4.782445771503053,12.940894185575651,5.024320325710089,-10.92548531345528,3.23097228266304,-4.050453088928589,4.426110183476897,4.5748737415797125,1.448190370614693,-2.257221423780903,-2.243212718361595,7.718186701763916,-15.60333994708041,-8.881350051215858,-4.145936930534184,-2.3636736805598435,2.6436160895889813,-5.9372714837770575,-9.815261711332566,1.2642427429071792,-9.755613603244752,-1.1790303179291834,3.3966029840185072,8.27666816077987,-1.0180894904318354,3.8405963594760744,-4.812633058107355,-9.686289489693438,4.001359497637952,13.706600925121718,6.809946098213986,5.793080981771423,-5.82851500853684,-9.686393068850425,-15.145088668055763,2.062556261679516,-1.4804376804855073,-1.4375712300411796,-4.740106010417647,4.739634023066218,1.3395222653875571,-2.142214312367182,8.792223522799553,-3.3337972423235493,1.663105335267252,-11.09176843092726,-0.7149408071722565,3.7244063370753926,2.9616028129941174,0.941469864936729,6.078761139681803,-5.434260848461555,-2.789014616934061,4.997837294665089,-0.8717691191118426,1.448771913207242,-5.694045057459871,0.5018437327047911,-5.316563758583696,-1.138235227392066,2.5486866128844037,-6.1137294863904765,6.23431760531508,0.8747843716722477,1.8157663629703382,-7.9445668969428755,-2.967238587463732,2.671800997380803,-1.1279384358354996,-10.276170972264131,-2.6866951480298846,2.7066012868764284,0.4029949962509032,0.3034973056817032,9.630727847177939,-8.542789032627919,-4.67306875737655,7.388026032742525,-6.883335882495877,2.121882859357342,2.977115627249103,2.8432562370896957,2.128855672981583,1.5055624650707378,7.5078390632393806,0.7143358171614009,-6.124347262168954,3.5891046843590546,4.382241873828063,7.195889935489762,-1.2551486682583866,-2.2956260692268584,-5.410602159664174,-10.81331815018588,11.19993952003303,-2.3432801722612457,-13.833941756391626,19.012248155087846,-0.7216878690882087,-8.807821470760587,1.1136682233751678,-6.251397986170694,2.284996258275209,0.35011053844658235,-2.495997479974812,-2.7827931898780305,-0.22808672555279585,3.5728459360377984,-3.842996845077116,6.796031489688588,3.5266906769050905,-1.587735951687847,-2.6978667111639854,5.8536105058745065,-3.6334836304981124,-4.420901772263779,-7.950201060136684,4.51263800066776,-0.4584809515279398,-6.875887345731119,6.052122713597463,4.6867364623494225,4.398635566829902,0.3211578023703785
neuralNetworkClass 	class coursework.ExampleEvolutionaryAlgorithm
INITIALISATION 	AUGMENTED
SELECTION 	TOURNAMENT
CROSSOVER 	UNIFORM
MUTATION 	STANDARD
REPLACEMENT 	TOURNAMENT
ACTIVATION 	RELU
COOLING_RATE 	0.0011
TEMPERATURE 	100000.0
TOURNAMENT_SIZE 	90
maxGene 	3.0
minGene 	-3.0
populationSize 	110
maxEvaluations 	20000
mutateRate 	0.95
mutateChange 	1.6500000000000004
seed 	1646684373006
random 	java.util.Random@3ada9e37
numHidden 	14
numGenes 	129
Training Set Training
Fitness 0.023857447762773317