10.440025569338824,-5.479932758577749,-2.741546312170901,3.5613425808279624,-0.44015463403734145,-3.8075245947406557,-2.7358709529352248,5.688786280794631,-6.180767725602903,2.507683997132615,10.275719070974231,5.390305309821901,1.868345947278259,-4.811776201583912,-8.605541320628873,-8.990484435316313,12.465647898134632,-5.563832746162941,5.024407976679798,-3.237524073538513,6.8917818879557196,-5.700076466632201,-2.5935457136457103,-1.7225374848612498,5.6730481288430035,6.007930359111212,9.081322666262922,-6.306630887591945,18.84363374552707,1.6875643995123255,7.111734595361739,-1.2624043740146988,-6.856659989145429,2.933297437086683,0.8426820929889303,-3.5687603565364308,-6.422374773003467,3.946325932483166,7.44011218973384,-7.24114153133057,2.5093606408960625,-2.5113925022916224,-5.677853858396567,-9.107975845313021,2.106773910638448,-0.07256193173216907,-9.16671579065235,-8.329655922622926,5.2896337466515995,-11.007590328081866,2.360876232381571,-1.6294236073348571,-5.5541932277551425,-10.175211081638768,0.8044658135836102,-8.066080657386287,3.9328966304221886,-9.079938204187291,-14.767555709843696,0.9235091409737475,-4.665248025744978,0.7475921162447516,3.5467782171870996,-1.751387382093542,2.710210236440015,-7.072955515132387,0.6754031889241503,-3.281045000964591,-8.948479917618183,4.549426073722908,-12.226795869773483,9.582075844392431,1.0624648694280152,0.9013038600479604,-3.913669461620353,-19.001441261525606,-1.6787126546410809,-9.216041881051014,1.3709233513930723,-11.475564991097038,-5.638906377391423,7.0149350519966704,4.806158729261997,3.6970132830646527,0.7304926974065644,-11.54233457746215,2.5528404368729705,-1.5401595957796537,4.089806445083154,-6.254481293651967,-6.917396344791941,-6.135547233472473,9.753261878998941,3.899865430277515,-4.460882671852208,-3.6989703124473126,5.105157368722617,2.3374237339440977,4.241504446849847,-9.21298631390427,0.49807073786235634,5.97036888602946,0.15152356130826306,4.782216055269884,13.083757004926321,7.4733882458797325,7.549887008379773,2.0008782766521636,-2.517539743578901,4.1750667477190095,-4.246583997536021,1.505614425638142,1.7639432337210064,-9.82330890240992,11.103563409199712,-4.904888653122422,-4.206384110839286,-2.9402353388490328,7.4181613129797155,-4.863082603746985,13.689722210458712,-18.33577296011135,8.572080174196874,2.9986036740356266,1.192623443201251,-0.6474232435121632,3.8088131040219277,1.045034121228209,5.614792538078974
neuralNetworkClass 	class coursework.ExampleEvolutionaryAlgorithm
INITIALISATION 	RANDOM
SELECTION 	TOURNAMENT
CROSSOVER 	UNIFORM
MUTATION 	STANDARD
REPLACEMENT 	WORST
ACTIVATION 	TANH
COOLING_RATE 	0.0012000000000000001
TEMPERATURE 	100000.0
TOURNAMENT_SIZE 	90
maxGene 	0.9999999999999999
minGene 	-0.9999999999999999
populationSize 	110
maxEvaluations 	20000
mutateRate 	0.95
mutateChange 	1.6500000000000004
seed 	1646684373006
random 	java.util.Random@3ada9e37
numHidden 	14
numGenes 	129
Training Set Training
Fitness 0.05501867106831981