-1.6323344760892944,-4.958271597918597,0.3701576989122657,8.265190910568089,-2.0884617563113563,-9.584666800009094,-3.8674372460003283,-7.772995745893024,-6.698139684116314,4.149524978395174,4.818387278834107,-8.109010853696258,4.185439826410878,-2.32174033152965,-13.977707953549796,5.2002712914834515,0.25243629135480194,-3.739738719731452,-4.155842291254942,-8.238457518436727,-9.642493782501717,-3.0964640453107783,-2.2568799975085074,-0.6741649263776486,-0.691955095133078,-11.242298641481117,2.070661172116826,0.9519497834778985,1.0238134887648918,0.49277226204168967,-2.091278281729097,-1.9524562301389157,3.76246691499386,-4.692349319381261,-2.0272210382490616,-6.098753550431302,6.233238417308712,8.923681926620528,-2.788670937081534,0.32502935439343883,-4.01373269462831,0.06824209046707352,-12.457813059231796,-5.480586294885992,2.8177923491233434,6.290435551863616,-4.037492403270921,12.454963193575978,1.1716677548043375,-6.224409581173425,-2.9465857517412726,-3.4681364517455577,6.745392042988075,1.4373478061704361,0.521604771019657,4.08525483882096,6.774075099756763,-4.134251330345768,10.479290368084222,1.5473372133855796,-1.2314957943101517,-8.103161641743121,3.910306550985567,-2.4918659027275947,-2.7762988743430075,-2.256093491689904,5.004219993210597,0.08515370463546645,9.392101346051895,-2.3073972746774416,0.4617394464186111,-5.581949336639394,-1.2192854109880313,-0.3882331174021889,-2.0662774525015832,-2.902253238284735,12.434367759886083,-1.2810708109156037,-0.7974433437671786,0.5203325904257987,-10.492640936677455,-3.8359602408140088,10.448673696265404,-0.8255726983214586,-7.996409632382624,-1.942897661976568,-7.283555001264094,2.476537304361017,-5.219522355086896,6.164988582846611,7.252686646321784,0.7623090283252338,3.9646750495403023,4.889828094497576,-4.112510856878021,-4.727564232087442,-0.7821203237169607,0.3159684857629266,-12.588929746131676,-4.359665881324609,2.568723513380106,-8.925381047775563,6.271833613919469,6.444565062210024,-1.858012829665726,-5.375107296290635,2.679802143289127,-0.1676621147572508,-0.5808902255032957,-0.5129233479283881,1.5460763569573537,3.451288429542405,-10.745799481273012,-2.811433728940676,-3.2270457424396426,-0.6049114364259829,5.3474931162468735,4.5950101722923,3.0808345621010584,-2.1757008384606444,-3.50658182741571,-6.451177934384704,-9.032993147163587,4.417239737975958,-10.476795758441904,11.624324875335711,-2.9120816358360617,-2.5134930255573282,13.002149565873605
neuralNetworkClass 	class coursework.ExampleEvolutionaryAlgorithm
INITIALISATION 	RANDOM
SELECTION 	TOURNAMENT
CROSSOVER 	UNIFORM
MUTATION 	STANDARD
REPLACEMENT 	WORST
ACTIVATION 	TANH
COOLING_RATE 	0.0011
TEMPERATURE 	100000.0
TOURNAMENT_SIZE 	90
maxGene 	3.0
minGene 	-3.0
populationSize 	110
maxEvaluations 	20000
mutateRate 	0.95
mutateChange 	1.6500000000000004
seed 	1646684373006
random 	java.util.Random@3ada9e37
numHidden 	14
numGenes 	129
Training Set Training
Fitness 0.03308332184167982