-1.0086625902571562,4.121885386629977,4.341506935250258,-6.103564447461084,-0.7982814601026709,6.3800234350501155,-6.118053322071431,-4.8634237719285105,-0.33237135328999434,3.9583094583562444,12.543397392181392,-5.338786840161484,-0.2829650984262795,3.429355584389757,0.45553956140971774,-3.8900702104548976,2.362905375853642,-1.0220785967745059,-7.338277084583128,4.699761502806166,0.48141046745922367,7.682076069049139,10.991872145430259,9.441141844763596,5.0335062887593365,2.911141805281966,2.2573811257775587,14.008758267921177,-3.7286040492283563,5.965797864183765,12.651483370917418,1.3018767633745378,-2.3727855928781114,6.000955656055617,-0.811810913375612,0.48767599515785065,1.3246509498591088,-1.5752453840659317,10.699993396400277,-3.9823806556998775,7.335078748949096,-2.9427419441579685,8.289166022060318,-15.60912449555874,0.31811944903202516,-3.789832287483497,0.6895454277360944,-11.23971726709241,-4.207568917910681,7.514104201652682,5.345367950492535,12.285338192360488,0.7758704064955868,6.422739855981058,-0.7492299866146883,2.9331750447667257,1.3650322940475048,-1.28669662080193,3.3682162112375247,1.012476631517222,2.392537298970943,-8.119292155273243,1.85620945785565,-7.353237961515571,-3.4437096498158812,5.087792049455974,2.2362525858786295,6.952458456891138,-3.491703047753338,-1.0631042965265598,3.3661393130318276,1.2336633812721747,1.2714836093024786,8.5682257024838,-7.588738930191143,4.939483463338119,-2.62867744457124,-1.1317955976434808,0.5677256281915217,3.5013188215562394,7.7749293676552345,-2.9137747604204858,-0.7093054163959218,6.426449926782945,-3.876348588351714,1.0109750550120915,-1.6315463779769939,-4.179235818428875,-1.2739659621190533,-7.6022831141020575,12.257340912909903,-18.052551849027253,6.396402099477384,-2.5843366874658855,3.9547669491834174,3.0999518302172167,-1.7198382506387588,4.649801081702474,-1.2628308383791635,-1.323481630060118,-2.9497203244370374,-11.50573551932352,-1.9731454788858729,5.8900556832334665,-0.6597386025084457,-2.7354090810190854,-4.623708680040594,2.5811114103718866,-6.1026921604401,-5.116077437870114,13.970522041995418,1.7731965979602844,2.1451870061062275,-0.8865454565745834,0.6979778629491484,-1.4313114265150624,0.43972217682101444,-6.24983416421329,8.077085443074306,4.63002619808664,-2.7693504916988427,-4.0948997443376305,-2.1993353816052474,-2.325101619360729,2.3619656798034008,3.5032022195272674,1.4722259243463416,-6.414393618535504,2.6987391461326578
neuralNetworkClass 	class coursework.ExampleEvolutionaryAlgorithm
INITIALISATION 	RANDOM
SELECTION 	TOURNAMENT
CROSSOVER 	UNIFORM
MUTATION 	STANDARD
REPLACEMENT 	TOURNAMENT
ACTIVATION 	RELU
COOLING_RATE 	0.0011
TEMPERATURE 	100000.0
TOURNAMENT_SIZE 	90
maxGene 	3.0
minGene 	-3.0
populationSize 	110
maxEvaluations 	20000
mutateRate 	0.95
mutateChange 	1.6500000000000004
seed 	1646684373006
random 	java.util.Random@3ada9e37
numHidden 	14
numGenes 	129
Training Set Training
Fitness 0.012753456185582131