10.01139783219468,-2.8529814416240473,-4.089364143683815,-0.674732047872137,20.501214206631253,8.352583540236651,-14.697423886554628,8.39419120106399,6.169025995146351,-3.7836964232832946,-5.908676313813859,-10.816805361635188,2.5797422042716622,-2.8791939541477305,9.323150873679744,3.998663408492286,-16.6498795223685,-4.48670285841906,-0.4830582667607626,4.858181129893403,15.724344626193458,15.394815415325791,-8.601095994962233,-0.3768179222142445,14.414657484993747,-7.467699303693811,4.792150400248334,-0.7433175842887696,14.331500107329981,-10.44544831643787,-2.4825660434323478,-16.190062147506826,7.500655270511447,-3.2869360231912648,21.65312346578888,0.7305438561563244,-19.024562516116113,12.546166345050569,-20.018202413213494,5.160667695027778,-0.4499756641264252,17.879790349312728,-12.382365252722478,-2.8422268916346356,-12.434435650192853,-6.119365347939608,-16.1869248765786,13.121370033188208,-1.326252394742375,3.9474032947427133,-16.664977715350652,-5.352005128381487,12.983071576422835,-15.266777357963347,5.730156155079408,24.462795998972297,-4.538920303345888,3.487260897516352,0.5157185033538783,-4.460224505290627,5.30139935373046,9.835996657178066,-2.513564607076451,-4.826095739967226,-1.212548245775153,3.294506559930075,13.370032960155495,18.50700549330697,2.1452528376833087,2.1555613533917324,2.99310436998143,2.835467949952524,0.8757710100429685,7.2492424869501075,3.3858761751219273,6.241096286543895,-1.668943945416177,-4.212636935598154,5.9238519879445235,-5.390286847738814,-0.548471092153691,2.144306526690351,7.205660357577562,8.426893168723051,2.8442261653830077,-11.46881220275151,-4.101603923310381,-5.083973167211593,13.448065270511774,2.1594153813022015,-0.680801375791372,3.575359371333567,7.166981968975975,0.4200158454147971,4.60612376958272,-0.7860229027726486,7.397064503690348,-15.827028869116402,0.3767652792438341,0.15422234940399981,-3.5800995363146573,2.367808739405703,-4.538606166202053,11.08241548776397,-0.40140713649505955,-5.2619380794875035,-15.075241173429685,-1.9880931834406104,-12.720977413124299,8.91923887336345,-19.713205610562703,-12.41774732989341,-11.195226563515126,5.848724649457314,-4.985582093342183,6.039008026084618,20.231897701912686,2.035924055066064,-6.009732945357077,-15.40243131495662,-1.1011014851363683,-5.009934613188131,11.562927933860845,3.576711308381779,1.8370961397306296,7.521571480873757,-4.851740115595739,8.054907979491652,-10.677997214996955
neuralNetworkClass 	class coursework.ExampleEvolutionaryAlgorithm
INITIALISATION 	AUGMENTED
SELECTION 	TOURNAMENT
CROSSOVER 	TWO_POINT
MUTATION 	STANDARD
REPLACEMENT 	TOURNAMENT
ACTIVATION 	RELU
COOLING_RATE 	0.0011
TEMPERATURE 	100000.0
TOURNAMENT_SIZE 	20
maxGene 	3.0
minGene 	-3.0
populationSize 	110
maxEvaluations 	20000
mutateRate 	0.95
mutateChange 	1.6500000000000004
seed 	1646684373006
random 	java.util.Random@3ada9e37
numHidden 	14
numGenes 	129
Training Set Training
Fitness 0.009965747799101688