-5.359573971399001,-13.088662291860455,7.367879050718281,-12.131872197383348,2.540436347475083,-0.5335810662726352,-9.151078468497698,-1.334818122413953,1.8791340775263397,-9.017770194973128,-0.3114370377915767,14.457126318132053,10.808094856995965,3.475422769997648,-3.6080609770276277,-3.1798237549952226,-2.4420163786372626,13.774236878638725,0.866358803168704,-1.2170158028273104,-11.058379681458284,4.689230466499094,-1.609108145207525,8.74378922393584,-9.69809585037464,4.891753265797185,15.96669226522748,0.7531596128991591,-15.236591973625293,-1.659466532988585,-7.6722097018744755,-11.521885073056026,-5.573945207048424,7.165829905244351,4.681604876397747,2.0414198105975485,-12.192917499051546,0.28152690527828206,-6.532346256353206,16.060615701156525,-0.3133725462303474,-16.16219285650224,4.3048122054397435,6.6171999925592075,1.7934838889699911,-5.753042534604276,-4.260733840627683,-2.3249699950236438,-3.722482566310009,-0.39863060747796375,-2.860649692931867,1.580359176719874,-2.8465997657971576,-11.359427122301428,16.082196032741393,2.469296300632452,9.046924983360178,4.455524487125851,0.2609911078406828,2.4712649851491255,5.884989536865183,-0.6562787993635375,-4.058082773877663,-0.45703475393550796,4.67033541717311,0.8645582929712194,3.1484830672551833,-1.4397483115314982,5.993330508242449,5.104628533959478,1.8173794683912368,-9.270281379141581,-2.927112287375909,-7.108116321006069,-21.060867362212598,2.7477395715892694,-8.295523534502248,-11.709287387024366,7.303621322571347,-11.470563224552393,1.272104279522332,2.0757127151490344,1.9947149321303907,2.594971048354381,-7.109222190093671,16.066657634313046,10.954566913707087,13.084983451015917,3.129672376712353,2.0501029433338243,10.286836244173758,-6.7272018585284865,15.05930807526212,2.4277041856868626,-7.4994638259475,15.095300333074992,12.16720139164681,0.454371449710389,-5.8838726354094515,-4.233801169217868,-1.4248634109647567,15.189928889934603,4.162896511801765,9.16467547318385,-7.432631385859084,11.085995231736725,3.1415820651115194,13.35922701394281,-0.7972551042945275,-5.834650168326824,-5.891366856627169,-23.519203728174688,-7.465096600492284,13.774092420296753,-1.8915948589078226,10.801089952820586,-18.946624180228717,18.397455565240357,-9.562976941741214,-5.710785309414764,1.1007570968556264,-4.980008832055381,16.543347116527677,-3.9059185914803383,0.9908762688815287,-0.9487902364244851,3.1406010946848006,7.8783294994885384,10.173533127490314
neuralNetworkClass 	class coursework.ExampleEvolutionaryAlgorithm
INITIALISATION 	AUGMENTED
SELECTION 	TOURNAMENT
CROSSOVER 	TWO_POINT
MUTATION 	STANDARD
REPLACEMENT 	TOURNAMENT
ACTIVATION 	RELU
COOLING_RATE 	0.0011
TEMPERATURE 	100000.0
TOURNAMENT_SIZE 	10
maxGene 	3.0
minGene 	-3.0
populationSize 	110
maxEvaluations 	20000
mutateRate 	0.95
mutateChange 	1.6500000000000004
seed 	1646684373006
random 	java.util.Random@3ada9e37
numHidden 	14
numGenes 	129
Training Set Training
Fitness 0.01907778633126271