6.099174966505699,0.0896893111158974,-3.2937117498835224,-3.3042328483300487,-11.450592446064489,7.648471916635819,-0.19796056187050848,1.4720022218119984,-10.25621128615551,12.37002239165541,-5.505998606878473,23.769988517428914,9.63093952413006,-7.52930136820385,3.967282439199918,-2.485303737910698,-7.778157318133255,-13.667272092887703,2.177306612130625,14.408197460040544,-7.055818105191227,4.044461889178024,-8.944694307887353,1.839595259142266,16.880354597622727,3.728415771150261,6.756656537290729,-1.3196616130593197,2.555843688798494,10.927976472361443,-11.986130202726589,-11.526887923345164,5.106745842762223,4.29515110212993,-7.438108117013984,3.337728820781928,11.304862113870712,-5.219288398283712,-3.9532551460364633,11.070179969331942,-0.5941358560522563,-9.625427535880714,-3.7906150225882844,3.8512427926066826,1.2106635547920668,-1.1717716555138615,7.205022363789144,-8.99123007344049,-6.457784114492486,-0.08744289726077437,-3.2259968447441967,-8.706975523471023,16.58960312288968,9.673281838792102,13.123713756012425,-0.42284089188681584,2.008347596846898,3.7928692889885607,13.461828196482129,14.285168966968287,-9.30948004245894,-6.29837541001266,-13.460423845420872,-2.822614906336036,-8.56968953255742,2.702229337056015,12.069571592838782,-4.21119073240267,-4.139652894324367,12.280951054051148,5.676099681113634,9.668323640610872,6.521148291304281,-0.5247586684868244,-0.681381749807878,2.9613709082923245,-12.372045411819308,-1.2817316340380547,-2.1684031310078034,-2.5781710811801446,3.5933452418268716,4.067616638157647,-5.010797289765829,7.698513621975215,8.758279106198927,-18.978133221940908,7.6005064312344075,8.9150810198167,11.581175602396684,-2.8978880719592564,-3.945610292784182,12.205734190746997,-7.495838790520983,5.937928811880366,2.149593932661155,-4.160829341108288,0.8808810539258811,-9.596857558964183,10.4689568990542,2.654722000244705,-11.78598104684884,-0.5242964326134292,13.613254159759334,8.275465775368058,-7.673785539072025,-8.992684447503807,-3.718642588122025,-3.8961292760990265,3.8770462846353198,7.258691784438058,-7.4157558836580275,11.156331347411827,5.288031239907842,-7.17639647744807,-11.392913327687111,-0.42619108850675325,21.045331900204246,8.61991593928719,-6.318188331343052,2.052129222104946,2.7318715173768746,-7.649977662914152,10.911047123625297,-7.71952774683235,-3.7294566707805057,-8.900394360719535,-4.860627181466137,-9.090010907745796,-8.547497506119848
neuralNetworkClass 	class coursework.ExampleEvolutionaryAlgorithm
INITIALISATION 	AUGMENTED
SELECTION 	TOURNAMENT
CROSSOVER 	TWO_POINT
MUTATION 	STANDARD
REPLACEMENT 	TOURNAMENT
ACTIVATION 	RELU
COOLING_RATE 	0.0011
TEMPERATURE 	100000.0
TOURNAMENT_SIZE 	20
maxGene 	3.0
minGene 	-3.0
populationSize 	110
maxEvaluations 	20000
mutateRate 	0.95
mutateChange 	1.6500000000000004
seed 	1646684373006
random 	java.util.Random@3ada9e37
numHidden 	14
numGenes 	129
Training Set Training
Fitness 0.0181006541290015