11.265200942209292,1.0848225540039733,-5.228988435574356,2.7228168624396734,-11.888295059562864,7.150728806229374,-4.848410476360026,-1.1142080121773503,-3.4019862734649795,-7.736598445102235,16.562115921186617,8.38686744175542,-9.367082612111174,-20.902713517344935,-11.519412571996705,20.751860383448907,3.131169698878532,2.3907034120874098,-11.958164644552859,-2.7242308212092663,10.451801212065492,-11.150681541721205,10.875193381456754,-17.65639712891948,6.085112495084732,-24.060565412968565,-13.214446295625253,-9.395693735318195,7.251383375382922,-5.3373718834483554,5.472248472807236,17.8080515069965,9.423510491284759,11.150561330718388,-11.847975145058793,1.486486328323923,-7.742492707026793,-11.726623259457746,5.453777441775856,20.63809646764085,-11.44049626033851,-8.881458980507077,-5.034875669209721,-11.071088235113374,11.640057584154775,2.905998896586036,-20.160444540837922,12.268745736366741,14.869779738308344,2.0535366937415844,1.0178043369136303,-11.960038600939235,-15.536054769554054,-16.165341705911253,-3.8216347665695967,-6.677071214362714,-11.521456561077978,-6.239627101120993,6.00196190959816,6.868878453230137,3.92164669837475,4.8355503360003365,3.24491144311105,-1.0016857929993241,11.944715948451604,0.7458950280163528,-8.298616338141496,-1.81400098328891,-0.8726998681577935,14.122103418346423,-6.812379284311456,7.543479579455655,-8.202592465115979,12.231250369844709,-2.0662167107202674,0.40081819412356623,8.338439687523104,-2.7009845887147215,-4.831336810465739,10.714373692890407,-3.4786552557290342,6.9509766638062995,-13.878992125366802,-1.22586817476226,-4.734724550767416,2.9419807881266316,-7.386308626001158,0.19235450670873533,4.419231893526794,-5.2729897777677825,1.5003746957551316,-1.7198741753948124,29.694977660667462,2.9450436552118866,-18.055860432247357,5.286071135769017,4.844339735410919,-7.455076174324665,4.157972479993705,3.134011614464958,9.389904267479636,9.16655875151529,-13.882905557814105,-1.029294175205882,14.47278154609595,5.721456179975,7.758536797750496,3.7306615639192255,-9.235468242509818,13.561438014592596,2.3080875647658807,-8.578158857491532,20.548480509192686,-8.008907205206805,0.44765893141575397,-13.405083094362432,2.0883941085150957,14.63831456864813,0.35690952975952417,-8.982446447022467,5.08935251595395,7.828798111777337,-2.2754150926765933,12.869883406445467,16.831974775728447,-7.03748876658149,-3.7213222556944565,-13.750865555395114,7.105544757251751
neuralNetworkClass 	class coursework.ExampleEvolutionaryAlgorithm
INITIALISATION 	AUGMENTED
SELECTION 	TOURNAMENT
CROSSOVER 	TWO_POINT
MUTATION 	STANDARD
REPLACEMENT 	TOURNAMENT
ACTIVATION 	RELU
COOLING_RATE 	0.0011
TEMPERATURE 	100000.0
TOURNAMENT_SIZE 	5
maxGene 	3.0
minGene 	-3.0
populationSize 	110
maxEvaluations 	20000
mutateRate 	0.95
mutateChange 	1.6500000000000004
seed 	1646684373006
random 	java.util.Random@3ada9e37
numHidden 	14
numGenes 	129
Training Set Training
Fitness 0.012367695647608066