-5.821396143495342,20.872829190511062,5.48205033408069,6.239938234715838,-1.2648579491435745,-2.9328469811590114,-1.4943748028298796,-4.17527020092394,-10.914514855019785,0.07330522462017264,10.592984791822651,-15.87500964032675,-6.9266917516840945,4.800833162558256,3.1834970212107248,-9.561101313764244,24.236534833617704,-10.752501461104579,-18.969890737094424,4.633279062311693,-2.862020308325026,-12.661433721036737,15.830003672321878,12.714913568247871,10.938445394673677,-3.5976695511349828,-8.775298548111396,1.0820303445973982,-12.06274183716742,13.274343468079483,4.997531628135217,-1.643947904823559,-3.14203325822064,4.559928289754,-7.657130255534653,-7.625448883399054,-12.952839270098947,-16.490840786098893,-9.734471855267417,-8.2552871651802,5.582098467657148,-7.629391142711274,-4.698393858775602,17.162039886011932,12.576000781772098,7.1830062459644815,-18.889729569490697,7.144751503864597,-17.658561733490593,-2.920475066865074,-6.843642668670547,1.2561164197954575,-14.076040473502228,-0.060692418777074764,-16.742611327902104,-0.19757276543840696,0.955998710680265,4.995987650939203,-1.627157344389932,12.207491806833854,-4.742322625803476,0.737382278112074,2.335169487688935,18.294648412224134,-5.216880655754723,11.807400947825359,-0.6398685141571185,12.46713316568311,4.323962550941072,11.892529613846213,5.202274246100469,4.96539969442912,7.7919338789562556,2.157234208200416,6.680323554363852,-14.176647988322445,6.905081890225221,-0.47026423753866275,7.243782513570222,1.8263117138560272,2.142499860678365,-12.585779709497034,-18.06400720953132,1.5918949095163581,-6.3398943732936175,17.817653456604326,-4.9195976871006675,6.45084226691624,-11.474723587877541,-6.171018991083635,5.125772505320102,-17.00180333794206,15.530876385591169,20.525606526064827,12.382537901746915,1.36608716058036,2.249564217430841,-0.3124650195224419,-15.850248096781533,6.092303374304217,-9.010523905854681,8.990055988264022,-10.542537033685875,-13.456481996209979,1.8745387126500699,1.592161721879295,-1.7069737008360741,-0.5765162699541095,-1.0658041548971466,18.471027970441128,0.9510017132497754,-10.917583186779117,3.146848314765344,7.13543806661429,-2.1817081894531762,6.163772991390026,-10.228898910358094,-9.25790021145694,-1.4000350788783162,5.48362962024849,-14.55432999292192,-11.040098246994713,-4.262161408580019,-2.2441884486272627,-3.550043328116865,-3.9482996373165147,3.495033561541959,-1.1493376959575015,3.6459937787113104
neuralNetworkClass 	class coursework.ExampleEvolutionaryAlgorithm
INITIALISATION 	AUGMENTED
SELECTION 	TOURNAMENT
CROSSOVER 	TWO_POINT
MUTATION 	STANDARD
REPLACEMENT 	TOURNAMENT
ACTIVATION 	RELU
COOLING_RATE 	0.0011
TEMPERATURE 	100000.0
TOURNAMENT_SIZE 	10
maxGene 	3.0
minGene 	-3.0
populationSize 	110
maxEvaluations 	20000
mutateRate 	0.95
mutateChange 	1.6500000000000004
seed 	1646684373006
random 	java.util.Random@3ada9e37
numHidden 	14
numGenes 	129
Training Set Training
Fitness 0.015307101668362006