-4.232240544124982,1.7768284052906758,-12.377574524177392,-5.6756077323681655,11.248775708741475,2.5665227450775623,3.639662872718758,3.376852219225933,14.738739676801375,-2.2291699831690135,-2.5680626204937234,5.765078215298362,10.851696186511097,-5.721495625696983,-12.072106375219036,4.397715013942457,-3.1367956527986744,-1.0334474713662267,15.808489010724152,0.5624561408536621,3.887230141486862,-1.4533125905734146,11.082253869054538,-4.379129660897798,-0.7880210213927143,8.882131281474805,22.168178203773017,-15.130855797701058,1.6293692597963672,-6.415249338880537,-10.132465513737351,1.6393005052894196,-0.05227476833108291,0.5647909887864362,-7.018510959027735,-14.831530354042398,0.02529881598623529,3.6836730589963045,-2.5785492872698415,-0.40785292232755754,0.2999443854017061,3.0910448165099,2.6976199461915273,-6.29142394974002,-8.01813748500413,9.167322032636207,-4.271892574373274,-7.032997614488851,-14.220234068815913,-3.835580163664103,-0.37030238355002876,6.2986244410246846,7.6984117833037455,-5.629765511624661,15.117200930117447,-10.776150479645151,7.7761437367223465,-1.508839961565478,2.567696826308631,13.961906229781395,-1.0470545682440404,-8.277727406103153,-8.63287030738698,-8.127813707300255,4.117727461181109,2.720269827269785
neuralNetworkClass 	class coursework.ExampleEvolutionaryAlgorithm
INITIALISATION 	AUGMENTED
SELECTION 	TOURNAMENT
CROSSOVER 	TWO_POINT
MUTATION 	STANDARD
REPLACEMENT 	TOURNAMENT
ACTIVATION 	RELU
COOLING_RATE 	0.0011
TEMPERATURE 	100000.0
TOURNAMENT_SIZE 	10
maxGene 	3.0
minGene 	-3.0
populationSize 	110
maxEvaluations 	20000
mutateRate 	0.95
mutateChange 	1.6500000000000004
seed 	1646684373006
random 	java.util.Random@3ada9e37
numHidden 	7
numGenes 	66
Training Set Training
Fitness 0.020310782431743495