-5.45612893336389,-20.27383012809525,5.069936971289062,-7.704223196515114,-10.466469347717917,-6.46349553541558,6.206785182705559,-0.12243223764793143,4.588667785032738,-0.026019242589863545,-0.013246813678412295,10.08092712566228,-8.030978862465648,-0.34640543055618345,1.7384540989305073,9.623188788088191,4.6893880654421345,-3.5431632349225772,12.741188005423849,1.0502371120423613,-8.644756986203884,-0.17004683622265393,18.412612678290785,17.653656886185132,-5.307235083469003,-3.2183483386396627,4.523336275936811,-5.114384323033203,-4.36492260478528,-3.1615523624094832,-0.4827711073829981,6.663848833705704,-3.6676344198178885,-12.718927262054198,9.515858209512228,8.268102294995193,6.996892639370836,-6.9618932610126585,8.072565077649797,-3.674127599402003,13.174797804073483,-11.296773349904615,-5.283697429331649,0.1692667656327318,9.904918258360706,-1.8797984769458322,10.387473512846537,8.76629375913567,-1.8692645456653496,-3.00500465102599,1.1176086508482985,8.188873680219164,13.37490660958068,3.697075778996375,7.041839097234443,25.876348175681265,8.366701010259552,7.00225984943463,1.7077243296791167,1.7872489222933243,-5.518979535248286,3.807162624229594,-6.293892644924118,-8.496428145236212,-0.1964576376442082,-3.889450742667239,-7.6507219160766855,1.0607859484898263,1.5298834336642129,9.609625138769362,15.258834543307712,1.1232919337436744,0.23754135736216941,-5.100467372033671,1.050241932896573,-1.740971006472562,-13.612268918099353,-1.1079412074362711,-6.986802039590049,1.5384125785227276,-0.1299081576799228,16.38479090984147,1.586523243428184,-12.908228687085636,-0.30339978924530975,-3.385307363897553,6.713403720404072,4.355934241157064,-4.868115554305485,0.02030698345387627,5.137422803350773,-12.875394884808363,7.815493575340364,3.614527141057634,-3.6380707756115216,-3.71135596122879,3.3875357135199913,4.485110593310905,-4.6551036197192275,-16.888638461261408,13.522457678983187,12.892845956332554,-8.461461521559496,-1.2195855333766126,-3.6934009736784104,3.227516477926848,-12.94244222629714,-1.9381225588092192,13.513511375862405,4.609539296400195,9.972007070079803,-8.546452104899688,2.8368949773714354,20.340392272499273,-9.429639628516156,1.6435271687395776,16.334362285206723,-3.392323602818461,5.375494764367696,-13.723395319600346,1.2160985396831108,-7.1591053053651095,13.420895013193157,2.7649562074743397,7.030848972530121,-1.7582357711560004,1.70650289840607,0.40115195422855,-2.942479574857323
neuralNetworkClass 	class coursework.ExampleEvolutionaryAlgorithm
INITIALISATION 	RANDOM
SELECTION 	TOURNAMENT
CROSSOVER 	UNIFORM
MUTATION 	STANDARD
REPLACEMENT 	WORST
ACTIVATION 	TANH
COOLING_RATE 	0.0011
TEMPERATURE 	100000.0
TOURNAMENT_SIZE 	90
maxGene 	0.6
minGene 	-0.6
populationSize 	110
maxEvaluations 	20000
mutateRate 	0.95
mutateChange 	1.6500000000000004
seed 	1646684373006
random 	java.util.Random@3ada9e37
numHidden 	14
numGenes 	129
Training Set Training
Fitness 0.024862206002989783