-3.8921291687752513,0.41586657476566957,8.917441658849729,6.753214208608666,4.096869273261019,-7.822746848687284,-11.249193017145608,0.34453554173841816,2.1157316387924094,-6.679948817350528,-0.5640987079192614,0.3246378447705478,0.819429801650462,1.253505173992914,-8.329800261388858,-5.53992682969649,-10.902690810361788,-3.4609780944944397,-4.679726353999831,-3.2690168530411867,7.44143983294927,-9.651882687515966,-11.352311617128501,8.826760728037762,6.3921570814269,-7.065001019830399,-4.179479933873953,7.086885299050493,1.788038395567436,9.06272632708558,-7.1017446406827105,4.802108138417628,16.34120363268503,-1.9387068121098032,-9.474367642517693,-4.65231075056109,-1.2256480767126683,-3.8378236550269893,3.27282124314093,2.507115993717157,-7.438157581811961,8.668637598717254,-4.983534936036385,4.257853640071021,-4.929361961174109,-5.4637669944457885,1.2253823967859896,-1.8310689093946024,-8.119088022786066,-7.558744623974972,4.199637556876336,9.093884512180507,-0.7570208813732009,4.736194003262564,-9.902500306280112,1.7721571626827957,14.56291125130524,-12.408342550625047,1.2956473940844297,1.256849904737166,9.042146144701789,1.438335290254166,2.5671532622562276,-4.013691130808669,1.7457850257130296,6.407269062714937,7.435170610240707,8.119072182702945,4.859029889632378,-2.5557609364887686,2.385635779668631,-7.206076713909506,4.593214794794133,-2.50970027726719,2.465791164962436,-2.7121071935323817,6.650731484243812,-0.5271107480561374,-6.733845636341126,-0.7426743054733169,-1.6946890668984338,-3.23927519378865,-5.794225787234938,-4.871747847059726,-4.878113874827246,-8.31853808295292,-19.166286959587907,2.3770462424101897,3.237928516611984,4.7149625950557805,6.520067537419389,2.178389296962379,-12.468257157382416,6.094379207207151,-2.25448810841153,-2.692925026356769,11.988866244830305,-1.3150296919644422,3.82460063572445,-12.13650737551761,-0.1514804501058471,2.5001485607807243,-2.412697262701718,2.301500782876266,10.775378297828139,1.3204878283317378,0.29887849418953394,-15.645154448124114,-2.8654221904617296,-11.209009489277681,-4.820642029070012,-1.8181253244676618,15.709952856880712,11.98234517555601,5.646289061204445,-8.452415708361842,4.5068967458955,-1.9233414062301475,9.034142178010304,-2.5912551633625878,4.398171824094615,3.31741198090492,-14.97269675756288,1.6374168662753523,-2.709461197613155,4.211351964407918,-7.908129317533428,-7.513400904496086,-6.250874067924954
neuralNetworkClass 	class coursework.ExampleEvolutionaryAlgorithm
INITIALISATION 	RANDOM
SELECTION 	TOURNAMENT
CROSSOVER 	UNIFORM
MUTATION 	STANDARD
REPLACEMENT 	WORST
ACTIVATION 	TANH
COOLING_RATE 	7.0E-4
TEMPERATURE 	100000.0
TOURNAMENT_SIZE 	90
maxGene 	0.9999999999999999
minGene 	-0.9999999999999999
populationSize 	110
maxEvaluations 	20000
mutateRate 	0.95
mutateChange 	1.6500000000000004
seed 	1646684373006
random 	java.util.Random@3ada9e37
numHidden 	14
numGenes 	129
Training Set Training
Fitness 0.03489962009650971