10.547812602329712,-2.9269991316915087,3.679735136884596,-12.445889050926489,1.2239161882861285,-11.262870553855786,0.11373905326723044,7.957813022376957,0.3091501331540041,2.8148313234067697,12.210304316281665,14.172077501482601,-4.015364432372604,-13.546009066879884,-12.816418936754397,1.3270606547300172,9.994145102208224,1.1946677339664902,5.101051729556227,-6.228434871503852,-2.10581541709566,-8.487744233761191,-5.371092729850954,0.8767401298421831,23.437984745496358,1.07872921081157,-3.7237553359155804,-8.704616029808863,-0.1553908516771667,11.662615593286903,3.5492522356977165,-5.056606882246376,-11.86631317298112,-4.185488518812855,8.174602843494933,-8.235182407830496,17.473069340327967,-23.101374845705138,7.886814136345058,14.324407208777798,-6.458987708849223,-0.917994451131011,-5.102610550779831,-5.408543439735592,-11.053722489052449,1.5817856990279333,2.438345440711851,5.208165599974054,-0.8095076586503218,-6.831531441350878,2.0864822519547745,-0.30960574551090136,-2.156501151269289,4.125747102660129,4.109322025920418,-6.307278689096357,-6.753014335300165,-11.613923473205602,-1.2635378183744095,7.183035166451754,-7.416273307362777,2.9232223505182464,13.069726368245236,-12.549669980297896,15.203294422288215,1.6797981123591041,5.57343802176268,3.8581059633840242,-8.443010083871213,4.610004032138614,-6.575148347617192,-5.506018721123974,5.597226295935589,-10.686526071658454,0.4814856610399598,8.912643517395503,-12.139127629225653,-1.2903847164094469,-4.763030301941726,-0.5000853167311909,-18.369874439539274,9.461116753958168,-9.921685466326691,-6.040079409568364
neuralNetworkClass 	class coursework.ExampleEvolutionaryAlgorithm
INITIALISATION 	AUGMENTED
SELECTION 	TOURNAMENT
CROSSOVER 	TWO_POINT
MUTATION 	STANDARD
REPLACEMENT 	TOURNAMENT
ACTIVATION 	RELU
COOLING_RATE 	0.0011
TEMPERATURE 	100000.0
TOURNAMENT_SIZE 	10
maxGene 	3.0
minGene 	-3.0
populationSize 	110
maxEvaluations 	20000
mutateRate 	0.95
mutateChange 	1.6500000000000004
seed 	1646684373006
random 	java.util.Random@3ada9e37
numHidden 	9
numGenes 	84
Training Set Training
Fitness 0.012854871548037872