-5.022981097393949,1.1222536742335683,4.442868288881204,0.7515791406114056,8.094655695435145,3.0191918489593306,-1.6424989338038536,5.966719719128201,-1.179986671200881,-6.780307872738845,-15.728625059526916,-4.518525550359733,13.231907013146968,3.3148794808397053,-9.345624615893945,-9.43831075528234,3.86897056559284,11.563752904495145,-12.15799665959974,-0.3984946525176678,2.3212102707180673,-9.392157537970576,-19.4278073407203,-7.032773187687148,-7.9872699616542615,3.8603364262780726,3.035047209935896,-6.12904938318459,1.0498853922865,8.810243803986534,1.5884626323873174,0.3791705083871433,7.325916703767513,1.495824888598393,11.278148148269873,5.643989334462288,3.8774120065627926,-18.29729916377446,-4.976394158986311,1.864496957688917,4.879745074836023,0.2807206180104851,-10.957823155877852,-4.556710676967757,2.6479307526188176,18.899835175545483,-6.9686939047908005,1.1980321447776072,-4.723860700926709,-1.8210948215414575,8.814727335943001,-6.479612870571035,-0.09659641964343013,-0.02746438684327579,2.181317135251616,-1.20545228064565,1.8348556254450816,4.889704416948261,-4.2940905454413425,-5.7049522374064185,1.8771205543879956,-9.905875607162548,2.5394146069198325,10.428430850117957,-4.036704057918264,-12.600049978219918,-8.458870031109175,2.315791193505854,-0.5027585029285291,-7.272389776954905,-3.1508227300317575,-4.116885537468882,-3.6613015034324388,3.6232231826193413,1.9955481497538106,-2.4162261054842125,-2.819941495778867,-3.97878110155506,-2.0797116484144222,0.7224561487450529,6.932394525699785,-0.4565318007955126,4.274893634852158,4.632211750476398,0.24266789275205358,10.029387779507685,-3.771957743072136,-2.6737474596360618,-12.244182244169407,-10.169835734525668,6.747333338162813,-9.996467604767524,1.9647393572133263,2.476410758807173,6.128744642782959,7.532077119372984,-2.092045885114626,-4.957758467520362,-6.418922612111725,2.916445317592892,0.22906852518744203,-5.970076863382559,0.6456938827757366,5.47562839202198,6.10392000297851,3.2879308838539645,-6.357591890747653,9.265115868091414,7.8206014484672295,-2.248587636111969,17.130430901991296,1.9217769821333857,2.9643547192841044,-6.192267500970933,-4.291177918971608,10.442631018925345,1.4136187846106563,5.940942599981752,-2.6960544564643243,3.5284976298537116,7.745317403739753,-6.802306423257092,5.501972545426005,0.4809455564754783,-14.423234163499853,-5.5067194815311495,-12.517474493861663,-6.964125034758416,-5.811626668718606
neuralNetworkClass 	class coursework.ExampleEvolutionaryAlgorithm
INITIALISATION 	AUGMENTED
SELECTION 	TOURNAMENT
CROSSOVER 	UNIFORM
MUTATION 	STANDARD
REPLACEMENT 	TOURNAMENT
ACTIVATION 	RELU
COOLING_RATE 	0.0011
TEMPERATURE 	100000.0
TOURNAMENT_SIZE 	90
maxGene 	3.0
minGene 	-3.0
populationSize 	110
maxEvaluations 	20000
mutateRate 	0.95
mutateChange 	1.6500000000000004
seed 	1646684373006
random 	java.util.Random@3ada9e37
numHidden 	14
numGenes 	129
Training Set Training
Fitness 0.02405163641764436