-2.226568277931806,-5.441801527413279,-9.361630653323122,-5.525383482560554,7.633948449839304,5.816725434156378,-8.717342475884037,-2.127876017879089,5.085521189013685,7.383097573464704,3.899459775696174,0.4454223101417143,-1.408772373638425,-1.6985866000373884,6.765501970229826,-7.0927857340287215,3.157515987421493,3.021595379173333,-2.5410292814622677,8.548158176232317,7.984439773927667,5.548816381091635,1.7524403568744074,2.811473374349136,-8.137080866962002,-10.579571442691059,0.9069213764696915,-0.8905517630083395,-13.555689577687073,-7.716370228587648,1.074931399883809,6.879886084034574,7.794673151727926,-5.106422190536724,0.4513427017967677,2.62075935892585,18.220736435019127,7.83565315864257,-0.5208757307893155,-2.0809276765629114,2.1166694529226175,13.897053827235014,2.7729559370227603,12.255173887666562,4.480378595428265,-3.178112091204553,-13.932952959286686,9.616489135457444,0.6851561695559543,5.330417000230315,4.67435731885805,8.194879028493606,-6.032881076314171,-10.33291250483367,1.1627720166442366,-2.6804322653002313,5.150981357149056,3.613467458583223,-6.990353059443347,-4.457187878543759,-5.163677555529929,-3.4388023426950856,2.989493550216194,1.5482257675521467,-0.6963926952337234,5.73654366420393,5.480439967233071,7.241898309805023,-13.476159265832498,0.5021229613277924,-14.106543822259761,-12.03580929612206,4.46783620326503,0.3828671614658674,2.9841969906493837,4.825318910937084,6.1606927207803395,2.2722585010452727,3.0006715994381103,2.22057209955147,7.614182610637445,-6.578629237233512,-7.599189131243316,4.921247748525957,-8.105636939780553,-12.902776554632082,1.9423603901738682,0.11512031260924438,-8.706169141197302,5.568446751492564,-8.196611420082832,1.335491475161085,-0.7723464823949291,6.585234947949319,-1.06494252705461,0.47060954636075536,3.0591147638978864,-14.682944805855698,-2.620835948717076,6.735474318115463,-2.613974423834893,5.8455582751642865,-7.448682182474133,-7.584217421287356,13.780458097350534,4.131626127829739,13.846481608844865,-4.29099801883444,8.22437225045182,-7.715527929289541,3.1169603689157883,9.440293844056185,0.5207116151587856,-0.992803256936309,-4.796215734807973,9.321243838680967,-11.515844416969097,7.677185641112543,-10.829212482638201,-1.602910566034062,-2.7721746738201922,1.341218624483857,6.146549040593211,0.29337034537855544,-4.838152153932759,-1.4358535795421057,8.022717354643692,-0.9743385569812002,4.106793719102106
neuralNetworkClass 	class coursework.ExampleEvolutionaryAlgorithm
INITIALISATION 	AUGMENTED
SELECTION 	TOURNAMENT
CROSSOVER 	UNIFORM
MUTATION 	STANDARD
REPLACEMENT 	TOURNAMENT
ACTIVATION 	RELU
COOLING_RATE 	0.0011
TEMPERATURE 	100000.0
TOURNAMENT_SIZE 	90
maxGene 	3.0
minGene 	-3.0
populationSize 	110
maxEvaluations 	20000
mutateRate 	0.95
mutateChange 	1.6500000000000004
seed 	1646684373006
random 	java.util.Random@3ada9e37
numHidden 	14
numGenes 	129
Training Set Training
Fitness 0.014156871035515464