0.0832272358526236,-5.810230076116426,2.0030811413502994,11.855818170613029,8.375980507991779,-8.843736516651411,-4.457981288797858,-0.41982522804211264,-2.2898072600907735,-2.187151330545083,-10.90096042267381,10.532045153209507,7.913835248266279,-5.0140933906734375,-4.146989298582049,5.529254676061965,0.68624961497519,-7.365381002592747,-12.063750563865916,-5.140245859338242,2.7450812357188443,-16.184162394740753,11.849826853934482,5.50192673745615,8.831675819834143,10.604123258548588,-1.0454630727561787,-1.4545838142238976,5.955683477214265,-4.051863483366406,-3.8601423714074308,-9.040227718514709,5.373088945711038,-2.1903974822156362,-5.697669476501485,-0.836125668244383,-3.31338416416576,-7.222639658717778,-12.97486208137563,-13.063994069157792,8.283426876801913,-6.37345235872081,4.642256999414146,14.77262065227163,-7.317729385319311,4.351759103317843,-5.256576634340748,10.203249775363803,-14.499299670717022,-4.906942843311597,6.980236585856526,-9.500330511608713,14.372718010100341,5.845002259791588,16.819093125746,-15.57064262706371,-0.6518267342296138,-0.008591314421003027,14.803232515546922,-5.803566732585274,9.037471997918523,-10.157678293894255,-3.515964670209433,6.237692843388027,-9.871371523632272,-5.235250023975769,6.810811715768012,2.2970067589388288,5.048418981576933,1.3949773310516616,-2.8713278409335263,-5.6117279862546745,2.6653731565117846,-13.002184242183597,0.7256728749056727,1.5252665152993643,-0.7604350523105756,0.5969518032456191,-5.006720119343079,10.596171533871102,-2.137358079724997,7.740576810380345,-0.031702152053389554,-4.158808688524607,-7.098741858126093,-8.362219473577508,-5.8402392499252205,-8.44638760216904,8.508052816942726,4.003727371954801,-3.0191167957577463,7.667810291374494,4.04654262145419,-0.8645771044928905,-1.7959770023624886,-3.3778759820057145,-7.71022694808383,-14.995082840575089,-3.2142927744822334,1.6401844075949867,-2.402700074122489,-3.796918337359008,-5.23087546820625,7.461194925116759,-5.448950006829778,7.39463419442812,11.913089841399836,-14.332171695851766,4.837834020275997,5.703876129342115,8.369337447696648,0.8098168985530414,2.254764767814083,7.0906450672148775,-5.91589925661312,-1.2980222401494421,12.583556873717136,1.0972754241224374,-0.6147109319020405,-9.762671923184593,9.280663506953033,-4.950101957365018,-1.5168278144708784,6.749110338076518,0.6624300555592892,-6.668801278320322,-8.589664159571543,1.7799617051053795,7.22792334223376
neuralNetworkClass 	class coursework.ExampleEvolutionaryAlgorithm
INITIALISATION 	RANDOM
SELECTION 	TOURNAMENT
CROSSOVER 	UNIFORM
MUTATION 	STANDARD
REPLACEMENT 	WORST
ACTIVATION 	TANH
COOLING_RATE 	0.0011
TEMPERATURE 	100000.0
TOURNAMENT_SIZE 	90
maxGene 	0.8999999999999999
minGene 	-0.8999999999999999
populationSize 	110
maxEvaluations 	20000
mutateRate 	0.95
mutateChange 	1.6500000000000004
seed 	1646684373006
random 	java.util.Random@3ada9e37
numHidden 	14
numGenes 	129
Training Set Training
Fitness 0.02012699911503127