-0.17718535793609735,-0.6997667740807132,-0.17675940677877056,-0.6201895546588156,-0.859541364273743,0.623489559315885,-0.6774998547554327,0.5446552732103592,0.21731168954831348,-0.25966940197753874,-0.6559487702368592,-0.4174678253302224,0.43855204794691793,0.5679154013867048,-0.6010409125745941,0.8588802347563967,0.536101347141747,0.31592670143868296,0.26026270696421283,-0.5064860732177456,0.07027427913749495,-0.8112597400723817,0.3273945756855824,-0.0513407865114508,0.7554469647899876,0.5135311688983949,-0.9305647187369274,0.2768776916562018,0.7338069642810549,0.548614369930709,0.6041375367656029,-0.5619921960711389,0.35575799396874463,-0.028753050247847245,0.9137820051584599,0.575322679425602,-0.3588711738413992,0.8822785609851244,-0.38638042000045725,-0.6263106486730301,0.5461747671894547,0.11941796111541969,0.7316157453359476,0.05128564366154287,0.7094929260078845,-0.5860177884649473,-0.2021764875715275,-0.5254900954017294,-0.4057566724661872,-0.9879731177884096,0.02946356556594598,-0.4091784383507624,0.3049969308108046,-0.20865519669844113,0.6351166172157227,0.48411488011622106,-0.1020598831521693,-0.04727495635526635,0.19182405847141826,0.7115581184189811,0.30008755327525416,-0.08417963232045933,0.5050384691168434,-0.5312898495911123,-0.831114966909985,-0.9738251244018502,-0.33977822456176954,0.5758013548699578,-0.47336494855958344,0.3462951525466297,0.8871144114400599,0.5697911453264674,-0.767666971352836,-0.6220017071482684,0.9335458953267458,0.4796892104057139,0.6167863062333726,0.5612416113522406,-0.5653294005358132,-0.10323140690248334,0.6687950660415448,0.027580855796924264,0.4198533699516279,-0.9951529422895692,0.5283657590514631,0.7120865370814903,0.28265718638336634,-0.3353263924719221,-0.4738484359516797,0.011787137269807624,0.48820443375263156,-0.29181156864635094,-0.14272550888551438,0.4538567914658983,-0.9918300970287363,-0.7976854183943091,0.8568024115335414,0.3115539980893399,-0.4383208008339363,0.46907442570766344,0.04296117431945523,0.07190082428985967,0.7982912037922408,-0.8145141202455729,-0.029401721346077103,0.5106278328372388,-0.6131732428273517,-0.9860469980340071,0.27900309132822787,0.009443503310679335,-0.2685425691818406,-0.06689555837945527,-0.5603164374527534,-0.8089313698965402,0.5064554668594142,0.5817347581078481,-0.5487514045867223,-0.8415505821138566,0.6843360559355646,0.9699615897004567,0.43769819899258644,-0.8351869025472417,-0.45419727249763975,-0.46926731543689315,0.1771053381060813,0.542554837316379,-0.7540469525896735,-0.5491574508241004,0.004440545735641677
neuralNetworkClass 	class coursework.ExampleEvolutionaryAlgorithm
INITIALISATION 	RANDOM
SELECTION 	TOURNAMENT
CROSSOVER 	UNIFORM
MUTATION 	STANDARD
REPLACEMENT 	WORST
ACTIVATION 	STEP
COOLING_RATE 	0.0012000000000000001
TEMPERATURE 	100000.0
TOURNAMENT_SIZE 	90
maxGene 	0.9999999999999999
minGene 	-0.9999999999999999
populationSize 	110
maxEvaluations 	20000
mutateRate 	0.95
mutateChange 	1.6500000000000004
seed 	1646684373006
random 	java.util.Random@3ada9e37
numHidden 	14
numGenes 	129
Training Set Training
Fitness 0.15499334746161966