-2.699796448663802,17.352405084795123,20.282707131172657,14.262076936890002,7.614347463671839,6.284038443104627,-5.25220018638219,-7.594445082749653,-11.504694409283088,2.1356265853549647,-9.003273299257438,18.262241128278582,7.043690657784149,16.15176085143237,-2.1405742185052645,-1.0231869957650748,22.04608133481623,-20.445816157011876,-21.790370431774804,-12.901753907522423,-14.064855233532061,11.323907285671469,10.873150969713407,-20.827232261120265,-4.638994810157113,-11.177302463272982,6.387835075187022,4.505798970729765,5.936138746712915,5.920006035309781,12.92851990919975,-0.12971367807834433,2.9697405348344876,0.665696067896187,-6.395886026510517,8.591951713156131,-19.308939547327576,8.19409189896631,-9.130414688896893,-5.712548269251549,2.885082939812765,3.405568077497213,-7.674001699982556,-5.869212291416876,20.974147445845844,12.053643015080308,5.512653354513045,1.6764890560889762,-0.43311590315502,4.412856283990999,1.0766872897020399,-20.787908839795783,5.53080285424169,3.966790156695833,2.6816430420476287,-5.121407759750002,-8.079420965691778,9.145278928372504,-5.378167349179975,-12.070821439730949,-15.628254902837211,-12.13399993791911,3.958862967426791,2.8812502012247867,-0.8033524196286983,-2.356426060686858,9.61772768568088,-7.390610464996228,-12.415565697354985,-24.001347833539512,-8.956929698009056,-2.3054327004264366,7.5643650547441945,1.0782492691241359,9.266781388656332,-2.534516207153022,0.5614236884231794,-7.584906839848664,2.630694767999138,2.9905111547100702,-3.3267498425477546,6.818160780337674,-5.160098836811137,3.984124993645338,2.285589190287986,14.175275916934961,22.0616395795859,5.977075396237691,-5.245822469548539,-6.193939207736282,6.66659208762921,-7.457331870069696,11.867748446942162,-0.004594446508361827,-0.401491707388824,-6.179939968168039,1.5560105484089277,1.08097623152043,-7.439182266059971,6.062584820520337,23.102938736751028,-8.050852335087077,9.849126082708386,0.2934906374512405,-9.818428000122259,-2.5612002847907656,-0.31089535004314506,6.215393970486068,-8.022357944600124,16.19800856674081,-4.501510830033374,-5.315760010963526,6.7403796114247605,-10.881294329514311,-1.4853753904237301,8.773619232290045,9.448503513440667,-7.14101611004366,9.714618920223051,-2.322663916350418,-20.99297963782022,16.481933946032328,-17.708635232574956,5.922572735763293,-3.4914782525402597,8.71369809688433,-13.817740346145793,-4.8755812794513425,14.391527851743971
neuralNetworkClass 	class coursework.ExampleEvolutionaryAlgorithm
INITIALISATION 	AUGMENTED
SELECTION 	TOURNAMENT
CROSSOVER 	TWO_POINT
MUTATION 	STANDARD
REPLACEMENT 	TOURNAMENT
ACTIVATION 	RELU
COOLING_RATE 	0.0011
TEMPERATURE 	100000.0
TOURNAMENT_SIZE 	5
maxGene 	3.0
minGene 	-3.0
populationSize 	110
maxEvaluations 	20000
mutateRate 	0.95
mutateChange 	1.6500000000000004
seed 	1646684373006
random 	java.util.Random@3ada9e37
numHidden 	14
numGenes 	129
Training Set Training
Fitness 0.018255226701227412