10.282969297986975,0.3377298219864233,-7.817597355369525,11.689720796420165,4.2942452989845314,14.19213189830188,-9.073829892689673,13.644220747781807,3.9646630520099233,-10.05292100936702,-4.504250623258447,-4.5139743088609245,11.808996177140592,-5.7480160810154,14.304040200485606,9.559219964786546,3.767874836517928,11.49636103223203,-2.852399151199103,4.1516219245408275,0.6584879473662673,2.504734311007737,6.710925279062442,6.468949364808921,-8.249171748442485,3.857256533693036,1.043743669187549,16.166893123733296,0.21942256155560003,-1.6266164190969237,-0.8240649104624405,3.766526801395223,-2.5658453578954328,6.33148922563879,-0.33294079235053964,7.28277554833249,6.2049659357300895,-5.779643022616617,-7.742559860840022,1.7874654666231375,12.083887167450715,0.3290313408458889,-3.354845148952612,-14.788121917139867,-2.3723248822799956,13.155171853934501,4.200353016580248,1.792006815702532,7.324931217871355,12.117149484477165,-5.308967682809712,2.3178370411038793,-0.5113381265442101,-2.114456681068523,-11.419826579620162,-5.600545136970767,-0.16247683080602826,1.06544540208177,5.549525288259148,9.222631569837,2.2920611501181103,-2.1688087858033525,-5.771952407171238,6.584345340225644,-7.885375929179113,1.3672773789012567,5.112375967964453,-6.941902255691618,3.5541647991521508,-1.0587095439651524,4.596688467769474,-6.638280072519658,2.5224343898612327,2.8352499230280586,6.628121607261212,-1.0328448619550876,-3.0582589366328454,5.097317979087842,-5.113690953520503,2.7960073679954354,4.305618292224395,-0.7511293266217507,1.9555364201873564,-5.313562657685994,-1.6675788417015251,-5.357521179628362,-1.5345729808286022,-12.50371216311807,4.518038096720671,9.214384970016017,-5.7790033949356285,0.5241136094927983,-1.942419838309398,2.760619931292876,-8.824663328777158,3.8340924705181134,-2.8929206616499306,4.438939934281558,-5.181894085547748,9.162586659207614,-2.4550985339377673,-5.090681673282191,-18.98956445345363,3.0634232852242924,7.168750521312056,9.273769417541114,-3.5082301167069803,9.315758056353848,7.927810763608247,-5.788168277562353,-0.5334072629886331,-1.2273159885296865,1.4907488171780674,8.048209006846967,-3.4208315139630336,13.449727633534964,-1.3730640211350078,2.6248700062842376,-2.08253803785073,3.867678408280258,7.900516483326903,-9.197195981202114,-9.49637773040706,15.020941884719429,2.4931944979390295,2.772760672687923,-11.115908604883927,-9.360101022109552,0.3974101591433614
neuralNetworkClass 	class coursework.ExampleEvolutionaryAlgorithm
INITIALISATION 	AUGMENTED
SELECTION 	TOURNAMENT
CROSSOVER 	TWO_POINT
MUTATION 	STANDARD
REPLACEMENT 	TOURNAMENT
ACTIVATION 	RELU
COOLING_RATE 	0.0011
TEMPERATURE 	100000.0
TOURNAMENT_SIZE 	30
maxGene 	3.0
minGene 	-3.0
populationSize 	110
maxEvaluations 	20000
mutateRate 	0.95
mutateChange 	1.6500000000000004
seed 	1646684373006
random 	java.util.Random@3ada9e37
numHidden 	14
numGenes 	129
Training Set Training
Fitness 0.01632002936009764