-5.454589502515477,-6.410122000477232,2.287184114529876,-13.976358851772655,7.873295690113411,17.69645347822439,-12.23798205928184,4.925778512168165,-14.26760013636161,-2.2122232172723812,-15.334241381402192,12.37969125959122,-4.75469259216487,-1.326335192219429,-15.467616769613313,6.681962546592436,7.5724789206952,0.07593331457164965,8.570624715048368,6.743705302509008,4.290633808282905,-4.589080234041743,-2.1469342833765728,4.036481539895072,0.5305338561905497,-1.769125745746802,9.846764939137366,11.097949823788094,-6.64887701335064,-4.347812168829424,11.131183882217874,-1.84860739454985,-2.5718843289021036,6.6713775637603785,-1.0868238085007924,-0.5816349361779514,-3.1130699907145827,8.404330675766348,-7.712063463740636,-4.378164156679997,3.0505113074274917,-4.08674680783234,-17.418660588585247,1.0436786215942169,20.07557255716086,-1.890017932887691,16.35168251384311,-9.853151300411499,-11.268369534231967,-17.19921825221784,-6.094251020990429,12.362647758007558,1.2285147321712788,3.113214807364084,-3.949880893873562,3.6840425266720187,5.298697260163102,7.934792042944954,17.863549889168482,13.849916199506103,-4.837360402646507,-4.184490798383966,0.6537955241063695,13.539293636843782,3.664509503468592,-9.520563608532443,2.6157182775008216,8.310154910873058,4.905298564742909,0.1328734252143624,10.440508259245949,0.5437444789161407,5.852408374015015,-3.461830135448526,12.370238892050377,9.460740273929739,-2.095568589833083,-3.671217527721491,-3.5982490523953166,-0.652840072180636,1.7571090901538309,-5.287371026458634,0.9997158839821836,8.34311828206372,4.61606050122586,16.46978097829315,-24.02791075684437,0.5502816827296222,0.3889855199017287,16.04702133952934,7.292022938864587,-3.695897179799246,2.4146517221311576,-0.6142205526236122,7.468666658447942,-0.9153504989682215,-1.7519099196012053,6.241437503779178,11.575147148582614,-0.14492012011201805,-19.478972512870207,-6.139009806416303,-10.064628536531474,-2.330452994889118,10.433696454955259,2.9325204109696,4.65216455031211,0.38255358235140857,-5.841226895058137,19.103940282858268,9.377604860185581,-12.730491830471344,-7.499698650204197,-4.910068751148958,-13.717714182222592,-7.6165269660136214,2.6500701793975656,-7.605000678967976,7.9735879903996025,-8.27417643107696,-5.178975067572985,-1.9729512590630822,-3.0060924274696568,-13.101222816454946,3.611896565264491,15.759859329784645,-4.551856431260063,-16.482990414377774,6.519346039626413
neuralNetworkClass 	class coursework.ExampleEvolutionaryAlgorithm
INITIALISATION 	AUGMENTED
SELECTION 	TOURNAMENT
CROSSOVER 	TWO_POINT
MUTATION 	STANDARD
REPLACEMENT 	TOURNAMENT
ACTIVATION 	RELU
COOLING_RATE 	0.0011
TEMPERATURE 	100000.0
TOURNAMENT_SIZE 	5
maxGene 	3.0
minGene 	-3.0
populationSize 	110
maxEvaluations 	20000
mutateRate 	0.95
mutateChange 	1.6500000000000004
seed 	1646684373006
random 	java.util.Random@3ada9e37
numHidden 	14
numGenes 	129
Training Set Training
Fitness 0.020736142893518363