-3.8544900650787444,-7.08657375935387,6.355424543457648,2.676554994673303,3.746023497838472,-8.977678836355937,1.6326205362283694,1.6854000931440538,2.703923709805805,8.929938952937398,-10.169872344500646,-6.644228412116226,12.245821370748468,-11.204308568943597,15.263401804379717,0.7785660370937144,-1.98061284037815,-1.9708209052368293,-8.791937380239773,5.170679617679841,-3.1689230573419653,-8.296901238634366,3.023490803970936,3.833953687327157,2.6106369194329275,11.885701818310126,3.6290521297921057,7.619626382614866,-2.7995261261885993,-5.864679473635642,5.5409960092299375,6.286707225087425,4.5472680478984175,-1.8243498956608235,-4.1238823710030035,-1.212390081306188,-10.959991418968682,-0.865850121261535,-4.1361761931075405,11.646804827628793,-3.507075795754414,-4.122906243106689,17.681284780167097,-5.431829159304833,7.763580063310385,0.06347557494457412,-3.3630921581005717,5.214150314934362,7.925709259501964,-4.48385340863816,4.175407272312143,-1.6052682144383619,15.433144142099215,-3.977768295183936,8.363300108295192,-9.063292756087597,-0.7344928868882654,7.776046276413495,3.8366973061076397,8.523572679052513,-2.761877972165122,-19.183595249984123,-8.096187951570887,-19.096137658664304,-11.06210071997243,1.4363855147898672,14.842649601730804,-7.739370646053365,-2.9362515919644956,-10.092713332496507,4.219893141252029,0.21720653024441638,-8.795633740557669,-3.790317266139221,10.930045616388835,3.274303428064515,8.528047403882415,0.10315922966356794,-11.535566500625958,-19.16908049769632,6.038459970374323,-3.507521219537656,-6.282272636595064,1.4864692269626048,-2.2828753248438405,-8.8884000287075,10.875179699111133,-6.946053149204454,9.07763688625283,-0.6018528796329594,5.346826670800535,11.583867492411184,1.5984618299771718,5.269594483352165,3.975449960855616,-4.993842986862454,-4.569563841415833,-0.66139341499479,-15.856861935755019,2.7920720638401644,-5.458098714893232,9.068644822541703,0.3868366970039556,14.170664310695065,2.4186931218041314,-7.877878382311356,2.7063229451541417,-10.995783095420355,4.528009655509178,1.3420595365558867,-17.691415801194182,-15.165492742970526,15.33447367639121,10.33437919606616,8.980632131221924,-1.5433281494497457,7.8235057178665635,-0.9183849706225136,5.018327288897119,11.709868288238901,1.6914184671314718,2.3200307358230816,0.311834564276694,-7.656145770287379,6.603441786706872,3.000773364140695,-6.201117757543734,1.2280237736090092,4.150183292382669
neuralNetworkClass 	class coursework.ExampleEvolutionaryAlgorithm
INITIALISATION 	AUGMENTED
SELECTION 	TOURNAMENT
CROSSOVER 	UNIFORM
MUTATION 	STANDARD
REPLACEMENT 	TOURNAMENT
ACTIVATION 	RELU
COOLING_RATE 	0.0011
TEMPERATURE 	100000.0
TOURNAMENT_SIZE 	90
maxGene 	3.0
minGene 	-3.0
populationSize 	110
maxEvaluations 	20000
mutateRate 	0.95
mutateChange 	1.6500000000000004
seed 	1646684373006
random 	java.util.Random@3ada9e37
numHidden 	14
numGenes 	129
Training Set Training
Fitness 0.021317453616886306