-6.372524890758138,-11.744444097095874,-2.007772291637056,-17.785407205543706,7.826272348378339,3.4060437097571628,-0.12933273908886056,0.08195702575268093,-9.761900391524993,2.9518472599652696,7.796195759334449,-4.877009058238887,-3.166516713225082,1.851193398369551,16.374702526943302,1.9520137809350135,3.2605216074499737,3.140816365713837,3.2934067053844336,-11.629411723628674,-6.2757082184209665,-12.006361499756618,13.577253855332156,1.6521124010939818,10.010734583996003,8.008380853464981,1.9886821532211174,6.706085423307806,-2.9563304784261923,2.8428529664503017,-9.467443941441154,-9.786025953613448,-3.3448038476755038,-1.279164647806839,13.185292289513903,-3.2626078298934242,3.0725880489746835,1.5418818567106527,0.1556792841131287,-0.2106520681773043,1.7288875748908925,-3.695966587383529,6.504617785556496,5.180599877370568,5.289761458333573,11.161348755413819,18.15198713049829,1.8057037987370936,15.055778412657766,2.0313216980751516,-13.468931983245565,-16.232879469921656,-0.3028781271606036,-8.558331535810309,-1.3855708559329338,7.85079405227908,-5.393147904404987,-15.088366995183295,-1.8700880056229554,3.6128985295323277,-1.530815884987196,4.8498718131779555,-1.3886759561629187,6.814991718819867,4.630848660914163,-5.080855722305994,2.8856779339018566,4.903601433862251,-7.9635442608016,4.5174483937855445,1.587289920851509,13.470310604419002,9.942881178480024,-0.44409431330019533,-1.8412218222333543,-2.950304022065533,14.413048835401694,2.075613585692424,-10.050022292920444,1.515013770996231,1.5560819544346183,1.6388471315097863,-3.6919847447039817,-0.03468433746080635,5.378649585609503,-5.145593775211529,3.0652641529719347,-6.487283340803357,3.591434592892396,6.202568619437182,-0.17337431414109972,-6.225174017064116,-0.024997861396609977,-11.787976990869993,16.83356022868613,1.1548910714528073,3.3509486102385804,-1.5406796301190377,1.239517464486208,8.150993698387698,4.577062791855279,-9.939203913543574,7.819892059814716,-7.924323618515345,-6.260667623584084,12.707579262034068,10.059357858356702,-8.161333556266861,2.1489808602503215,-1.2937801914033145,1.7604094260124148,-1.4020960323259146,1.6693209063683447,-7.969372319900726,-3.150832628576076,0.2678687791520904,0.04506248099665733,-11.534566806836297,-11.082020671764177,3.7892413781159426,1.4358147603145248,-1.4234590370026652,0.4390763938335578,-0.2897791325844663,4.865873518400093,2.931564130020467,9.659519809453826,-3.1426375740519124,1.6939860172262566
neuralNetworkClass 	class coursework.ExampleEvolutionaryAlgorithm
INITIALISATION 	RANDOM
SELECTION 	TOURNAMENT
CROSSOVER 	UNIFORM
MUTATION 	STANDARD
REPLACEMENT 	WORST
ACTIVATION 	TANH
COOLING_RATE 	0.0011
TEMPERATURE 	100000.0
TOURNAMENT_SIZE 	90
maxGene 	0.5
minGene 	-0.5
populationSize 	110
maxEvaluations 	20000
mutateRate 	0.95
mutateChange 	1.6500000000000004
seed 	1646684373006
random 	java.util.Random@3ada9e37
numHidden 	14
numGenes 	129
Training Set Training
Fitness 0.02338843719509905