-5.4516430643571905,5.595137571742624,10.893199245086182,5.615563599331228,-4.139322565661901,12.37759468641785,-10.772499897605728,1.2556267038152367,11.492797717459354,-0.299578728539899,-14.742511009403527,-2.634520026419997,-10.629198114266009,-9.762823117194115,2.428620951567818,-4.428761516262714,-1.4232553716229543,-12.49990999755738,-19.890291302994044,-10.687657364261469,-8.28703628014367,2.958298497492649,6.37952109722773,-0.09893831263610497,-7.445404958939067,-1.8348178907362662,11.092410158275188,-5.956512028840574,5.773602752544088,3.723900095715006,5.6111624569737675,0.4138300492752389,-0.9444715712268987,2.0987635008509837,-5.860588339953607,-0.8914197325459146,-15.369446660150821,-12.978912504428152,-10.407411051156108,1.0543963691628058,-1.9966414053670647,3.4416837833939393,11.315529008389943,3.8533035855824327,-9.258341135547015,-5.451830262312926,-4.6635097287769955,14.821088696446846,-5.878824332310071,17.84378636699249,4.891487544809031,0.8595231063117925,-8.374792976181967,0.22543189822577503,8.709477555852338,2.4003177921298215,19.109840757080917,2.2521350917966636,0.01807693795134213,4.168478991397118,-8.828750588881391,-17.43879387079477,-5.938866566828503,-1.8150021321179484,-14.510604313842963,-10.48217989434628,-10.586387781143229,6.5635749122156515,8.072867039700439,0.674802976388305,-5.8641010625335745,10.85334335486435,-1.4075497938859165,-8.127094744108373,12.178762388253954,-4.110676474750999,-1.9835551598229335,-0.4221344906655329,-11.268140015229728,-4.815395954989416,1.2986091557149066,-9.770920466460401,-2.6471899223641024,10.333012164732805,-1.4299827273484187,4.265708775832303,2.8704956572754234,10.638301550990125,-10.75099754162408,-9.90042476505379,-2.424595677215633,-8.154349728092303,-9.641252080741593,5.320207219596737,-4.2085490771044745,2.9235287570206996,-4.720020247345854,-7.104084874224036,0.16786872447922008,12.328761846093027,2.516605303821967,-5.974207709667342,9.586396277055526,6.734875668687769,-5.184967109866546,-2.5989486531493515,-5.901871916757548,10.213585077766822,-7.746702628306696,-2.5498770106434634,12.736036741633399,-2.818456561750997,4.3040083500662565,5.220458182903592,-20.456684261850228,18.159241659112034,-0.8744725124909465,0.9909918928018975,0.8143328422420861,-13.463790398949085,4.748672193821697,-5.387258342769432,5.864123608774568,-9.603561754863115,0.6516339518001457,2.491028814455074,7.223996132885803,16.280206552856065,8.153689891618637
neuralNetworkClass 	class coursework.ExampleEvolutionaryAlgorithm
INITIALISATION 	RANDOM
SELECTION 	TOURNAMENT
CROSSOVER 	UNIFORM
MUTATION 	STANDARD
REPLACEMENT 	WORST
ACTIVATION 	TANH
COOLING_RATE 	9.000000000000001E-4
TEMPERATURE 	100000.0
TOURNAMENT_SIZE 	90
maxGene 	0.9999999999999999
minGene 	-0.9999999999999999
populationSize 	110
maxEvaluations 	20000
mutateRate 	0.95
mutateChange 	1.6500000000000004
seed 	1646684373006
random 	java.util.Random@3ada9e37
numHidden 	14
numGenes 	129
Training Set Training
Fitness 0.023009779052902395