16.197347431764484,0.2853775061290609,5.004218092900103,14.448705669511352,3.462356444361995,6.785184848946463,8.768400615136533,-3.089215006648976,6.596350891411314,4.62505286378491,4.225923924332799,-0.03816964647933041,9.914801106818556,2.5830826555892514,-0.563786176130753,-12.166218376869338,-6.731320631780116,4.172109492911273,-3.7837523518101417,-7.077977964622594,-0.658544903908882,-8.059950192393767,12.89875358337538,-7.355393467435004,5.011778769729851,-1.2059921584706732,4.992448838052232,10.478365646916039,7.784528702628226,-12.151476464046832,-8.764373021791197,5.661783875770609,-6.8239182831075675,1.3992189375756823,-1.4663082757262593,-2.6616688007349874,-0.8896402374457546,4.7063452868585545,-3.181969377083739,-9.964557005025346,-0.09019281870625129,10.815375199304487,4.706278363037711,-21.543879061571502,0.1739368844655722,-1.655210748628332,4.97249670817537,0.7781159552492536,5.18886611087183,-0.8119177483922364,2.1152732723548846,-2.129125500934924,0.5909555794353416,9.798811793527625,2.7961379148778462,-5.398498488012888,11.242782627857052,-12.320423347287408,-1.5374074816680952,-3.899669596565646,8.954628803634519,-1.8179406223576784,-4.971818028467424,1.683550953230604,0.820365243765333,2.6061862076135016,-4.573276434419453,-7.483707287477095,-9.240660195083944,6.423135502272938,0.7256286464984409,5.8829079944875176,8.181289360837038,-1.6842169492795307,8.10558779263393,3.559630702854382,-7.693461268024588,-1.634475354732622,-12.657928629734347,-3.746544668726731,-5.534369520356577,13.724371962232716,-10.613615374034174,2.926691145939956,4.267443724348501,-8.981810858379292,-1.2822423361713726,-13.255669222885864,-4.504419239050148,-19.010628930715903,0.20545969244987283,16.480667506253283,-3.7884621440909303,14.727306089720981,-7.1405534076911845,6.688062043428138,3.3207956198794832,-2.809378566009336,2.267871052471466,6.805092793270065,-8.209613037234682,-13.058574033134994,-9.390015658416775,-2.410050551956802,12.664357685298938,14.150487963967771,13.327066237950204,5.130415640511301,10.317858002668777,0.5495417619281104,-4.709460676956393,-6.817098444131921,0.35705787574486436,-9.022496223678688,3.506129744687767,-2.2375133960718703,-2.227647404615126,0.5714690515873659,-2.642171036710822,11.186000935282424,-3.390243625637095,-4.67681127384773,-2.716173564121659,1.0646323148229024,-1.7160839117873055,2.5113817708229824,-4.984575018758152,-7.596606668544995,2.738844008485864
neuralNetworkClass 	class coursework.ExampleEvolutionaryAlgorithm
INITIALISATION 	AUGMENTED
SELECTION 	TOURNAMENT
CROSSOVER 	UNIFORM
MUTATION 	STANDARD
REPLACEMENT 	TOURNAMENT
ACTIVATION 	RELU
COOLING_RATE 	0.0011
TEMPERATURE 	100000.0
TOURNAMENT_SIZE 	90
maxGene 	3.0
minGene 	-3.0
populationSize 	110
maxEvaluations 	20000
mutateRate 	0.95
mutateChange 	1.6500000000000004
seed 	1646684373006
random 	java.util.Random@3ada9e37
numHidden 	14
numGenes 	129
Training Set Training
Fitness 0.020178759962700063