0.10656511120076761,-0.5005028617314065,-0.749326144630184,-0.10328767955931828,-0.6135405354160546,0.8850711405942714,-0.21283857131907102,-0.22441931601423715,-0.20289133374840418,0.06557324611961513,-0.6168587451661744,-0.3313523318230738,-0.7518432312864302,-0.5261745795941091,-0.004243549073788655,0.2107448682506755,-0.43901282732066926,0.7639094993080732,-0.23658935765649858,0.3995482378874887,-0.45410974238314994,-0.5904596694652566,0.7371057953125245,-0.7496247060069159,0.6036010808298159,0.8980922351479955,-0.8902999018949881,-0.39749349596647376,0.058127129995146576,-9.208878867077441E-4,0.043384615663574766,-0.5357476503664846,-0.9204760876841874,-0.7123227609091634,0.4443581034135221,0.3783792856310676,-0.6352997878386426,-0.5677634875016191,0.3692768293398566,-0.8696583845064222,-0.0341329195582305,-0.21253655710128316,0.6398509292502453,-0.8781503786833446,0.7918514124823784,-0.4802421884529211,-0.298460754643197,0.33508607139801516,-0.5661224658659056,0.4717039413224876,-0.9280363190681874,0.03917068803032164,-0.0817612584401235,-0.13878894073473225,0.9085364538547763,-0.37220036949402635,0.8474845258470579,0.23377058392628614,-0.4286538199304082,0.018233754219150522,0.5009912315566779,-0.5211196849757569,0.7884219312069555,0.24915702608289958,0.02199970053915623,-0.05733588941036816,-0.23094210898457868,0.8926066371665361,-0.8922346196714926,-0.3089972750368666,0.05670278551240193,-0.7185891668994602,0.9928091871767043,-0.08273161072195823,-0.09762274078245303,0.4387512763914735,0.5226612399623914,0.8938611150220378,0.05133186650436372,0.37246409045724416,0.470195516336264,0.01882937045828592,0.13843836787800445,-0.6421207736391841,0.6454122801278638,0.08670161790637454,0.8931540289934173,0.7302146664206967,-0.7469682810789764,-0.856680961232191,-0.17619205645047975,-0.43734703680183373,-0.04207038882031,-0.4867629061419678,0.10814246349419376,0.21611111910539915,-0.8172325761618692,0.5446787395620637,-0.3181738980950719,0.6593094404248364,-0.6358449185960235,0.47604281264357373,0.8517679573038227,-0.5491445092658687,0.19388342688650895,0.33019200655364755,-0.036679243242038195,-0.3405237534220127,0.5657295337941953,-0.3314658291549808,0.6192636218238016,-0.09500689855418698,0.33953250634387333,-0.30679347861271666,0.020044438476053306,0.9556672588412821,0.8201541200207113,-0.8004999258257114,0.313116493521986,-0.4655841689156923,-0.8605771370817218,-0.6981945336292199,-0.086084800416103,0.42809809544677113,0.011418000365814085,-0.5825104092088671,-0.27121495135412665,0.24847439275954664,-0.7972906091929316
neuralNetworkClass 	class coursework.ExampleEvolutionaryAlgorithm
INITIALISATION 	RANDOM
SELECTION 	TOURNAMENT
CROSSOVER 	UNIFORM
MUTATION 	STANDARD
REPLACEMENT 	WORST
ACTIVATION 	ELU
COOLING_RATE 	0.0012000000000000001
TEMPERATURE 	100000.0
TOURNAMENT_SIZE 	90
maxGene 	0.9999999999999999
minGene 	-0.9999999999999999
populationSize 	110
maxEvaluations 	20000
mutateRate 	0.95
mutateChange 	1.6500000000000004
seed 	1646684373006
random 	java.util.Random@3ada9e37
numHidden 	14
numGenes 	129
Training Set Training
Fitness 0.1366752452832403