5.8968849144979085,4.448762254849742,11.590004634336205,1.8560664370422888,7.413538631035499,-0.17231973191723782,5.943096780605467,-5.98806965880996,-9.593540673731829,1.9483469091985963,4.848254867867712,-12.108587236789784,-4.640345817002299,-4.634272921217082,2.840660576159639,-1.9509502753593821,-1.6742162386965398,-7.308768985864368,1.4585853242484568,6.131421017157078,-12.908332501551547,-4.010020351365668,2.579851788731686,3.570734627618961,5.757951162278794,0.1679357244596087,-12.648130852457745,-9.096497140159663,15.182678395434037,2.1157351224737644,-3.873491517436346,7.441099931212744,4.645932597248946,-0.644651970158348,-0.6627392689615839,2.267047625757063,-11.262362330258759,-7.997502435755283,10.469783284471584,-12.078588239229955,-11.09697509518713,0.01205948529059242,3.5281218540525288,3.705750508485396,-0.19980093823387435,-4.834534523062997,0.3875598137710714,-0.34741021631154645,-5.918345542919891,4.288425328140777,-1.448776890848734,-4.598539147905007,-6.04348063531278,0.5040854611012318,-6.258762364082496,-0.7909284989318257,0.5727214953635493,-0.46896638629106757,-4.6435893764545035,7.944235224074229,-2.9218042107940736,-7.522641473983086,3.367076470036732,-13.921272577819556,8.777675148513705,-3.8887289263114297,-11.206076727228458,1.9332850639709243,12.79652444745726,-9.544413068950945,6.131283697351436,1.5735125461824095,-5.0044953830009895,-3.7923274868909442,12.276549004596944,-2.3764952990183845,3.550271172417311,-1.5217517052107254,-5.933963965210464,4.275542727105262,1.7168356044671533,4.021742550991539,1.4438073041133679,0.22226805947107753,11.199140189439593,-5.502313496454763,-5.646379908667957,1.3732836264246315,-3.332682475404601,-11.443063971209455,17.295346015621696,6.89118167849996,2.795128235264373,9.438304323931686,2.475882000834453,-1.2074601095332165,-4.207508049226995,5.590485489422118,2.8607390605335645,9.357481157348225,2.70395174219695,15.950946759388415,2.796170625361701,-2.3230695758832507,-3.8236737281983064,3.1177625427055347,5.472873311597896,-4.8602416598121785,-1.2812640208000179,1.1921627822910597,3.0409641204394493,-0.277460322040298,-7.464397023546242,12.64886129650219,-5.837888434991931,-1.7572920834857424,-0.09184913813063034,2.9080319333814835,9.298366993767182,-0.6785694031957936,-5.467649279455408,0.13709044586117747,-1.7115802634122002,-3.0244214399802694,-2.608816827594974,1.2022440907357943,-1.0493360827792877,-4.631292417903214,-5.303495395774313
neuralNetworkClass 	class coursework.ExampleEvolutionaryAlgorithm
INITIALISATION 	RANDOM
SELECTION 	TOURNAMENT
CROSSOVER 	UNIFORM
MUTATION 	STANDARD
REPLACEMENT 	TOURNAMENT
ACTIVATION 	RELU
COOLING_RATE 	0.0011
TEMPERATURE 	100000.0
TOURNAMENT_SIZE 	90
maxGene 	3.0
minGene 	-3.0
populationSize 	110
maxEvaluations 	20000
mutateRate 	0.95
mutateChange 	1.6500000000000004
seed 	1646684373006
random 	java.util.Random@3ada9e37
numHidden 	14
numGenes 	129
Training Set Training
Fitness 0.05205912849415038