-8.787857464274873,-3.08262215121942,3.1553872714017324,-3.7835876011667597,-7.6155681235557555,6.202468913066447,5.027665477564252,2.661187346824054,-2.135698191331908,6.072810543123067,2.9194708602250907,11.69787619758215,-13.316825935037903,-0.7214379767704786,-1.2399411234682498,2.679207469752093,21.283330680075238,-0.02971602534349227,9.78577514946051,-0.6776361485020637,10.827457480736571,-9.04402665352127,1.5656313407504392,3.893914256416716,-3.1811003122375734,5.50775096890412,15.894643081838177,1.2314754366667984,-1.0951651422618154,-2.1065721266856032,1.2980344937310804,-3.278328671028122,-0.5392597997307496,-2.2937639646553087,-2.115668487012288,-6.229247928231345,15.068201598401993,7.2515431936227746,-7.482206637565377,2.408538298989118,-1.150714111878104,-16.327572051216755,4.100549375881708,13.908146016146532,17.859366372484068,15.906533440583415,6.462232205088517,4.283249383176105,-4.133532163814161,-4.73533434805627,10.599819263885058,-0.40856812358427597,-15.091134427186734,-1.1928500139360896,0.8428176418938937,-5.273522344070344,-11.076153538780373,-4.5829940452723275,12.038848284318425,-8.325754609012037,-8.070788670065923,10.029546927086958,-4.537893707187622,-7.1139289383536575,-1.0347288005009645,-11.023940975460453,3.392099331806917,10.790437178307068,11.368759054895358,-2.415240842914349,-1.8575157616202187,12.96794615325165,6.90125367672143,-7.694719275731964,5.389746085223695,0.7564302874559008,6.693382736965974,-0.8165196984271637,1.2088859100667815,7.4823301949226675,2.6422420617053417,-1.838592252379629,-1.8817975248317698,8.981267551123285,6.363145440747164,2.2628272837601493,-5.7323195139068375,3.1750365672852645,-0.7020160298760123,-10.902275615118404,-0.024587347298501427,-3.0859633591826467,20.971152380096257,-5.9702190991836215,-14.926087718371456,5.823461654368984,-8.489832994404338,4.198847449941251,18.573088674702568,-2.2416379123316243,-2.838225673743887,-5.474012656541994,18.02908307517575,-1.4230082284171992,-2.764478422542684,4.9017171734790885,-6.071915515332564,14.183647564248757,1.345428057052576,-12.03138964751419,-2.9983357541223157,5.421505944710468,-7.853423889275671,-12.792517395190833,-3.0649067297958172,-12.237238509450753,-14.522897635486435,3.3219209566172747,1.762525814177832,-6.202336587887164,-4.48274896900132,4.13896677917541,-7.887144967390679,-22.384151500419968,14.915816730103503,2.55431059602555,23.32746985824371,-1.3473378481257061,6.810478734102042
neuralNetworkClass 	class coursework.ExampleEvolutionaryAlgorithm
INITIALISATION 	RANDOM
SELECTION 	TOURNAMENT
CROSSOVER 	UNIFORM
MUTATION 	STANDARD
REPLACEMENT 	WORST
ACTIVATION 	ELU
COOLING_RATE 	0.0011
TEMPERATURE 	100000.0
TOURNAMENT_SIZE 	90
maxGene 	3.0
minGene 	-3.0
populationSize 	110
maxEvaluations 	20000
mutateRate 	0.95
mutateChange 	1.6500000000000004
seed 	1646684373006
random 	java.util.Random@3ada9e37
numHidden 	14
numGenes 	129
Training Set Training
Fitness 0.019631503475288782