-13.196203884882259,13.85704767124585,4.054231756339119,17.340856384770014,1.1702269456406533,-0.6411961472693886,-22.013612496043883,-3.1185209442887665,1.9910821033912374,-1.8515452535425965,3.9319866344096326,-15.512291159872134,-8.588881896522564,6.742778666542597,-31.2733044351355,-2.2047058381911313,-9.09405404645558,-2.297468305608393,-6.684828711930738,8.412651647877652,10.415632453810419,-5.201240165442395,5.965597934722551,-8.157306043320949,17.308840692187925,0.27191972181949886,-3.667360116483655,-2.087180658082664,1.2370526129841863,3.740885599340065,7.375531441921321,-5.258807579541714,10.082968139751793,-7.13653375271026,-13.378600377786139,1.8257461214769721,17.48525962198582,-5.025846562480294,1.1564118452632677,-1.6333963608150022,-3.0255749409188253,-0.5410954865562516,-14.227291076482091,4.243812786619152,-8.567373768716266,4.207854082560637,0.11738687936380732,0.07193908791820824,2.625761273223933,7.249165267575258,-6.390470506622975,-13.689058775108458,5.410973384632557,-8.45190899961795,9.109178048512414,-21.747239222487693,-2.651767875536123,-19.97632589268965,12.288523322143078,-8.689322741958264,6.039413708606565,0.8413740167994721,-4.386685035640516,-15.247792061469331,0.8269077623972052,6.933269610211891,-1.9447229703247038,-11.453301212411274,-10.775513554225798,4.639560913281144,-3.7503247985557877,6.441455741001349,3.962934054023803,-0.9658864679290513,-17.25695356132604,-18.329524243999522,22.978510913678534,14.831726720087437,-11.655544733037381,20.14274617148704,0.44773424304408316,-16.570741840323436,1.949503739615853,-7.891591916480124,-1.2569783634840723,8.297354966397872,7.7233403398914895,4.553031294616369,10.345108037069496,-6.102255918154453,15.070492997035542,-11.753721046886763,-16.05640196598501,-18.067510064240302,9.100189560997116,16.60150720110148,2.7197879349667398,6.437801307857418,16.445329147865138,-3.687605772815399,7.82186891496578,2.092785353278261,-13.429378857074273,7.936372550726098,11.326313744677387,11.4020554733377,19.56938249263255,9.730803005484644,-2.7726101414194737,-0.5132602677922691,14.882224044832558,4.7115704304676065,-2.2218014570161815,-10.887858977892536,17.05047217001278,1.0090551628860744,17.155216689959786,8.09221133784309,16.418963609617705,6.367769280522753,12.980751142465053,14.315368783673646,-4.018227271286335,-6.188874243298315,-6.976825174809106,13.737689551811362,14.651940514584224,0.31240879277636324,-1.7026397882436566
neuralNetworkClass 	class coursework.ExampleEvolutionaryAlgorithm
INITIALISATION 	RANDOM
SELECTION 	TOURNAMENT
CROSSOVER 	UNIFORM
MUTATION 	STANDARD
REPLACEMENT 	WORST
ACTIVATION 	LEAKY_RELU
COOLING_RATE 	0.0011
TEMPERATURE 	100000.0
TOURNAMENT_SIZE 	90
maxGene 	3.0
minGene 	-3.0
populationSize 	110
maxEvaluations 	20000
mutateRate 	0.95
mutateChange 	1.6500000000000004
seed 	1646684373006
random 	java.util.Random@3ada9e37
numHidden 	14
numGenes 	129
Training Set Training
Fitness 0.05434427737574847