1.270871767201478,14.790889626055217,0.3609635136131679,-7.807802332666872,-3.80703439446952,4.0740025854682544,0.9235835488623909,2.401716145631924,14.622479351538521,9.532044235949336,6.852834306625329,-4.730378605571367,11.013474023971357,0.9438132031231152,5.489465490049451,-8.318998419415037,1.7276941163051633,-7.542957140397375,8.634231136015927,-2.6131741112974165,-2.890932327855534,-3.4949226618673173,-0.48751635341858623,-3.1293946622556668,3.6611935065091226,18.884672838568314,9.490429446497659,-2.9035129402171704,-3.2069625825181767,14.712003237695278,-7.245049596674162,-2.8427739940798924,13.838294478445166,-13.551443748953421,15.602875616132282,-2.7411618809510374,4.331608442111755,14.05071825444407,5.357074719513642,-9.465400898276568,15.940073711882034,0.34645019065085236,12.53572814690528,-6.425588509945881,1.951178276798407,-2.420426298988435,6.097612476624452,-0.4135779435821956,10.058583274954573,0.3367887323792873,-0.5797738744351646,-1.2238683951298075,-2.9851331198804907,2.1846584662919053,10.689062424123309,-1.115901437035908,1.5855947759529085,-9.156595973929399,0.03532253190849399,5.56669533931933,-0.9581843919537958,-1.8385389646735923,-2.2441539286328958,8.635239717950288,-16.231688146518252,-1.6206373611296927,0.933019368203797,-4.312822064710028,4.092672656696241,1.5836157325901326,-0.2560920706022536,1.1688596836696066,-12.994511535173428,1.9008567774569727,-0.7431573213353708,14.002802638315243,0.044702493976597424,-10.13032801876131,-15.88982559376308,1.243203081520602,-2.9426115122382264,-7.847914248404438,4.801894924407881,-1.2581893977891276,1.1799568181833773,5.508823068645273,12.8403085193587,-4.287858381524588,-4.306972104566282,-7.187933629005768,-7.485078871216766,-7.22663156041561,-1.4400553066145783,-0.04346728095117225,-2.406801941597423,-0.21392243987881177,10.84813184560646,-5.8456899042768145,8.03282844897141,-4.789547839516622,4.410239265549097,-1.8890030975834424,1.7206145853206483,2.073291954352195,3.3672497767457807,0.4303031734804552,5.908094202935648,-2.4763565078134837,-1.6115424083564163,14.331376632243071,2.0604811285388847,2.137673654595673,-5.546538387811344,-7.112271566670634,0.5195021417322767,0.6017772777018209,-10.94094619799641,-7.391257018814602,12.402185108960008,-2.091230494659417,12.049114275670677,-9.865634539069138,2.9666422197825204,-2.404623562285969,-0.6516404199097181,4.650667787378708,4.572375203754216,-5.2199110774671915,7.9710272968009
neuralNetworkClass 	class coursework.ExampleEvolutionaryAlgorithm
INITIALISATION 	AUGMENTED
SELECTION 	TOURNAMENT
CROSSOVER 	UNIFORM
MUTATION 	STANDARD
REPLACEMENT 	TOURNAMENT
ACTIVATION 	RELU
COOLING_RATE 	0.0011
TEMPERATURE 	100000.0
TOURNAMENT_SIZE 	90
maxGene 	3.0
minGene 	-3.0
populationSize 	110
maxEvaluations 	20000
mutateRate 	0.95
mutateChange 	1.6500000000000004
seed 	1646684373006
random 	java.util.Random@3ada9e37
numHidden 	14
numGenes 	129
Training Set Training
Fitness 0.01851628425334084