5.73281354605578,0.8475012998407152,9.02140752256492,3.797572460036198,-8.45948773680494,-2.3500699773910787,-2.1969757243079817,-0.3627116186587074,1.957019479559305,-16.18697643349928,4.399702547390598,10.222411347726634,12.51731364817141,-10.26203723607459,-7.368882323609407,3.8413409351381578,5.620751549663385,-0.7470998184349522,-2.401484992049049,-4.537546658125407,7.543920705910631,6.939337240780548,-17.294509325493713,0.8403509210553368,-4.0788414245045,10.041076622074057,-2.7592670535977994,8.646099199760975,-8.94904579402988,2.44960914483865,-9.290740782387918,-1.7110563487749744,-10.803786665350433,7.285186026673125,-14.585299940912543,-6.321360310396949,-7.231366998509838,-6.319282856237924,-0.026302298500533006,-5.778330288441975,-9.277801438751187,-3.9739721030483173,-7.7154994521151785,10.251261796678628,2.528080534264875,7.292895636329873,-17.97464736651399,-0.3897346070497534,-6.43702528865637,15.386680400054104,-11.025708287765797,-7.412420701523704,5.665194897839136,-2.391747940068079,5.22048480729438,10.002969009794478,2.29759269145878,-6.539691093210701,0.12824704738622117,0.14175007674048157,-8.996355235898564,16.195072431472106,3.6184036528411507,10.45995514956576,0.5028137700782942,10.475733496323507,3.4976720556229752,2.5622431675791573,-11.506446066671922,3.711916455780888,-9.004744624635972,16.698949649757353,-11.332900713262877,-11.070182489659986,-6.7431445981164,9.93531733635763,4.3824366790382765,-2.499434787981304,0.6998277574642771,1.4150878674762914,16.76263248281603,3.0257401708725187,-16.25078185791496,-0.7777255383316426,7.044946751923675,1.7668840187691455,5.902934236870767,-2.410921602774378,-1.0480650355994037,2.6062151807829848,10.465322985018707,-6.84545046999866,-5.001997860293905,-11.361337122644162,7.391939194729305,-6.352264825288721,3.805640732248598,8.120718485003525,4.004306539630804,-10.599299996135604,-3.87215138890026,3.5894966619482833,0.16198779738054947,-2.609059833095767,-8.342010411128147,-2.0342131120042133,7.670297059910105,4.169357631576576,-8.394376082785785,13.067768305356617,-24.44449792688961,6.59909891564361,-8.223397097519635,7.087450869460023,12.50537993883625,1.0622039862690844,4.567985753080517,4.61979641892394,2.8515064327256923,2.0851524314123875,-5.476895732048169,-7.515136542339786,13.660673299699564,-8.35896673574704,10.889365337735088,18.44621117656122,-2.893655639857225,-0.894793472620286,12.131146956789443
neuralNetworkClass 	class coursework.ExampleEvolutionaryAlgorithm
INITIALISATION 	RANDOM
SELECTION 	TOURNAMENT
CROSSOVER 	UNIFORM
MUTATION 	STANDARD
REPLACEMENT 	WORST
ACTIVATION 	TANH
COOLING_RATE 	0.0012000000000000001
TEMPERATURE 	100000.0
TOURNAMENT_SIZE 	90
maxGene 	0.9999999999999999
minGene 	-0.9999999999999999
populationSize 	110
maxEvaluations 	20000
mutateRate 	0.95
mutateChange 	1.6500000000000004
seed 	1646684373006
random 	java.util.Random@3ada9e37
numHidden 	14
numGenes 	129
Training Set Training
Fitness 0.030955143718004584