9.322128731702954,0.7963224328721328,-5.057114915737268,-4.823583052088111,4.943735681924227,-2.2064344525011386,-3.1059001093347227,-1.6347755877432961,5.402441663332954,-2.397040726925863,4.746671562973194,-15.323686070324955,-7.870776965274649,6.894318797758719,1.7588199609865462,-5.617709747697365,-8.306931448078544,-4.581493976013499,1.5629802157942754,-2.8700895993260875,-15.073650274529639,-4.803434304784803,-2.860697702847146,13.09322266140745,0.21578394267940393,-2.690992038121415,1.4785159105672108,3.3324124556731434,8.750966986250463,7.7118851470489735,-5.499056215632024,11.289494339352084,10.068942017359083,-0.8628306851943153,8.038682938061811,10.926600424566784,-10.232747853025439,5.653298693564491,-14.234292323452392,6.0747232022352,-11.420589617084708,-0.4323825369383627,-1.8241188284543641,5.860382159636232,11.36570471323881,-1.7042045726731603,-5.838401404907994,-9.485209410365929,-7.631261379222099,-3.5458270056540133,11.736018764011138,6.644711235145535,-3.932904249676139,-7.950667333792969,-3.6304265034791907,5.656295012522191,9.531996659348108,-0.8549346047303397,0.5266816145133704,-1.4771898629415467,-5.349194755222958,-11.219750285556104,-10.558672981244191,1.0242776417008974,-9.67227810081773,-10.957970108359692,6.910393777749076,-2.0383659273348114,4.1059883064686,7.117032515217316,-2.6886117029153818,5.660159603353635,-7.472587566646697,-1.2007765242845947,3.266409540068026,1.526512750990717,0.4540045696547015,8.526365768881773,0.876966631410852,5.410823928718804,-12.526996898017366,-8.752102087258102,5.094472811262362,-2.1500895423616297,5.6405504489425144,-5.454588651464963,-3.2810156971821174,9.229785130216287,3.4407635562757557,-4.317232547953838,-8.566018171587647,0.005237528109708123,-7.604068396176757,5.606249184739636,1.9377320882089304,-1.8986203466450524,-1.689947119416443,-11.803992082594077,-2.4280040612786173,5.19665448202744,0.811911110244596,-9.461580951259458,0.1765879615212249,-0.35108326541203994,-0.16462759348592115,0.2448253042992663,-0.03647544131768887,-1.174195797819884,0.5335734198009976,1.8355006129908524,3.169180258427758,-5.430953438126616,-2.7421398882904633,7.9145191875527505,-3.5424374951079916,-8.073045432400733,6.037411086204795,2.675831664732507,-3.250192261250781,1.0340445912328864,-3.6093051154270253,3.9310629569857287,0.6120957446942406,2.117681641555791,2.6846767428905807,3.104160640154088,-8.948566111120355,-2.869334622992043,5.368765574611939
neuralNetworkClass 	class coursework.ExampleEvolutionaryAlgorithm
INITIALISATION 	AUGMENTED
SELECTION 	TOURNAMENT
CROSSOVER 	TWO_POINT
MUTATION 	STANDARD
REPLACEMENT 	TOURNAMENT
ACTIVATION 	RELU
COOLING_RATE 	0.0011
TEMPERATURE 	100000.0
TOURNAMENT_SIZE 	30
maxGene 	3.0
minGene 	-3.0
populationSize 	110
maxEvaluations 	20000
mutateRate 	0.95
mutateChange 	1.6500000000000004
seed 	1646684373006
random 	java.util.Random@3ada9e37
numHidden 	14
numGenes 	129
Training Set Training
Fitness 0.016796671537404117