-0.3572426569946221,-0.9262595230193992,-0.4102636511255051,0.43268174251052416,0.6465090062491675,0.6243438045003636,-0.5582667054648573,0.2597420477538742,0.8837124669471238,0.6101218663931786,0.289431470257134,0.016330328165609864,-0.33894060956834826,-0.39969983242484886,0.4106421484991304,0.21807352741716668,-0.44625328335077774,0.6931681354215878,0.531967882222406,0.5022244097174732,-0.3798671921575798,0.18584308479711764,0.5851805812643386,-0.7486163293237924,0.04234826778569267,-0.7629176889996993,-0.038084750055433325,0.09974901729517105,0.9712566679275817,0.5243320168879898,0.4583681036238575,0.3533543340669797,0.2661403492870892,0.46513322001026103,-0.37210198638128356,0.4266763392801701,0.5242967575670797,0.6924871889881442,-0.4643776749955193,0.2654805408878417,-0.5090919405486103,-0.32560258712246903,0.5391219366105572,-0.02877642780628764,-0.4077011628792391,-0.36115588840096136,0.8867188853006355,0.6814083881982355,0.5276979175587083,0.5036855461382789,-0.7621870279206165,0.18245055016933975,-0.9072474847626676,0.8336637223480398,-0.9539549447882624,0.06611173732574105,0.8201839823473,0.5544562409196278,0.9184025599669737,-0.4282576774848128,0.492310752993394,0.6658442795175944,0.5710158981990431,0.25590320101971165,-0.6162046045036174,-0.3623911428264093,0.3027180982670604,0.49582542866654344,0.0017975460557627665,0.5955135299954156,0.4270023039662797,0.4033102094887432,0.1503433165979703,0.8690896636615332,-0.37449646952422166,-0.2687249179875213,-0.7790472114526704,-0.9414750526037391,-0.6395900944120063,-0.9619940645538357,-0.03289786530587224,-0.9153655749974766,0.3092014331585974,-0.09316451657556346,0.21866364899520463,0.035413755894004084,0.7635215119355271,0.539018713342052,0.8945167201052163,-0.25384070652886304,0.31556462050536227,-0.7150569272183624,-0.6911368139913654,-0.728196067250205,-0.7671397220080246,-0.3216446539081035,0.7881890558313444,0.5611499569557318,0.07305278660676262,0.13687750947150235,0.5101666843337506,-0.5514892426510409,0.2611042785951422,0.9784140041501287,-0.07507700272520634,0.5019003660204334,0.13231231346520167,0.953323513211768,0.9924055331061107,-0.7686378121771681,-0.5011600498169806,-0.5876478169637676,-0.12258516846300194,0.28032045825150964,-0.03810502027529217,-0.13152630982982072,0.3871496165732776,-0.4506296569973993,-0.5757424627302834,-0.5752126687121941,-0.2832999657957209,0.4697214548481973,-0.7376884875835206,-0.721762330612385,0.21444210666243502,-0.2852630986289981,0.7603457500509593,0.05616733807574403,0.7462142249287754
neuralNetworkClass 	class coursework.ExampleEvolutionaryAlgorithm
INITIALISATION 	RANDOM
SELECTION 	TOURNAMENT
CROSSOVER 	UNIFORM
MUTATION 	STANDARD
REPLACEMENT 	WORST
ACTIVATION 	TANH
COOLING_RATE 	0.0012000000000000001
TEMPERATURE 	100000.0
TOURNAMENT_SIZE 	90
maxGene 	0.9999999999999999
minGene 	-0.9999999999999999
populationSize 	110
maxEvaluations 	20000
mutateRate 	0.95
mutateChange 	1.6500000000000004
seed 	1646684373006
random 	java.util.Random@3ada9e37
numHidden 	14
numGenes 	129
Training Set Training
Fitness 0.1421712472061666