2.7777810859092327,-12.186780327806517,2.958998187117846,5.31577925515723,-15.783697895627023,2.0598926828291493,-5.787807010018511,-0.003203764671263265,-4.368859981052289,4.572461610438243,7.146803138012112,-8.952748323882801,-4.5876229071201475,2.80225901817792,2.522119620725886,-4.487424041360047,0.20847327409375715,-5.310057018002912,5.944090075407004,14.854647514286798,14.859565526074602,1.9341242967987862,13.532576390892784,-5.082891437452274,27.387949639964226,15.549839304344506,-6.124744894041853,-10.454124703794088,-4.416133588385939,-22.03651502479171,2.956870505442444,8.072986449900192,0.5852613908582818,-19.90174012997388,6.231844959968669,14.548102029357823,9.848235116563377,12.449070291036376,9.077079811611494,2.468304053297885,2.6501349550551794,6.834428824704471,14.803014935036991,-23.108494177000715,12.15453777418878,-9.120259437243604,-10.646457060394818,2.489172820730573,-2.340492456242764,-7.962140621932473,-20.88769611611719,8.763342569852902,12.032235700370702,-4.128880569988071,-4.793350051222449,-9.070242429979992,12.12858822305654,1.6173300562585786,5.367260551001927,0.3093427518394334,-4.95067815020121,0.8233874249897708,-1.6006324889799721,-6.0623463999877,5.328673717142133,-2.022765017243639,-4.897748390621246,-3.3357309826431347,10.325184808454805,-7.903271547963788,-0.6796499404851923,6.754585883580042,5.7994113366296425,10.947820396318692,-0.43254209448208325,8.810240995789005,-3.262015295618264,-6.7873993460012905,-11.179099320257727,-9.539890935466051,2.181625015508403,-4.032245126422694,-2.7430678724076474,6.2246293327428255,7.547169199897898,-3.8703867401361602,1.08592220087937,-12.36671380116773,11.339506475050715,-17.612847092570295,4.541755487952358,-5.167556487735478,10.153154265516019,19.476736882473702,-10.769161429766967,2.1461629924415906,-10.319106255799984,-2.0286184548497115,2.9347065469252582,-13.156925694791925,6.444932268127124,10.602263179365242,-3.0992950786103632,-4.373970909216238,10.651604091690901,-0.23740082075063285,-15.240110305999437,11.562449052708383,-0.606328597257475,4.213958979690209,-6.778206302188457,-6.638053083574464,8.08483090413539,-2.727515804497397,-8.72499773043093,-9.916028387529314,-0.6909184816814165,-7.402583248272533,4.339276206457969,-3.578098948081607,1.7531522883554667,-8.81324371780232,0.9570194442353976,-8.120004248548554,-1.036761565909547,-8.645207685610453,7.551611417518837,2.047754427616204,-2.172158997831363
neuralNetworkClass 	class coursework.ExampleEvolutionaryAlgorithm
INITIALISATION 	AUGMENTED
SELECTION 	TOURNAMENT
CROSSOVER 	TWO_POINT
MUTATION 	STANDARD
REPLACEMENT 	TOURNAMENT
ACTIVATION 	RELU
COOLING_RATE 	0.0011
TEMPERATURE 	100000.0
TOURNAMENT_SIZE 	10
maxGene 	3.0
minGene 	-3.0
populationSize 	110
maxEvaluations 	20000
mutateRate 	0.95
mutateChange 	1.6500000000000004
seed 	1646684373006
random 	java.util.Random@3ada9e37
numHidden 	14
numGenes 	129
Training Set Training
Fitness 0.012407357734412604