-2.0236820240915616,-4.8868259044040485,5.55425546486036,1.1893882373588731,6.076550594617284,-2.8253877036026553,6.9386237894304434,6.791230582914723,0.5673911601852293,-4.415223245840534,-6.576084204654521,1.8394419088139307,1.043371886109309,-2.797332118803718,1.8497495233474766,2.050715855481535,9.730143207093954,-5.891165189750641,-0.9680767701835986,-3.4829276832534735,-3.6916938238089987,-3.6070279978392623,-3.819691008027113,6.666254619868875,-0.8039823545512923,7.6726851407091505,-3.9644766198325607,-0.08694426890809037,-10.140502320559113,-3.6293392130597955,0.6026822867165871,-7.807323891407609,0.6858017007463673,0.02708489734460695,0.7195343936680416,5.960572496274705,-6.145045706426302,2.6612603682964533,-6.657250933256997,7.074117660713387,-4.411223497792361,-1.8290136933268126,3.3201193354665453,4.0897509917129895,-3.768528380382632,-0.7296278230055862,1.4379270037963536,7.965157494507665,-3.3177280519138623,-0.783635863388934,-0.7083014270916785,-1.7506256535401952,-9.096821331249934,1.1113783225751837,-2.0749324382252095,-2.92541978271524,-8.134934768647634,-3.055964695614734,-4.484560104686137,-1.3183123779300727,4.573147443027359,2.092109006166022,-1.0933514006892677,0.5177101601156124,-3.3219414366604543,0.461406724845264,-4.852238020553098,-8.163756442240759,1.231500016512495,3.2714060640209306,2.2436998190946538,1.063253190810503,-0.8143239637686843,-0.576910065311595,-4.74270833876942,0.308723384950484,-2.1865477805004305,1.1465216802202471,-5.976100475980503,-3.8894183094259285,0.9414139549841929,-5.3246812741160205,2.2987091487268305,-4.5093290606168495,4.190732603836187,-2.3677101012019577,-0.3467208043786352,-6.466598038128817,-5.839013587592337,2.885108457920727,0.2719220392683477,-0.4839223045315819,3.3698113663904845,0.2930084091038294,-1.5300250639611201,-0.3242592354127911,2.7764982475240654,-3.3349061366921147,-0.5349973219103692,0.14075493941011352,4.020379026256267,0.7379666700454406,1.5284609031588978,-0.8138114060123463,-9.104911721481765,5.404982898367525,-8.870671843275428,-3.4595674613845873,0.20751190202572012,1.1415600374902999,-8.697294834021026,-0.42366266366621197,-8.51452375319987,2.020565286591048,-4.164639963384369,0.5135205686197963,-6.2490391680378075,-3.1510740842315634,0.30668297574380077,-2.7606497714163547,-1.7341466316430454,-3.868789420314881,-7.692498736640758,-4.375528935420799,-1.164997715533775,-6.571960056474412,-2.169314221177734,0.06460037222704429,0.6165525664235489
neuralNetworkClass 	class coursework.ExampleEvolutionaryAlgorithm
INITIALISATION 	AUGMENTED
SELECTION 	TOURNAMENT
CROSSOVER 	TWO_POINT
MUTATION 	STANDARD
REPLACEMENT 	TOURNAMENT
ACTIVATION 	RELU
COOLING_RATE 	0.0011
TEMPERATURE 	100000.0
TOURNAMENT_SIZE 	50
maxGene 	3.0
minGene 	-3.0
populationSize 	110
maxEvaluations 	20000
mutateRate 	0.95
mutateChange 	1.6500000000000004
seed 	1646684373006
random 	java.util.Random@3ada9e37
numHidden 	14
numGenes 	129
Training Set Training
Fitness 0.03408981798729731