14.940969311323547,6.831529720488303,-3.8539211787593377,4.645110148519407,-1.635703580398868,0.44888831634578086,17.661940405855454,0.5156281579553612,-7.710815692463852,-3.3226196216308788,-18.271156250492886,9.953702039082117,-7.583076215198469,-6.417275665108262,-10.531365511224417,-3.112854797071188,3.338795320585544,4.900711755322611,-4.047931864045499,3.648641979989586,11.54338663223913,0.564190219473458,1.9331525836189973,22.973424118865182,14.349856514925708,17.87523940675294,-12.076898254058136,-6.88857845260409,-7.885309677573309,9.13366047490134,4.740314740231462,-8.253937040611806,-2.7908967804891898,7.291884838580856,3.416152834853567,4.114634239032892,11.101356307063755,-3.3971098011388587,-4.1328538066883524,2.215341747139467,-1.7971393452935231,-9.788301139191637,14.81262333472542,-6.386044723620085,15.19905230088195,6.4125161732303955,4.572613380290413,12.328146802579553,-4.264367864068753,8.602549891907811,10.524231358450852,-1.779630001718628,9.167872279243266,9.710041021464777,12.375617773892987,6.270362843983683,2.9053030543683924,7.758013025431238,7.7348596744280105,-1.6739105877405054,-0.5038008291611309,9.846738445096717,8.05718355591543,-2.45282932390322,-14.304101433234713,-4.703099479436299,1.9470669493141397,1.9075890781342633,2.900091809663893,-7.308083587550211,3.872776969237626,4.5146868767525845,9.948832859282449,2.0418681422083313,4.069200367044741,7.829209756087778,-10.411514904430355,-11.151975770863688,-11.177414797043218,9.778175975027485,3.068417524125616,-9.7621508073694,4.22904494656885,8.72075729018573,10.769661308588725,4.469708971079111,-5.917537186794442,3.1377341521766775,-7.9912491843802735,2.2225658714144387,5.549949999300781,-0.44746122631455343,9.26637420225665,1.3712516373446229,3.6811706284153995,-2.7675094722141074,-9.455624869761042,-5.393883029430434,9.375367288780462,2.4312728694744603,-2.27684578211435,3.89416673387415,-0.20630137992404407,4.644086502510769,-0.4334442521995481,15.377143847836336,-10.872258800567797,7.590311466079507,-3.0058574346130573,1.760057133724498,5.952756775522215
neuralNetworkClass 	class coursework.ExampleEvolutionaryAlgorithm
INITIALISATION 	AUGMENTED
SELECTION 	TOURNAMENT
CROSSOVER 	TWO_POINT
MUTATION 	STANDARD
REPLACEMENT 	TOURNAMENT
ACTIVATION 	RELU
COOLING_RATE 	0.0011
TEMPERATURE 	100000.0
TOURNAMENT_SIZE 	10
maxGene 	3.0
minGene 	-3.0
populationSize 	110
maxEvaluations 	20000
mutateRate 	0.95
mutateChange 	1.6500000000000004
seed 	1646684373006
random 	java.util.Random@3ada9e37
numHidden 	12
numGenes 	111
Training Set Training
Fitness 0.01768808506941678