0.48965457315678196,-0.3535459076055927,-0.4455508822097045,0.7454189429819188,-0.2085961495074411,-0.48447674084882686,0.851661286699621,-0.2994701840708578,-0.6334569999918782,0.12131037497429131,0.6067209215292767,0.22888435564668697,0.41519410054559713,-0.7286014923203661,0.6969326028586132,-0.8244056080022745,-0.68280233043185,0.27303438393186263,0.9614080029162472,0.6180478028808803,0.14872492078161026,0.258390864982862,0.5776293825993061,0.01215425072894194,0.5292140519498428,-0.1150723853519704,-0.9120158476758699,0.07446973968947102,-0.45164784320727214,-0.2445907827423588,-0.37511439224042964,0.41149050260364894,0.9511607744637883,-0.3148483097676107,0.8946716579968664,0.6293713226786283,-0.751098346951203,-0.3873550830213097,0.08655871072094745,-0.6987009134247997,-0.787401141328648,-0.7714599351941488,0.4997812078349001,-0.19567911417001715,0.7081554514282266,0.6997104563906552,-0.4517983209513865,-0.2850032618440852,0.2981654426862371,-0.9852602155465736,-0.7073725814961076,-0.028439855078056908,-0.9066555122509062,0.7110520100746395,0.6991153380805551,0.8820704256070299,0.014379074227354294,0.7412490549769822,0.9642341548965699,0.3453432281334915,-0.9991673819149461,-0.8510689767248415,0.3241990566561074,0.385399260922923,-0.440653338034416,-0.15084033146117526,-0.8019882749892066,0.6255150463405929,0.08961141998544597,0.9756371735853545,0.5310014503657229,0.27400173809024453,0.4663910638100893,0.04841762284959972,-0.027723146403302756,0.3866726980633889,-0.21286803158840284,-0.6215088316014215,-0.9699437755662573,-0.020866585162047313,-0.601828305962447,-0.2904521383096814,0.6595485337793857,-0.6268834126242508,-0.7199386889918227,0.8117369884887596,0.8212684098669601,0.42865285651267426,0.3233976869600318,-0.48000783452729046,-0.8101334382301658,-0.09049520494012642,-0.38025761320107043,0.371027243926615,-0.7696727074606801,-0.6011747802206941,0.9778690603152326,0.6015289188338687,-0.08747601311995812,-0.6684894027407147,0.4980670464188418,0.950955371366989,0.11670996643496256,-0.26631978246793087,0.9281569419150636,0.3664209063964393,-0.46346290392051626,-0.49746199646364664,0.5285932909108121,-0.20686726176003067,-0.5478221460389414,-0.2173997228985063,-0.38588994684144984,-0.7729760074446431,-0.40318089772763677,0.8449386522390666,0.9707964014292855,0.827246239645513,-0.4107217068380007,-0.5810982027125793,0.6600775321280185,-0.20281020645768622,0.8877590669226195,-0.3626512487653599,-0.5185363980536262,0.3393283575529612,0.8402707840075004,0.30638115034613145,-0.6487431342179195
neuralNetworkClass 	class coursework.ExampleEvolutionaryAlgorithm
INITIALISATION 	RANDOM
SELECTION 	TOURNAMENT
CROSSOVER 	UNIFORM
MUTATION 	STANDARD
REPLACEMENT 	WORST
ACTIVATION 	LEAKY_RELU
COOLING_RATE 	0.0012000000000000001
TEMPERATURE 	100000.0
TOURNAMENT_SIZE 	90
maxGene 	0.9999999999999999
minGene 	-0.9999999999999999
populationSize 	110
maxEvaluations 	20000
mutateRate 	0.95
mutateChange 	1.6500000000000004
seed 	1646684373006
random 	java.util.Random@3ada9e37
numHidden 	14
numGenes 	129
Training Set Training
Fitness 0.14066478996485293