2.3637109518066852,-5.025165871028758,1.755962023507096,-4.382037043775417,4.307807599236417,1.2314613007047388,3.3250423422085955,1.7078655234808622,5.724563473770155,0.5608709268374632,9.287526036664882,-18.852382253415335,-3.354303686655479,6.525747372890033,-12.807057575098371,8.564877414180895,-2.4134750908271156,10.435909519399836,3.784822442552062,-2.9355943123625545,-0.211344760039748,-0.4676810480011202,5.360487180513292,15.490567866437525,14.206304826927767,14.166971553575719,-5.145574812831343,1.7523323748203925,-3.741822450196448,-5.626861244331071,0.8083806368495434,4.082393179459411,-1.041403994984453,3.709103631206183,-3.3981791937471524,-4.340550934559443,0.7708980474121194,-3.6652960420706115,13.714500794962268,-0.7823918045399303,4.192899405834536,-5.606331247354291,-15.271612150397853,6.949297997686909,-4.26147907718299,-2.074094158020878,10.799255228922965,13.977989172491394,-5.578522692183486,-1.327429555268976,-3.661197744036455,11.834460761065012,-3.223780695114632,-0.43708454554648135,-13.053793827398485,12.56525580021914,-13.18187936199896,-2.2644024906627145,10.063553611185506,0.5344002528523246,-4.00080607610429,-0.9517166126218548,6.252651825458157,13.349378523473051,-5.342578867632809,-3.981924973499515,-0.7987373909054654,4.549780608443264,1.4370786602978818,-3.9885594153385746,-1.3851493682915716,2.991959238302334,1.474232535772015,-5.083987456552439,5.935484781899692,-15.204544851556106,-1.504119578666474,7.3777882546208415,-3.3974231705086737,4.586872732363233,5.923009814265928,-5.874067375178457,6.230689612593578,-8.815691794399523,4.247140004882125,6.383564455947148,14.32769442673167,10.210356085003207,6.766714570244323,11.576571187181614,17.212101660775204,-10.345860511386348,4.174002867423391,5.903673963386198,-7.488561786748758,11.472734427048607,-11.775027272520816,-5.280365195277984,0.7840917861831302,2.2797774270678435,-1.7461138574433352,2.8596696510950563,8.655086417721378,-0.8860305737058187,4.761172900007438,1.296803056528586,7.191804967253832,-7.9873900689898125,-12.892570022398019,-4.6749269718678725,1.4187161671098316,-6.064781771850987,-1.3618074599001115,7.250163918636179,-12.969285457570514,-7.060280945887932,7.6434206523104695,7.4952209570439745,9.562727027767068,-10.291407876836352,-1.0775603018577513,3.243268438362998,-5.8912137130101705,3.704808843313806,0.7793727872495273,12.388826234711969,4.606819360159863,-9.792701397123947,10.365897534355584
neuralNetworkClass 	class coursework.ExampleEvolutionaryAlgorithm
INITIALISATION 	AUGMENTED
SELECTION 	TOURNAMENT
CROSSOVER 	UNIFORM
MUTATION 	STANDARD
REPLACEMENT 	TOURNAMENT
ACTIVATION 	RELU
COOLING_RATE 	0.0011
TEMPERATURE 	100000.0
TOURNAMENT_SIZE 	90
maxGene 	3.0
minGene 	-3.0
populationSize 	110
maxEvaluations 	20000
mutateRate 	0.95
mutateChange 	1.6500000000000004
seed 	1646684373006
random 	java.util.Random@3ada9e37
numHidden 	14
numGenes 	129
Training Set Training
Fitness 0.05738971878125107