12.882681314407801,-6.951949115685334,3.2447258085148984,-10.941249882913615,8.962290206698697,8.502042004312894,20.88649061176035,-5.938082801547429,18.229317546917756,2.6405770989592012,-2.475917966507277,-9.79425896471658,1.540221543223229,4.617129686626302,11.209093249196508,0.997616764046116,-1.9914742041337163,-6.291293984866931,2.683397817159319,5.998863828551734,5.292283596532611,13.733640649953836,-18.02007213459592,10.82397227296761,5.964404857789013,2.6978815262863876,26.297446543907206,9.234033156603777,-1.5734730957398178,5.3350359248084125,8.14651886854355,-15.27541952627753,-0.515468427826538,5.534743060151763,9.840058233034,5.906126138741662,21.348733578116715,19.570741406207276,-8.984504290257261,6.11121280241413,1.0541883054082044,-1.9057102356008206,9.92679357788491,9.734856607640795,0.6664854741451602,-1.0495997416149798,12.83319445727146,8.125800345275916,-3.9541792318725157,2.5536418480933927,-3.862230396747531,10.894042270848336,-20.362942486158744,10.177063242923253,-9.207496202419318,17.985655139183137,5.93591200668382,-8.087914552253846,10.13782287676069,7.048953523661325,-14.398679958905062,1.0490106816363065,-6.666855997088307,2.7266179954974525,6.241461203448626,-12.692910534532391,4.161200881475036,-6.793569823993936,-17.376980195845782,5.605545156740451,4.611395178200492,-2.345795175000921,-3.057123370159874,0.700436411294433,-8.311870939306573,7.271585091529008,4.594383988882305,1.122192423722872,5.607614156551545,2.041367012381805,4.356754050541613,-3.0224135845541893,3.1118908591129735,-1.1949595300512623,17.60517092860205,-2.6099558617467533,17.75486942202666,14.300166754613565,6.588946728086246,2.258685871619126,14.072514388703476,-17.672281199588575,1.5207459249197441,-4.8814293431916,28.11045557880925,-1.1900966192142999,-2.4558948151579294,5.954428034520297,-0.7075398646648079,-6.757108403154335,2.838267339115104,4.408829396660765,-8.526252641282602,-4.743685004396717,1.598648588156049,14.201927923061413,-6.878824250405673,1.9362996149860194,8.519265182165258,-20.28860591509912,-10.541321616160417,13.344085045690385,-9.431195119476069,2.391795492629111,-11.830768844526022,13.540822794061096,-8.759574603615038,5.844126674166461,-10.429672273278102,14.096079187610725,-16.839026803143973,-11.717116922791762,-2.0759623938810208,3.0307912983629635,-0.5374428032245699,19.068333730274233,-33.754269048288705,-3.5610186494045397,6.074360096091983
neuralNetworkClass 	class coursework.ExampleEvolutionaryAlgorithm
INITIALISATION 	AUGMENTED
SELECTION 	TOURNAMENT
CROSSOVER 	TWO_POINT
MUTATION 	STANDARD
REPLACEMENT 	TOURNAMENT
ACTIVATION 	RELU
COOLING_RATE 	0.0011
TEMPERATURE 	100000.0
TOURNAMENT_SIZE 	10
maxGene 	3.0
minGene 	-3.0
populationSize 	110
maxEvaluations 	20000
mutateRate 	0.95
mutateChange 	1.6500000000000004
seed 	1646684373006
random 	java.util.Random@3ada9e37
numHidden 	14
numGenes 	129
Training Set Training
Fitness 0.010251464603354021