3.6260462522045263,14.02418389920541,2.003919435352718,0.6663222802815607,-14.188408636464084,-8.790614987431692,4.51127900919378,1.581427508426028,-8.428306945885826,-2.5862826264382885,11.575632755567566,-2.1977982267230214,3.3945389543702085,0.6995554303875196,-6.250316574409327,2.131260026345389,15.95290516041485,-15.558872196264295,0.5049733242081125,1.7496887510984847,19.01153113186161,-15.446706181483938,4.096168587034176,15.509294958033541,3.394751514430629,3.9061296475488714,-10.691786190248651,-7.9242905750007715,0.9823668252887305,0.49457475542541474,6.488909557954436,-8.978521550497078,-13.326001389805127,9.320279435401893,-8.602021527380684,-2.0875821298126,2.2969418329871054,-7.30681438072597,4.094702845758979,-11.962856842619466,-5.670207802477288,-10.726736872514254,-9.160267900731306,-11.551168125036272,2.1738918101002955,-7.0517860678050575,2.652673809156156,-8.680086421112511,26.92690232159204,-2.619150978253888,8.09559719453214,-18.045476231806553,2.0475801151722406,7.610230954983214,6.7935949452296835,4.560198789265638,23.748094181316993,-2.5964321329234172,-0.4429367852410886,0.29942987820640443,-2.440007592456382,-4.118765945348576,3.4863765467583683,15.523333978493744,-12.90781228451907,0.6751830357597477,4.018149664799784,-18.86615932565573,-1.915898406302082,2.2314104343766097,6.213293046667308,-1.3725653994255698,10.604367879372115,-0.6699867111999183,1.6405861708314844,12.442633769033733,-0.3947354176136355,7.021784554591639,-9.124493026761677,-17.93497578568983,3.1653088338136226,-3.331829354558982,7.8125712477575195,-6.162187229622379,22.38721383572978,1.6218119986572521,6.480453400832259,5.3824997543435735,-18.884326452605265,16.59777578620203,-6.947327320534415,18.753414356858016,5.849206114899677,-7.089018111649613,13.762647311489184,-3.3185039286604514,-18.85744768308276,-2.2567868419986956,6.360432527079412,-10.343154046804344,15.780891362873172,-11.696509084470694,6.489476051804614,5.406212332695281,16.20440210919535,4.4584893282871425,4.065237999653993,8.590716364058586,2.621462975474609,3.835050722682178,13.403539911395383,-11.719237236594688,1.8210493798564702,10.734755609353963,-4.474978037588649,0.5092225344258439,10.729653789006514,1.7508920414463116,-7.596897007547957,-10.789385458014738,2.0053187640198633,-14.80894133632104,-5.2236451614936215,-7.376846056067063,12.821138454537376,0.784027336705897,-17.38778336326767,-17.437825011645316,-5.437149392575251
neuralNetworkClass 	class coursework.ExampleEvolutionaryAlgorithm
INITIALISATION 	RANDOM
SELECTION 	TOURNAMENT
CROSSOVER 	UNIFORM
MUTATION 	STANDARD
REPLACEMENT 	WORST
ACTIVATION 	TANH
COOLING_RATE 	0.0012000000000000001
TEMPERATURE 	100000.0
TOURNAMENT_SIZE 	90
maxGene 	0.9999999999999999
minGene 	-0.9999999999999999
populationSize 	110
maxEvaluations 	20000
mutateRate 	0.95
mutateChange 	1.6500000000000004
seed 	1646684373006
random 	java.util.Random@3ada9e37
numHidden 	14
numGenes 	129
Training Set Training
Fitness 0.02706443872517631