-1.2762420317117007,-7.721961335369038,-7.082265796036163,-0.9071144083715552,-10.658052405180683,-0.9400022936663568,12.067514307488606,2.3042824139503733,0.4769951291323542,4.081670785235433,0.035934237851217965,2.4927480151701324,-6.5652607523049085,5.164368874953208,-17.82766571286826,-2.5793305253111187,-8.255964778405,16.717461438407547,1.806224104689501,1.5612713102131055,11.131759148067824,11.79774863023068,4.998492798630224,1.7990546213313996,1.9184102041212157,-8.08487503472313,-7.589913282707839,-12.180738305375982,0.8851856071773812,1.0146082189722243,-2.761059611133545,6.942828674288919,0.7089254167135399,4.992266521675683,7.641224795756815,5.175352652419425,-12.493621323798411,2.3123116458289656,-3.981894094163186,3.8741482094503086,-12.153870742508389,12.271984282678446,2.565638894035615,8.44933461067378,-2.5498884903238395,14.431720900369097,15.436957674816245,-2.426876819536446,0.3201474627217795,1.3138661808392489,-7.062313873716056,14.82615655316364,-2.394572519495878,-0.08818024035320704,-6.073163938027621,3.9658464857870426,2.7992986464391185,-8.943129470036741,-1.1464488770148886,0.4731452800981222,-12.090411941356908,-5.144795558308485,13.309663958853653,1.5431674207694428,12.340047095951416,6.060310244156426,-7.634854729739807,-0.6684368366822486,2.9513590216897776,3.9362381280061864,-2.7218689366383035,-1.1474691652511728,2.088518625207012,-0.30509635019175185,-1.86667457004235,-2.15416224686233,-6.03275857550295,-8.094140186751785,-6.33781754764629,0.8392058471222787,-2.4445690365454134,1.8297007211664518,0.03538620516006308,3.578899662903831,7.316583644927631,9.266486305386351,-13.507251851453955,12.135342303066405,4.400372638189919,0.5383208470598051,-13.06223847381775,4.4620660737522435,10.821513885036753,6.940444612652595,-0.676349235629746,12.44529084735972,5.761371843921864,0.7979386163051174,-0.9051268573740261,2.5279076714479434,16.25762832720081,-3.494628292260617,2.3726305629584665,-6.924373548983819,-0.7343103419159753,-3.4955427390701024,7.0850657751754405,4.324536938939014,-2.568625362591251,6.253546639873873,-1.4044948325408253,0.7131369646771333,13.764204301569128,7.6250097780325286,-3.8936697922334123,-9.239756588824969,11.193524625465196,7.460872317486363,-4.625736921598602,-11.916936374868303,0.7304067348917105,11.307803372828051,1.2093327620224894,7.577969942197109,3.842128002104145,-5.543694897830676,-10.435591508215207,-4.754470405293588,4.616288464939227
neuralNetworkClass 	class coursework.ExampleEvolutionaryAlgorithm
INITIALISATION 	AUGMENTED
SELECTION 	TOURNAMENT
CROSSOVER 	TWO_POINT
MUTATION 	STANDARD
REPLACEMENT 	TOURNAMENT
ACTIVATION 	RELU
COOLING_RATE 	0.0011
TEMPERATURE 	100000.0
TOURNAMENT_SIZE 	70
maxGene 	3.0
minGene 	-3.0
populationSize 	110
maxEvaluations 	20000
mutateRate 	0.95
mutateChange 	1.6500000000000004
seed 	1646684373006
random 	java.util.Random@3ada9e37
numHidden 	14
numGenes 	129
Training Set Training
Fitness 0.01925916750411752