-5.907944048925385,-25.42697379151025,-7.156138362154197,4.365609346715083,7.290379973039501,-18.1117156712829,8.32071945959224,-2.281214987131362,2.6135127821076107,11.275972709233512,0.5206137886789275,8.628228623153548,4.970490839434461,5.631702602498281,-7.62019581644342,12.434910122732052,-8.612017335064639,-12.881131868159695,-18.985920009367568,3.234091980018354,2.9272650162428437,-6.280972463043628,9.111310428268597,1.836219655165741,-2.1897244156362703,7.707791819044406,-10.549525708075477,29.159006991341315,-13.336458185604055,-0.2943354475039204,-10.40724030297159,0.534859062253056,-4.577205186490783,-4.550882913827092,6.873468324637633,13.659800359248694,-7.998374462841355,-0.26565376769280036,3.4409394115822796,11.14957588503451,-5.824413089728894,-5.9251361360611785,-2.44301831725922,-3.7819018904410058,-8.481306806648245,-14.80351095995268,-3.6223971672065005,0.7445853402357923,-7.6476868321771185,1.413238636005488,1.2246171837312811,-9.76559105715196,6.127002312475669,18.135029369282634,-2.961985680360142,-5.645163141108338,8.855865172827631,-4.404997696859219,-4.8760514050855885,0.6303265209198408,18.327651283084833,2.863093109780639,2.92621011778893,-7.323563547366425,2.4854344431743876,6.446826821882442,-2.838469749117416,-2.5383754274037775,0.5203654837170149,-0.3878112389070978,-0.10490419013294883,-10.984544603687887,-5.96996301523847,4.526760339846216,-10.619556484981588,4.709554888773916,-12.707057940858643,-5.141323483611547,-14.378016682086288,1.4256353261460184,-6.5679585190175285,0.8269146373363494,-5.905424033635656,-11.99739591896906,-12.517113445360511,11.324584081504312,3.435626089893974,4.191512643106903,2.2583014285180507,2.771315752740346,-11.212242716087589,1.0588131197776685,-3.9476634365994805,14.523302642939573,-0.6661964404692906,-10.886064282300632,2.908626386075439,17.373843235558873,-4.232974502775663,-6.989753638430777,11.048210087506918,1.9190299465661473,7.3781309132118205,-5.271007494121875,-6.440708618796885,9.342528975482443,2.666849532731275,5.353889828257275,0.5963372727344831,7.840188326669603,-9.300510564424746,2.4295512638433685,-14.831660451707497,5.659513914148871,10.48506423648543,-4.964470575262258,9.398228193513821,-3.6468739619524486,-10.722892923562306,17.348618333358218,-9.187395667448998,4.701070093801364,-9.282292279354346,-2.360303238015681,7.330891841235648,5.327027538368434,-8.947837398014961,-8.599843273446991,2.1050070275251755
neuralNetworkClass 	class coursework.ExampleEvolutionaryAlgorithm
INITIALISATION 	AUGMENTED
SELECTION 	ROULETTE
CROSSOVER 	TWO_POINT
MUTATION 	STANDARD
REPLACEMENT 	TOURNAMENT
ACTIVATION 	RELU
COOLING_RATE 	0.0011
TEMPERATURE 	100000.0
TOURNAMENT_SIZE 	10
maxGene 	3.0
minGene 	-3.0
populationSize 	110
maxEvaluations 	20000
mutateRate 	0.95
mutateChange 	1.6500000000000004
seed 	1646684373006
random 	java.util.Random@3ada9e37
numHidden 	14
numGenes 	129
Training Set Training
Fitness 0.019846243085755992