9.936977108126008,-6.4641096183414835,-6.574958507733616,-6.619781748825028,-13.235760250618842,-13.211380131525031,-3.4823187984293202,-3.3885515797420753,-1.5525165188346808,-5.084269659851909,-6.675322401516219,3.3970535402739106,3.419959104208985,8.233624290902748,-1.8385529436051158,-3.19604482453183,-3.1433991839911,8.222277299092756,0.08684705072344023,-9.765519964150622,-8.054321654703429,6.453186458603887,6.610639354913069,8.140737419098349,-1.520391616012759,-5.073101369471894,1.8312514413312675,-3.1662123743349966,-10.086136624284372,-9.71014274635,-4.992343059464959,-8.379964473251867,-1.569193800518347,-3.121177744522549,9.913336563025512,1.7820489645253232,-10.00433003006688,-15.017867047794626,1.8269214600705492,-4.9817327295967,14.65479291935248,1.610599604233105,0.18326190436754874,1.5658308882701624,-5.048391227137492,6.436824997022892,6.740304322443954,-1.546971275181729,-4.826216297756987,6.7402727710083195,-1.6386991686742869,13.01262537028649,3.4952817079656597,1.6864151647292829,6.618515668438494,-4.915403937692458,-5.009969355150331,1.8218082477785007,-6.4062661526123765,-8.403437160647206,1.6692520456724695,-8.317041549121393,3.432517682085786,1.8324909333164374,-1.6675917829563165,-1.7546402571701774,0.15329767187365695,-1.7650298155974156,1.7221108855543412,-1.4699035199595318,3.4190248738296383,1.7336717203598182,3.186226315915161,6.638922638707111,-13.051747682689456,-13.297664053862958,8.225802318419706,1.4547436059495986,11.47415377038801,0.06891332991673504,10.045333268237545,8.422942502691932,-0.09587104381831413,-6.611754701764848,8.072269941301474,-1.629991517838695,3.339284459647957,-6.7660620440989945,3.4755714282453827,-1.8305597567542051,-4.917779125857798,1.4758472197436507,-5.061512826701232,-1.6690865857293158,-4.856803386727879,6.681859291541064,9.728647786650248,6.717216328529623,-3.1011198579369914,-1.7825836250316756,4.85893379192309,1.5844740863855158,16.314542420450373,1.5635027454785786,1.8454821692422918,-1.7053033544668157,-3.1903175857394306,8.383572296164191,-8.05541868625506,0.11570215470490242,0.07871887368096253,-5.007835893863337,9.938095360536087,8.351982442747822,-0.1274776249920464,9.762718185670423,-11.362550334186807,-10.058906827256408,-3.4467979424280983,3.3093692429497157,4.839099912602331,-11.496333151510619,6.603702428438526,-3.1627379629042363,-3.160202374388186,3.4511623678761367,10.055405795120018,-3.2218028038815305,-3.3421440940012346
neuralNetworkClass 	class coursework.ExampleEvolutionaryAlgorithm
INITIALISATION 	RANDOM
SELECTION 	TOURNAMENT
CROSSOVER 	UNIFORM
MUTATION 	STANDARD
REPLACEMENT 	WORST
ACTIVATION 	TANH
COOLING_RATE 	0.0011
TEMPERATURE 	100000.0
TOURNAMENT_SIZE 	90
maxGene 	0.2
minGene 	-0.2
populationSize 	110
maxEvaluations 	20000
mutateRate 	0.95
mutateChange 	1.6500000000000004
seed 	1646684373006
random 	java.util.Random@3ada9e37
numHidden 	14
numGenes 	129
Training Set Training
Fitness 0.01732819438891285