8.699739382413796,5.318031960376177,5.356863760259784,11.593350075985983,13.915079764877726,-12.69709380879639,-7.0837819379075055,8.733911143992222,-1.6229979592204944,1.391637452702195,-0.4867267267528099,3.7693036893711254,0.1661894234123391,-4.07505198381541,3.3544307913578457,-4.97869993283407,-4.582819716087018,-5.173194769424118,-6.621531870070834,-9.396645576643383,-7.069041381763422,5.307986635642781,-2.092033223828757,-0.12407339836899345,-1.3870146657421403,8.769854453396462,-5.642153844781731,-11.110655874579598,5.3503914975439715,-7.5759873224199605,0.5217554137534322,6.268157350552144,1.4686162772243843,-2.8174165754884672,-9.441362189940676,10.155005488668287,3.384335596998035,-6.787098566256818,0.9533443831431381,1.296073577624183,3.2480894165927854,-1.1605121938889642,-2.6232636787522567,0.1642827416211574,-2.1034212791517017,1.7652269550402075,-5.177721488608723,-4.419580829322729,-6.888834993257779,-5.027266986860436,-6.252312114556069,-0.2935309657266245,6.555668289511686,5.1059547722571095,-11.748235870818547,0.5494897694419905,-4.606878272750572,3.371130163079142,-3.28190779883077,-1.0715899641448976,1.7577034386971082,-6.51473595950195,2.208868111679692,-11.329786530042774,4.584628889891885,7.539366275717134,-1.106336912149775,-6.983975923684859,1.0273495889070174,10.382748004383602,-8.900497524693128,-5.11832716734985,0.7179660402648342,-1.3762618406439637,-0.6798007331171236,3.6313885972966435,3.3533259730494933,-5.718756238756212,-2.525556071107321,-5.962681786819632,8.765840695065522,3.8606402603473438,-0.04628482892829355,-8.438356934191788,0.114615614496973,-7.2834591250082195,1.4026385227277682,0.362122774886922,5.259053102393542,-4.795943622677614,5.275982131596864,-3.914041800190642,-6.696352030856126,0.9092187331103965,0.7680417595682361,-2.01907128682795,1.3292593025625283,-0.21169456644408724,1.261729558524756,-5.083178186115182,-6.447295739759013,-4.265137025702407,-6.103756582960506,-12.025765223520963,-7.116918611307033,-4.41770899382051,-3.6962436432732426,-6.42810916379646,1.2697954692193694,-0.9110892280851264,-1.0828720180646592,-1.9823245155740654,-0.08618445875343328,3.1415046983921293,-3.197797556438837,-2.3173402308259394,-5.559736905271858,1.502375026603306,4.169819862412865,3.561441495943124,-0.6930121794235009,-4.585966243279986,-3.5757694732636214,-0.9538041755150548,2.15035222586644,-1.8853026871842449,2.2561640043976356,2.3058915875812733,3.04600758831915
neuralNetworkClass 	class coursework.ExampleEvolutionaryAlgorithm
INITIALISATION 	RANDOM
SELECTION 	TOURNAMENT
CROSSOVER 	UNIFORM
MUTATION 	STANDARD
REPLACEMENT 	WORST
ACTIVATION 	TANH
COOLING_RATE 	0.0011
TEMPERATURE 	100000.0
TOURNAMENT_SIZE 	90
maxGene 	0.7999999999999999
minGene 	-0.7999999999999999
populationSize 	110
maxEvaluations 	20000
mutateRate 	0.95
mutateChange 	1.6500000000000004
seed 	1646684373006
random 	java.util.Random@3ada9e37
numHidden 	14
numGenes 	129
Training Set Training
Fitness 0.056274420126717524