0.1396816352081025,-0.9274814968225575,-17.777050096961773,1.883261532909982,1.344868196412083,6.802618451259335,6.459282051776987,7.120375166653224,-5.219594973142882,-10.834740008058246,-1.96761810065209,-7.0502468111542775,-2.1141317107390583,-13.920629870255016,-0.8246223749620549,1.5158457822827822,-8.773312739708611,5.2620051902346745,13.040759202345617,-2.2783381206905284,-1.858481322272695,-5.6978665480461865,-1.444694870336761,-7.064878796434089,2.9994752023091316,-12.347220274575363,2.859860958741261,-4.077494982255479,-0.5813347214849172,4.362808373342366,-19.863212508558547,12.873833069415886,2.322103487172029,2.003606585880412,-4.3537404373055,2.7627348064217063,-3.6308361163440646,-6.132585857627239,-9.151548210636353,3.448614697807109,-18.04964291064858,-6.626972382605684,1.982012170575894,3.7816453534199876,0.4703210412908341,2.5110956813767453,3.600077769041004,-3.7386410207877265,-11.131475052147879,0.9452025147842118,0.08345204134073647,-0.9726599742488151,2.189295342399417,5.706424046749593,5.50641693588304,-3.5242443252450864,1.8123825294276523,5.578022438822684,-1.3259813987543403,-0.0018011657773904233,3.542395179123976,1.0134327142570836,4.130517963995152,-4.270452923519142,4.13003998865492,-1.2853238737505093,-8.792936991777415,-2.9307184447374484,6.210212460151373,-4.830177393699243,7.832495877838134,-8.644061493891403,11.141595108583099,5.007104952463534,0.4745661923903768,-7.022894821691672,1.1695281252822838,4.619776846965374,-5.69031545759556,4.287602386144588,-5.3914734376624205,-1.7002142465765484,2.6877079808615836,-14.01376669376836,4.7529280952849255,-7.46017911139368,4.264106745006624,-14.433288668456562,1.5237658300276888,2.0722776428357834,2.0652248644699225,7.161113281081475,-5.652933830285134,-2.2398341781463715,-2.366797299166354,2.384440202793046,-14.966613604120715,-5.811027966508881,8.565492108849458,3.4166015683457207,2.2405121064667757,0.5799734185166541,11.46975148888798,-12.426627118471028,-6.699154882227219,3.9544810706470326,-5.051730220852147,0.6206118756107575,6.932122602733719,0.17497870760937806,-6.793074509500075,-1.9737482126916044,-4.8252836836425015,-1.1768958219434262,0.5520492301709172,5.272325421233051,-0.6391284217029565,-2.604091321316088,-7.755586455973825,-7.785492181102304,-18.729146658187638,16.110808684500327,0.17293761958396114,8.529399661744815,-2.231921938032184,-8.193865075651159,7.091550608051323,2.530007889337794,-5.820082862756184
neuralNetworkClass 	class coursework.ExampleEvolutionaryAlgorithm
INITIALISATION 	AUGMENTED
SELECTION 	TOURNAMENT
CROSSOVER 	TWO_POINT
MUTATION 	STANDARD
REPLACEMENT 	TOURNAMENT
ACTIVATION 	RELU
COOLING_RATE 	0.0011
TEMPERATURE 	100000.0
TOURNAMENT_SIZE 	50
maxGene 	3.0
minGene 	-3.0
populationSize 	110
maxEvaluations 	20000
mutateRate 	0.95
mutateChange 	1.6500000000000004
seed 	1646684373006
random 	java.util.Random@3ada9e37
numHidden 	14
numGenes 	129
Training Set Training
Fitness 0.015740957638465072