1.11125991021283,1.9960468871661599,-6.097530234909835,-4.87589925258997,7.108871239455322,0.24831702910955755,1.461009740822508,5.872115335305239,0.8256114318671175,7.527260993501207,2.137430565598172,1.5426077530727103,3.526097234628249,-0.6524570557584166,-8.066034396742424,1.1108173335535891,-3.7004593105029153,-2.0480870590822304,-10.834445635616849,-2.4410084685738465,0.18737269026877623,-0.6971693269243202,4.311049414675458,-5.833213625847399,-6.025332844417085,-2.1457314906456713,5.794062820561232,8.891776071564358,8.625775040975086,3.040254819976294,-3.823992269873429,5.052220834622144,0.4332464707392689,-0.9727355200244236,-0.49868440948184567,-1.9964670132121807,-1.2747076470519672,3.025609971018614,5.129725602213002,2.8666815842986733,0.49071037358597014,-0.15946633885687334,2.3229710484389416,-2.2789260026155693,1.3813682579226425,1.7667499224239727,3.6231044051638897,-5.6837545119798065,-1.2089861453083461,6.240729471463771,1.0171275148560173,3.1359888774654125,6.1853487917384165,3.5130699354536734,7.627513509184707,1.3153505506018472,-1.7280222162770045,-2.0111621710723186,-0.8993688978308283,-1.484782351363251,-1.6499831055381033,-1.0931798644226296,2.2350010311398583,-3.6989827060690015,2.0178132249235627,-10.860835971906292,-2.801261903418241,-4.7486550684313755,1.6434046428609976,2.2909373914211457,-7.069545546788127,8.78913768638497,1.1160169864559748,-1.1353183162181182,-2.9496805393786154,6.382303494807424,5.198068390999209,1.5780834783870112,2.8778961120793003,4.102514830592217,-3.964175783599936,-1.2165686214732272,0.7107942581024238,2.4601732578638877,-3.0869846748726752,3.985576460117629,3.6631021597857703,-0.49965522605636625,1.5454061157257173,2.9906574780598643,-1.905018581458541,9.048767034753006,-0.38453030681886613,-3.409096504970659,0.6347321893131106,3.3388248548688146,5.585000413875961,-5.798631706617046,-4.897945636994699,3.029684581153359,-1.2003356906637257,-0.3874980436161737,-3.863842812742174,-2.7574209894892094,2.213161917319736,-1.3919902922703793,-0.8852117786729274,3.1965290476810346,1.1598470691436908,0.9204963131622033,-6.7298265910448976,4.2665847717385095,-4.756679357400518,-3.74206143543611,5.565287604838234,6.766967804777162,4.734687315737649,-2.1679204175382507,-1.9112111003234324,-3.771709193491424,-5.412165021656596,-4.994617864882968,8.2593794342445,5.442328746570746,-3.719727268587108,-0.20377530038466984,-3.8997287145739286,4.789613269090787,3.7767277900989056
neuralNetworkClass 	class coursework.ExampleEvolutionaryAlgorithm
INITIALISATION 	RANDOM
SELECTION 	TOURNAMENT
CROSSOVER 	UNIFORM
MUTATION 	STANDARD
REPLACEMENT 	WORST
ACTIVATION 	STEP
COOLING_RATE 	0.0011
TEMPERATURE 	100000.0
TOURNAMENT_SIZE 	90
maxGene 	3.0
minGene 	-3.0
populationSize 	110
maxEvaluations 	20000
mutateRate 	0.95
mutateChange 	1.6500000000000004
seed 	1646684373006
random 	java.util.Random@3ada9e37
numHidden 	14
numGenes 	129
Training Set Training
Fitness 0.05847215356647979