-14.261801438177878,-2.987099171991285,7.9477192165306505,-8.735672550209411,3.583638035320308,-8.6596142767646,-13.665247193035267,-11.022913654289317,-3.7113047573817974,-6.255489668421854,4.73868455598937,-17.458526197396097,-4.533011879188669,19.429831219788305,-4.018285721956279,-7.440112717870887,-1.1834083698302438,6.3651991972663176,2.3215486781910286,-5.491784446296739,-2.3064314998401594,9.115432190381476,14.084539212517429,-2.326452748342854,-15.768457405314647,10.531688136880229,11.384800134620189,-6.721837305729146,-7.747284134071579,0.48607306313784626,-3.4708039089240277,-10.552979352848173,15.24658508767594,5.391214674116428,-0.28439511235047377,1.7252316590851695,-2.0406653207488628,6.669446167032556,5.0227934767878315,-4.14253076678474,-10.32067525651601,10.922576250940015,10.79367815148583,7.456560806789774,-9.949197293167641,6.439927783894074,-4.363253281360594,-9.208769218832153,-14.528707385536771,9.71878000870708,-0.7355901666765163,-1.9007200972840055,11.089319571893938,-7.18476787108686,2.6475413448734884,11.06384261903993,9.60743333979433,-5.2634765890035355,-1.2695864671174917,9.175267896656063,4.573301899642001,4.218282087663088,-11.7095898861326,-5.035382361268603,-29.43969182970894,4.651752948287546,7.418931150840185,5.211792833801402,-34.93286494380406,11.914644002716402,-19.200660236864763,-8.508993077022625,-7.408107883895742,-1.7377531861371285,7.1771524440051255,2.1536964185384413,-6.525796839393623,-2.681851067678596,-1.012471385770617,-2.284330696080561,12.458818401198705,-1.4213226310126847,7.080822447345943,5.60901613680355,7.611800488593375,-5.478353426860661,5.46416592118357,3.3266987604839793,8.62478213362514,15.480583454801092,2.034146979106275,-4.9157811091526735,-16.252382987615327,1.8216295491551033,7.0876949270361695,12.733432042671316,-4.523685944207036,-6.723064034564462,7.375967918768586,-6.127973257024965,12.674144697609076,-3.1541753045841228,-0.898511229497478,0.47071359549256453,-16.914345426001695,4.551337835304795,-14.926510920124924,-1.3826886418124893,1.6545866593572276,5.905220570316784,6.265085668318078,-0.3979824640948513,6.66000246090554,-7.9024533889591915,5.3875060985547165,6.277184702913873,-9.471597702921782,2.2041397800305313,2.8907949351423143,0.6663341103238842,-8.270683590580632,4.710213236716481,13.04005210947749,16.71228305045539,-20.39029899785269,-13.598610558049439,-9.992283941688536,3.787224962150054,-2.415977370835778
neuralNetworkClass 	class coursework.ExampleEvolutionaryAlgorithm
INITIALISATION 	AUGMENTED
SELECTION 	RANDOM
CROSSOVER 	TWO_POINT
MUTATION 	STANDARD
REPLACEMENT 	TOURNAMENT
ACTIVATION 	RELU
COOLING_RATE 	0.0011
TEMPERATURE 	100000.0
TOURNAMENT_SIZE 	10
maxGene 	3.0
minGene 	-3.0
populationSize 	110
maxEvaluations 	20000
mutateRate 	0.95
mutateChange 	1.6500000000000004
seed 	1646684373006
random 	java.util.Random@3ada9e37
numHidden 	14
numGenes 	129
Training Set Training
Fitness 0.06888815491425541