-0.21664823797031652,3.9842633048354212,3.831763324594821,-3.2540463217952773,-4.244174874171084,-1.2289533426714137,0.10209834579155785,-11.544795364089836,-6.5890143068529365,4.414439810517381,-4.90658618307711,9.917702408355636,8.455271125635175,-4.3516007249555315,11.587218192871998,-3.1539778727019794,2.206895097768337,7.850458625277166,-0.48537596807744876,3.2700826141746653,-4.816706333939324,1.7105999810720673,-1.9771579966924477,-1.8811532770530435,6.107967513995289,3.54204015828066,3.5465146911737078,-18.40016074837994,-11.448739409762926,7.679233427825782,-0.4408295039615977,10.94971261842777,10.962970149975876,0.6111240875323833,15.217189217834225,-9.224425011339418,2.535548980774373,14.487919520651829,0.18327616665355873,9.640778142176472,7.005013594596134,3.6173844109110256,-0.8714433760507365,-6.2796502047113645,-3.4974640892044917,-6.318101918590528,-5.587992590723401,10.61023687335959,-0.9369461889320245,1.5602424334670797,-7.676947962766221,-0.5289877931894749,-6.871905020163675,-11.721668701386232,-0.3522403285897946,1.2706801408235293,0.49836874169259815,0.9408182241838032,-6.168808955266378,-1.1372975807768109,-1.1024613155442742,0.8607616027904328,-0.29195092963829694,3.294349061456683,-2.248050370476312,12.157253855790064,2.8108983446570326,10.086963195711364,-1.0280585792584978,-3.618838623652252,-10.460171786242059,8.01371420923768,0.9887410159255783,13.40685007841341,18.439544335683443,7.8718971784527145,-4.643217233774742,2.143014237679859,-4.6705200343039035,1.105820045118314,-3.8253297202902896,-6.631549499378805,10.769631073814425,3.532807344724017,8.258846330130236,7.688863280626142,6.619427783451611,9.608830276764792,9.172402330873467,-7.261486278355971,11.109061628405174,1.9417583521297823,-2.132685241761374
neuralNetworkClass 	class coursework.ExampleEvolutionaryAlgorithm
INITIALISATION 	AUGMENTED
SELECTION 	TOURNAMENT
CROSSOVER 	TWO_POINT
MUTATION 	STANDARD
REPLACEMENT 	TOURNAMENT
ACTIVATION 	RELU
COOLING_RATE 	0.0011
TEMPERATURE 	100000.0
TOURNAMENT_SIZE 	10
maxGene 	3.0
minGene 	-3.0
populationSize 	110
maxEvaluations 	20000
mutateRate 	0.95
mutateChange 	1.6500000000000004
seed 	1646684373006
random 	java.util.Random@3ada9e37
numHidden 	10
numGenes 	93
Training Set Training
Fitness 0.019862315241523747