-1.828469915023991,-14.083794968744588,-0.7549408143087692,-16.197314494822578,2.8768047118594184,-6.313776883335954,-3.592555637193401,3.783706611791642,-0.47838418621818235,-0.32315216324856877,-4.263160431730173,3.753668591888566,-2.341071336346296,-9.198143334094148,-2.3155816840331926,5.6727329530239725,-12.758936636957959,11.506593230185768,11.356904934069322,-3.3027443187981698,-0.9831432984990256,-0.7117885388007856,17.53751406889367,-10.093616470798604,-17.09812989077031,1.286655303496227,-3.338621016751981,1.308382646974536,8.712524958868519,-13.473926921435945,19.086999640731705,2.4262745277072053,9.281283507379623,0.284614152521236,5.825352254492465,-6.11613227961788,-10.313965797563338,11.605896596877736,0.6518237718836541,5.998683020963297,4.232962645128355,-8.95302455206117,-2.629982242981942,-6.197536496979222,10.64790852161152,-11.24009285645762,-2.393309375158651,-5.893081880867596,-4.896367329237599,9.140306322318398,6.3939780480861135,-9.472381661173312,-25.344403867337434,-9.42809374454233,-2.7437418395725075,-8.874977948419144,-2.293682688290211,-0.2376940546595918,10.63193495767827,-0.8085019581431991,-3.4741003151854883,5.667882825646631,14.540302611557523,5.286743269153417,-7.378387779836062,0.8844332153412049,-7.325312069773085,1.022421568969225,6.1113786273573485,-5.246965456298842,1.6849019453168488,0.6537346605306968,-1.9125134604586655,-6.180192426652355,6.718830115826057,-7.556799538497479,-7.44142240084498,6.066633855597157,0.257801833760551,4.344426698095449,0.7316765763989697,-1.6091097864065214,3.636204296858219,4.848592738358729,4.062808115266799,-4.024060853606631,-13.378644890194309,-16.631224493047185,5.859053112156433,2.3452798824065386,7.552691842735301,-4.192826152644314,3.4066885891990726,-7.227759455691672,-8.643792791213551,2.5502412651898645,-0.16589033920695728,-16.12518550608354,7.346451916368201,-1.2118788236574378,-1.066893523867245,-3.478145860626194,-1.5005238757355812,6.043914550365532,-4.768561416558271,-10.113242755706391,5.315759632935395,0.21084934035600877,-8.04711383702048,-4.47611683998061,11.065917716862304,4.129975451716721,0.5860881134009208,-3.213247583245429,-5.8831952172605355,-6.015617713326524,-14.350494367907727,5.630444876348807,-7.551665287482111,-10.952053632030234,4.728709737913432,9.109464826047242,-0.012191280042097574,-5.604225627802599,-3.4678747149878086,-12.649359515455412,-5.809461472204576,2.375988797626972,13.628155756152898
neuralNetworkClass 	class coursework.ExampleEvolutionaryAlgorithm
INITIALISATION 	AUGMENTED
SELECTION 	RANDOM
CROSSOVER 	TWO_POINT
MUTATION 	STANDARD
REPLACEMENT 	TOURNAMENT
ACTIVATION 	RELU
COOLING_RATE 	0.0011
TEMPERATURE 	100000.0
TOURNAMENT_SIZE 	10
maxGene 	3.0
minGene 	-3.0
populationSize 	110
maxEvaluations 	20000
mutateRate 	0.95
mutateChange 	1.6500000000000004
seed 	1646684373006
random 	java.util.Random@3ada9e37
numHidden 	14
numGenes 	129
Training Set Training
Fitness 0.01882605928079041