3.1167961817214955,7.215363244403562,8.38195375149752,-10.548286440040592,-7.4273917874685615,13.549417748533582,-11.819941863354806,-7.684309524076535,10.246727952669094,-5.771676023511756,-2.760385119616604,9.37935164099409,2.359318444027494,-14.27794490866088,-14.818589075084784,-21.878564097291637,17.258457250040045,4.646470919250387,2.5213520293795346,-2.445167598900971,8.590831264019753,0.6063027680387476,14.676316760366673,-11.254586201571364,3.244808673502509,7.816366263459583,-7.3980954119695745,8.098079561164385,-15.16530486810297,0.4344815485374962,-1.5385966751765912,6.669706175056584,3.3477758665674813,-0.6995646768765766,0.9585072113250339,-7.8535026561403125,2.437088750872422,3.6536348843806348,2.185880804050984,2.135536742967367,-0.5708413314017076,-10.30518981940397,-17.176876866783218,2.945801980068545,4.805827898649888,7.073977508675264,-9.211963842021616,-14.901737684389946,2.1433608781713254,13.828843580593867,3.7955919045691466,-4.643019133494847,4.483265419315941,2.997186009424202,4.281593893016563,5.384305945763538,10.471069455022915,17.0848077865373,-13.439077165348913,4.2384672479325864,7.35678332935491,-10.212750027618702,5.297711968416116,9.029891437059332,2.535153876008936,-0.001797812972148094,11.092432111505719,14.399554520093337,-9.107658442947582,0.025347196295063767,-3.0965698444859187,-7.937963905371868,0.8835305851353503,-2.5632035151553083,8.999936122528304,2.3863348747638264,-14.249886750369932,-4.822188582255318,-4.987914335453904,-7.0246474910777525,1.3842718317974114,1.3217153857330404,-0.4877193348498965,7.119028534934871,5.206004803757697,2.184679772933187,2.2014725646918283,-2.8337056266833924,-1.1636009493426194,-4.301015936986898,-12.139838818921646,-4.040275108785561,15.585291612593359,-7.5368948991547295,-6.225204189091889,5.372952156517982,-4.580325436350517,3.472430286040053,-0.39821551438331504,-5.406799547049616,-22.20374380053316,-6.941861982196612,1.743538789501283,-9.332191719534352,-9.050173098822954,10.42291561891145,-3.2837141639435696,-1.464998157389294,3.5344923897080127,-7.450590824157409,5.960044713216744,3.6192933850835862,-4.304230469570368,-0.6083515302583855,2.3029772622930587,-7.6348036913916015,2.6690176320633654,7.759726679041182,1.319987622761385,7.328460016510444,12.405026281779218,-3.7851931173610387,3.2065473508474023,-4.296890902428293,3.7473461917989095,-5.721281234942479,-3.21451246886242,2.423229443800924,4.4609543569618015
neuralNetworkClass 	class coursework.ExampleEvolutionaryAlgorithm
INITIALISATION 	RANDOM
SELECTION 	TOURNAMENT
CROSSOVER 	UNIFORM
MUTATION 	STANDARD
REPLACEMENT 	WORST
ACTIVATION 	SWISH
COOLING_RATE 	0.0011
TEMPERATURE 	100000.0
TOURNAMENT_SIZE 	90
maxGene 	3.0
minGene 	-3.0
populationSize 	110
maxEvaluations 	20000
mutateRate 	0.95
mutateChange 	1.6500000000000004
seed 	1646684373006
random 	java.util.Random@3ada9e37
numHidden 	14
numGenes 	129
Training Set Training
Fitness 0.0372683011234102