2.6342347589170245,-2.95996106141949,-6.878915644546547,-8.930424067961827,-12.70762894629695,2.862706380211362,0.3890476353537693,0.9606498233255527,2.5580966027447047,3.4683571117897793,4.8343426052391,-4.625540516402694,5.15262352263369,-2.3564341564499003,0.4306899739079282,9.307013346632473,12.691697445451513,9.935717506716415,-1.3042896420096124,9.088631852859276,5.231210042674886,0.38586486767943917,1.5829443125437468,6.993833744678101,-5.26195333348266,8.961806719427518,1.9084286140910844,-7.260576660478357,13.667992076981898,3.3016258363337965,5.5059534789654645,2.4230137167814085,-3.495998058005709,2.3837904038192557,5.870367747845318,1.453827631660701,-1.9828654349407735,-3.91672355503745,6.951025626678618,0.8147304478504651,6.558917079829561,-0.9459661440732701,8.647708759685884,5.96905664342274,1.2279094258687735,-3.903526337145589,2.739088601842351,9.93790001720586,2.574711244431012,1.474515207308304,5.839029577806031,-4.576849532831284,2.818639900942629,11.59009218165921,-0.42123200273735684,2.1886655944994793,2.4957970694277094,3.553872730212386,2.753234785472891,-6.413422198360786,1.7422204313093221,3.909313365662568,-1.6024729425569477,0.7778450189889252,-1.212696429396051,3.6730194647384913,3.074764758644279,-1.9542351671395712,12.341653221695424,-4.002248811444616,-9.690694541329323,2.9882763312094145,1.4600334590228492,1.6952659107413535,1.6395234395131828,-5.500508539066604,-8.805964752961891,-3.5754446705224705,-9.207905631905245,5.012997434448751,3.6705903639866886,0.9068866321954356,-3.955039403508728,-1.6209100562992935,-4.458564262816372,-3.077574366799954,-3.251113719009429,6.335199125619474,3.6451159681813614,-0.27593156777173355,-0.5822526060756417,-3.0466146578287754,-0.9428993782803783,2.1724788671844886,-4.974564971490733,-2.3891127293976107,3.9750710894372308,1.8021784946384791,0.6624822396382268,6.029315118574776,-5.25457821965436,6.921902382715016,0.658266556170024,1.5651934977660815,-0.9664983497731319,-1.6667109674800797,-2.685136099235061,-1.5408361702409819,5.1241078042472346,6.22033395881299,-5.323625162784954,11.113269335370378,4.310225312767839,2.4678960798484857,-0.07722975824394496,-3.434647542728788,-1.8630044109071635,-4.139095999248355,-0.0199575965032599,5.66670464177335,-4.235624347165992,-0.653229736945963,-2.0713199332288443,-7.906281012610661,-14.95406209950302,-3.9881204046020455,2.2202220484882167,-14.01359586343724,-10.907256550060366
neuralNetworkClass 	class coursework.ExampleEvolutionaryAlgorithm
INITIALISATION 	RANDOM
SELECTION 	TOURNAMENT
CROSSOVER 	UNIFORM
MUTATION 	STANDARD
REPLACEMENT 	WORST
ACTIVATION 	TANH
COOLING_RATE 	0.0011
TEMPERATURE 	100000.0
TOURNAMENT_SIZE 	90
maxGene 	3.0
minGene 	-3.0
populationSize 	110
maxEvaluations 	20000
mutateRate 	0.95
mutateChange 	1.6500000000000004
seed 	1646684373006
random 	java.util.Random@3ada9e37
numHidden 	14
numGenes 	129
Training Set Training
Fitness 0.1059097116537834