-0.9872133442739877,2.6576644394538818,-4.7935905263203,4.823802392578975,-7.472449065567293,-9.353374297361338,14.820546856500933,-3.0644733333800804,-1.0399159980795245,-7.91637943239574,-6.2002174961797945,9.41024658866624,-0.5620464734281096,2.986647551033249,-0.48346641091853026,-1.6593677551686872,-4.026793418135225,-3.0313639115574276,-1.6788039387861016,10.452409885981433,-4.325179837060677,-10.20686537507804,13.629063483971406,-10.0826200070218,-4.585679018355936,9.925037322153145,19.728010444831085,7.855970245662505,5.356621800606138,-12.314830496282852,1.3273887321408937,-0.33001133420530504,9.369295169329238,-2.7593904144248835,12.78850449560706,-5.061968810911626,-5.937822131716231,-10.326836691494014,-7.265534794448728,8.885303605942426,-5.914633104674114,6.116458400036105,-3.5678875990865944,0.6564066668760775,-3.4226536429950993,4.987672082665785,-1.7288296153988885,1.0239349495241612,-0.8438487327909989,7.51295200411353,10.135670440095659,-2.642464482550409,-1.1648534690777428,-4.443862885814538,1.9701260161692353,1.6073685301281566,4.471176049924529,10.858432149200942,-2.112138577116354,3.8227104869888855,6.766501300363875,-12.817762201928229,0.5513125499812439,-0.7692646415427546,2.147128526021394,7.525381072178,8.574046472378997,-2.557690155243808,-13.87121224785348,-4.417455502720017,12.251663496261287,-4.419071651435583,2.108005998370283,-0.5712685110490447,-0.5763312695213134,7.747720723031984,12.729382834582397,-14.164841206446475,13.300825724215471,8.739752123045378,-6.768646632298573,3.5510090677842605,-5.337582122520077,0.6306388628964301,2.561390948744915,-9.804971994532922,-6.064723965220573,-1.3482037777613218,2.377778123981866,-5.851008500722395,2.7113436647074547,-0.12056489791714053,-5.431257455507525,16.18062248264465,0.3429777472987299,-2.4132839254309353,3.0209290002838376,1.7965754547518857,8.625104446182078,-6.887726579750554,-2.79215037655018,1.2866627769645156,12.730768304126896,4.075610667276548,-3.7548742775615995,-11.131464494805114,-0.7884602424622589,-9.413328719772998,-13.826992976071606,0.927583813914671,16.856663018617706,-2.2988144785022335,11.92782775715482,-12.680134199208124,-12.425247742346345,6.415185694781117,2.102725702909815,7.366423567241943,-7.680736756415914,0.8713863793670784,-4.725870195175887,-3.434611819139464,17.62388973523776,-2.3330834825943008,-2.0158136910715196,11.033825103494246,-2.503542203910614,-5.693807837599682,5.570470464472502
neuralNetworkClass 	class coursework.ExampleEvolutionaryAlgorithm
INITIALISATION 	AUGMENTED
SELECTION 	TOURNAMENT
CROSSOVER 	TWO_POINT
MUTATION 	STANDARD
REPLACEMENT 	TOURNAMENT
ACTIVATION 	RELU
COOLING_RATE 	0.0011
TEMPERATURE 	100000.0
TOURNAMENT_SIZE 	50
maxGene 	3.0
minGene 	-3.0
populationSize 	110
maxEvaluations 	20000
mutateRate 	0.95
mutateChange 	1.6500000000000004
seed 	1646684373006
random 	java.util.Random@3ada9e37
numHidden 	14
numGenes 	129
Training Set Training
Fitness 0.012732238916140132