-2.8242105608858052,0.12167446983985108,-1.127628913111219,-0.3614286887832243,-0.33875533367215027,2.383395057186979,-2.2814108836472577,-1.69545445871488,2.166772299539516,-1.8376246919094672,-1.6003055140358435,-2.5181100265015774,-1.103188132951759,-1.4051911053740627,-2.342013971409442,1.5093400681943265,2.3310098428547743,1.5760935799525608,-2.7728762717423354,1.443957230423635,2.286593018159911,-0.8827785439399083,-2.2320249908398573,-2.4617496519735305,0.7745934447184588,-0.32615251917641697,1.32592651725016,1.6581234399348777,-0.1305403415084081,-1.6632289016217925,2.291872369758594,1.1964978781513818,-2.3463915410722223,-0.6533692047567925,2.3817524529557588,-1.7763474443767322,2.4938893190361426,-2.8965200291611115,-1.103188132951759,1.9470651234559924,2.15291165078368,-0.4674220175898198,2.2718827320434993,0.8945672392588895,2.115502804910485,-0.8365332537335659,-2.6218813715867144,1.0474145320548933,-0.33875533367215027,0.7745934447184588,-2.2320249908398573,-0.28967476116759183,2.7018138773539047,-0.7668173728023162,2.3792815017594586,-1.721856939990261,1.2846153753239262,-1.8116425507855887,1.3966196238713398,2.6291279740402063,-2.9871429926999804,1.5007975838389385,-1.3578545932864279,-1.1105967278823148,-1.0431470304879138,1.1341080689851655,-0.15973371744167375,-0.514694796348421,-2.9949062721481843,-2.2227828282312565,-1.927060566963299,0.9401709794057052,-1.3816129694058377,-0.9133203579532534,-0.20720575072486724,-0.5914879940753845,2.6845645892281436,0.6506593272882077,2.8925769485090216,-0.4196968335087412,-0.19560239792456136,1.4972940971386146,-2.678732761720719,2.2357554330240887,-0.9116504880036573,-2.2227828282312565,-0.5976522352725722,-2.6218813715867144,-2.3463915410722223,1.1570876618232004,2.0303018362500627,2.8116112155958604,2.313545442502752,-0.48902425326608245,2.0522580174907867,-1.6042434201327191,0.9292710920490466,-0.14022854420728859,-1.9203994709350132,1.171937798953656,-0.18032156760211127,1.7796801051771736,-1.2534639876586795,-0.18032156760211127,-0.37463827169602393,-2.302337757976199,2.806203191068109,2.7177903729287536,2.4225044280181827,2.547571477001127,2.2495031690963616,0.1871078661815746,2.5442595245394646,0.07068016704885416,2.441810890318223,1.6422354730354556,-0.9701827182495659,0.914471853591436,2.7474494988690665,-1.2973874354525625,2.06007343453725,1.516103821641785,1.9603647951291077,2.7664138138249026,-2.9199292441714113,-0.8860147110763887,1.2819421724151452,2.30764766826527,0.30680766608539756
neuralNetworkClass 	class coursework.ExampleEvolutionaryAlgorithm
INITIALISATION 	RANDOM
SELECTION 	TOURNAMENT
CROSSOVER 	UNIFORM
MUTATION 	ANNEALING
REPLACEMENT 	WORST
ACTIVATION 	TANH
COOLING_RATE 	0.0011
TEMPERATURE 	100000.0
TOURNAMENT_SIZE 	90
maxGene 	3.0
minGene 	-3.0
populationSize 	110
maxEvaluations 	20000
mutateRate 	0.95
mutateChange 	1.6500000000000004
seed 	1646684373006
random 	java.util.Random@3ada9e37
numHidden 	14
numGenes 	129
Training Set Training
Fitness 0.04505640980064197