2.6938043682296913,0.6738614432854462,-5.450741171513904,-0.7706524954304186,1.892250898201799,7.634163481091367,4.9200124818328925,-3.5845277003038785,3.1272703155384693,16.241808577704344,-0.4923606402481777,4.942193726520248,15.53402754937906,14.255320230120734,-11.913971151834545,-11.887447249676487,-7.889725012176653,-2.0775263810045104,-12.389237877075708,2.945593442501452,0.8901648433781855,-12.782558021667368,-4.361204345034103,-10.292892995470469,10.65256151404087,-6.634315010512936,-11.168804025669276,-4.2768924696297335,-4.691874620931824,-20.600805985864355,-7.342775634069228,4.491113891526366,-9.758132471286748,2.6390065237209517,5.919242207803162,-8.422637801065498,12.30779266373515,-2.0563030760501357,-3.4934217273008623,-1.0013836721212215,16.97967126417977,5.041850264798734,-10.137326854577699,0.48529384416292487,-11.29309718052867,-8.466679513932233,-3.7865158899520726,-4.0418295657344645,-0.6431445764925865,4.998372760176814,-2.493688457193837,-2.726026837655203,-12.555013515118489,-1.9543946703741266,-3.0531260026422533,0.9557184235149316,0.011474607738223952,2.3088438408567447,-4.051365915186465,-5.978300389203405,-1.6019905314240521,3.869999297448886,3.572049040022012,12.562574841769697,8.260815401559833,-0.9608265071960744,-2.6174096834888267,-2.8609489294223884,-1.5741015019036588,-3.5349018439111024,1.5950497777433998,9.883211743674641,0.49993574044272115,3.678286564499931,12.0978219393036,-4.615423640355977,7.74514138070321,-0.0639245986493604,-3.0354780923358247,-9.722468018889062,1.5588713669298535,7.293031053572049,-0.6885274793266829,6.119820681210864,-5.981353734357729,2.211990847328752,-3.801734982627103,5.812316320480889,2.7606960438255017,-7.789691937623516,2.3947708934015726,6.4083676771413005,-9.494949289873782,-10.547335777536913,-6.298349524143626,7.046534238619232,-4.227374745781162,4.206111087728537,-6.137418622742306,-4.136411247722034,1.2596656409808098,-0.8851986404256902,7.345097871468321,2.3552028159339393,1.8423481338392858,17.23116161706909,0.6931036072888954,-6.450214469993478,5.129242544907042,-0.6929379802948237,4.917796636721861,6.296484426218711,11.411776337499049,-2.5971701861521055,-5.605088698097519,6.141413199239674,4.432751795627843,6.263754567445222,-2.425140924969968,2.926708580513173,11.750398742543833,-7.956974121395049,-4.061481925413159,2.595073250617366,-0.5796411137509647,2.616846045825908,-7.85490477100249,-0.33199454949421003,-6.399573555763789
neuralNetworkClass 	class coursework.ExampleEvolutionaryAlgorithm
INITIALISATION 	RANDOM
SELECTION 	TOURNAMENT
CROSSOVER 	UNIFORM
MUTATION 	STANDARD
REPLACEMENT 	WORST
ACTIVATION 	TANH
COOLING_RATE 	0.0011
TEMPERATURE 	100000.0
TOURNAMENT_SIZE 	90
maxGene 	3.0
minGene 	-3.0
populationSize 	110
maxEvaluations 	20000
mutateRate 	0.95
mutateChange 	1.6500000000000004
seed 	1646684373006
random 	java.util.Random@3ada9e37
numHidden 	14
numGenes 	129
Training Set Training
Fitness 0.022125535542654107