-7.131977792281225,-2.6271772111828735,1.2569126850530097,1.9200045940219184,-4.62184712349371,10.244979703307886,5.094402967506826,-9.055365881696178,15.33516936254381,0.4362336993090796,0.3201351245514825,0.42378930940820236,4.966022965406209,2.6429864828320753,-6.212927652732251,-2.0504544428552034,-6.603731341441353,-3.3783429088368866,-7.069563251220924,-2.322882141064829,6.266198045040137,5.453326407050685,4.368311202708231,-2.2495078364319587,3.7135612543189955,4.976128899617513,4.052369711128366,-0.42324336980144484,7.590643681814587,8.519073267077903,-5.426193371760958,-8.250196762807914,-5.445058100341052,0.6268285816855768,1.8447608402044962,-7.576318421428219,-0.16833252376380514,-3.9416239402796682,11.32827397825777,11.122994481975313,3.742793809573011,9.623281085571126,-7.719952947417476,-1.5476652750146052,2.3313464553306815,-4.762295526041257,-10.906996698578341,-6.0211277246343755,7.081116896584241,-0.36187154451649395,-1.0991087624241551,-6.138190278879586,-0.3590306469779758,-4.515868379030362,-5.300096255289747,2.0895345375673218,-1.5906078197345517,1.8124091323919558,0.03751578327980276,3.6599037658323983,16.01892976868153,-3.477407607673263,2.3454856558161428,2.3512080440162135,3.631615201351588,6.231279993773879,1.8591915613550913,1.2309726425328762,-4.634489849685232,0.024055406339289043,6.36821593262679,-9.96314358613291,2.1189388898255483,0.4661215621815131,7.433319495111499,0.5885280835947206,-0.9070072732934182,3.9505450049174353,-3.367314948065181,-0.1485006224560843,14.034361173107209,-7.081038350801013,-2.8344574269399287,2.8235123092583194,1.8795338034168463,1.832951573845965,-11.905976662203656,-1.1488209686283648,2.9778974608034687,-2.144843074158959,-3.6056746122091807,4.409190422320077,9.005242777254818,5.2675674982228875,1.8160036052737816,-5.263488865758457,0.8506730686317514,-2.889732626958949,-6.686560892952523,-2.326404985658213,2.16889794788685,2.7672859083570307,-4.183732483534696,-3.7182414598629245,1.7363738851318704,12.257064042052814,6.645789538001756,7.000463083517127,0.8337417776063063,-7.646599443938754,2.112114259772344,4.460365134396256,8.14849396476089,-9.481395055696773,6.692024895197548,-2.2303986366303423,5.650789153135431,-0.47605705154469646,-5.20971249650073,-5.57211276657267,4.141815177038566,-0.7366815276597425,-5.572638753908042,3.6976170778782382,0.6080886629824391,4.0844963756160535,1.0741991006262364,5.573258982910961,5.98655880233207
neuralNetworkClass 	class coursework.ExampleEvolutionaryAlgorithm
INITIALISATION 	RANDOM
SELECTION 	TOURNAMENT
CROSSOVER 	UNIFORM
MUTATION 	STANDARD
REPLACEMENT 	TOURNAMENT
ACTIVATION 	RELU
COOLING_RATE 	0.0011
TEMPERATURE 	100000.0
TOURNAMENT_SIZE 	90
maxGene 	3.0
minGene 	-3.0
populationSize 	110
maxEvaluations 	20000
mutateRate 	0.95
mutateChange 	1.6500000000000004
seed 	1646684373006
random 	java.util.Random@3ada9e37
numHidden 	14
numGenes 	129
Training Set Training
Fitness 0.10116346117799446