7.317329520609958,-0.9550638131802991,-5.334499386006776,-0.334958635536573,1.9136053214101878,-12.950643901509473,-0.5096117888122489,1.3616812278505952,-0.7340390671456394,12.957759872460384,6.63285366711327,-22.45232317289554,2.066192554403922,-1.0100552470932485,11.041509407530418,-4.95916962149348,-10.368046683040403,4.820890599348205,-8.120013994112288,-3.507760915154309,-9.420881188187568,10.411242882022025,23.38975067681296,12.672384840749288,4.324297765047658,-13.676093177929719,-3.9610764485660184,-4.40769748340911,10.674409737880337,-3.1777511131547236,2.152881188991894,-13.513621642923386,3.109859247357159,-8.995616109675254,-4.284205733376973,-0.4639364251575264,4.6049468507664235,1.92451370197093,-10.836891996711326,2.8040209058787147,-0.04623257523934399,-5.913733962682042,14.003330763335766,-3.624042164947629,7.681953738985804,-11.985534661975498,0.12387476663092922,5.010364474309764,-6.3102464793951984,7.452910565249342,11.81539979176477,-1.0527258485734388,11.784880654490424,11.724967799152067,-14.989442352520031,3.473811717177738,-15.37726211767209,-0.9218550533204679,8.136076246355863,0.6092077040820305,-8.385376230799533,4.454550242828582,-13.818294560012912,-1.9135244269487188,-3.431721516464691,-11.591872563789842
neuralNetworkClass 	class coursework.ExampleEvolutionaryAlgorithm
INITIALISATION 	AUGMENTED
SELECTION 	TOURNAMENT
CROSSOVER 	TWO_POINT
MUTATION 	STANDARD
REPLACEMENT 	TOURNAMENT
ACTIVATION 	RELU
COOLING_RATE 	0.0011
TEMPERATURE 	100000.0
TOURNAMENT_SIZE 	10
maxGene 	3.0
minGene 	-3.0
populationSize 	110
maxEvaluations 	20000
mutateRate 	0.95
mutateChange 	1.6500000000000004
seed 	1646684373006
random 	java.util.Random@3ada9e37
numHidden 	7
numGenes 	66
Training Set Training
Fitness 0.01451269142786108