10.033457922661846,6.734314610489589,7.252019410818399,-9.34039341048756,3.222077275301017,0.9308377484255157,3.6105515045913474,-4.358005148828687,3.9817352554634047,-2.7955168703013165,-5.954877002695806,-4.172130967681315,-2.11286901314919,1.1380513189041377,18.20907353101572,-9.272301039172557,-2.978602688701248,-5.15214656513296,-2.499592469752825,-6.697025639628052,1.2372106088470307,-4.285024090255156,-1.943229087318839,-6.0957638456150445,-4.915992073119241,7.245223921885259,3.2786637585835345,5.1580674965663,-1.6850758696350177,9.380630347180253,4.027898493159664,-12.817230033757196,7.438230146170394,-4.241531884053483,2.668234258867706,-1.4957548926251274,2.416728443778659,7.224244647997468,9.122540755532055,-12.82710065981283,-4.255269023526174,1.4532101875136156,-0.03423315143077765,-5.550812699637428,-0.7540815485062584,-13.229546857720731,-10.094590204313459,9.029705130700288,8.636551120195579,7.332707121761105,3.671104579796493,-5.172458388863457,-6.562826769487518,-0.40446295713887714,0.24237339152553883,-1.300105963325402,5.442125059181387,5.637623312375874,0.9384978747831694,2.032748498373828,-0.5301521384090577,-8.35059605770452,9.126899008813135,4.896726783359407,-0.8318593539709784,8.166387753892455,-8.773671500455045,-11.220006524803129,-2.2128029512943,2.13799317097814,-2.3613965487529747,2.2834171224979745,-7.190575213705169,3.520818396452233,-13.362469554695798,-11.570024412725424,2.9387202531776078,-9.379207872056607,-2.623906406844063,-11.705308985419176,-11.146956304578095,-1.3182966545753567,6.892898263456347,-12.796820980051562,-15.187187096452242,-3.27184627502319,2.1562875000749298,2.6761919820279427,-2.0061971608972478,-5.530974697377713,2.6794673425302147,-4.235666165627647,0.07691362907069443,-9.196899989151063,15.672401330896175,-2.928579477989393,-4.721662142778179,-2.958482633073885,1.8661549294804498,6.256756504168724,1.5923340001697524,-8.677698554233551,12.702791997399858,-7.714103973582768,4.244980194282773,11.140236814570102,12.278850272967107,-2.2337461166952295,-1.029041824378917,7.800917831617259,-0.23715915924764808,6.7082263707613805,12.32658726125085,6.530845558046771,-5.722859857137905,-4.005718142162991,-12.05899985319471,8.985989697553796,-2.2079324591829534,5.56777572060005,-3.5164754378955703,-3.750716051413484,1.2748568966435467,5.72004307218698,6.0890066493454045,-2.0569336299915584,3.7686604566381607,-3.3413842380360226,-1.566015083839674
neuralNetworkClass 	class coursework.ExampleEvolutionaryAlgorithm
INITIALISATION 	RANDOM
SELECTION 	TOURNAMENT
CROSSOVER 	UNIFORM
MUTATION 	STANDARD
REPLACEMENT 	WORST
ACTIVATION 	ELU
COOLING_RATE 	0.0011
TEMPERATURE 	100000.0
TOURNAMENT_SIZE 	90
maxGene 	3.0
minGene 	-3.0
populationSize 	110
maxEvaluations 	20000
mutateRate 	0.95
mutateChange 	1.6500000000000004
seed 	1646684373006
random 	java.util.Random@3ada9e37
numHidden 	14
numGenes 	129
Training Set Training
Fitness 0.017170631862264477