3.4100938041921385,-11.580274500927395,3.162557539712145,-3.134636273323154,-1.8279037365775643,-13.056781110985868,-6.786767429080951,1.6716140334760539,6.684296086965963,-4.803849425149437,3.2226115422484813,8.434018638158546,-1.7716808900390806,5.060527695455122,-5.007363541952525,9.970575740031835,3.3250250110759128,-9.7929151098005,-26.51676053229285,-13.089012438606364,8.32319913659976,-11.466145912551768,-4.874150568933633,0.1666626748590314,-11.36923984591886,-16.44027112120248,-11.552537468904227,-1.596112046691192,-3.356963010260893,-3.4426381206276133,11.367056704530597,1.563297633704396,-6.59725378347175,1.717936508511361,-9.812542179833502,4.7582199396570175,1.4688794163215562,8.361057911199723,-13.270406386701591,11.486435142775122,0.17678819974401527,1.63621070049434,0.04239956208158979,13.204331679272116,-11.660667552695331,-1.6420655511556213,-3.379531017346312,-11.710599587431794,9.769035770098746,13.075070867130817,8.222867749844628,4.956460003561226,-19.85622991924047,-14.804860085094274,11.560362159614332,8.094959690755074,18.193569379799058,-9.73189503750681,4.754636669126189,-6.440841319429765,8.353750993675721,-3.2205095365734193,6.521906169314841,-8.28006534969599,-16.690399337885342,-4.788981350915716,-3.1053441621992643,-3.2235730534894618,-8.099544228679704,0.147634806488818,3.1190695095248664,-6.7223268892331465,9.956099602552673,-8.357005998646764,3.252035770673718,-0.031149348897907103,-3.3440429210769675,1.4511849522983233,-3.2695509319467444,-11.696311184660864,-0.06833905870088763,0.1906703110146819,-4.903148819936765,-6.49593130759647,6.626135422487758,-3.12287481192417,14.739286679079727,-6.750217429439179,3.1274223173818303,1.7950594414815155,-3.310426002106789,-8.254122933377275,6.663052884759132,-5.026188089218797,6.723021824025297,8.291957360998301,1.4708467261035842,3.4917082398165054,-11.486051125334122,-13.38271685996678,9.854597337113228,3.102876802900477,-1.5248070636208242,-6.552560072431136,11.388181678009948,8.114420575702662,1.8461234545437932,-0.16717736163684016,8.349209724997793,-4.862654213550016,3.2424998548362662,-3.2538787420643374,-6.706592348197543,3.4928513757666284,-18.207153903189663,14.99545179090891,-11.476493212380378,10.076286332893165,-16.390160083054486,-21.49827144189949,9.961488292046518,3.314285267458586,6.781543488970344,11.503327229048098,4.900611860168901,-8.30370446469777,-6.433869795159222,8.3280410969982,1.5937348516972492
neuralNetworkClass 	class coursework.ExampleEvolutionaryAlgorithm
INITIALISATION 	RANDOM
SELECTION 	TOURNAMENT
CROSSOVER 	UNIFORM
MUTATION 	STANDARD
REPLACEMENT 	WORST
ACTIVATION 	TANH
COOLING_RATE 	0.0011
TEMPERATURE 	100000.0
TOURNAMENT_SIZE 	90
maxGene 	0.2
minGene 	-0.2
populationSize 	110
maxEvaluations 	20000
mutateRate 	0.95
mutateChange 	1.6500000000000004
seed 	1646684373006
random 	java.util.Random@3ada9e37
numHidden 	14
numGenes 	129
Training Set Training
Fitness 0.012563489669639789