10.559067719964307,-2.8851519681753643,-15.161052615413217,-10.973045936977998,-2.844739830501645,-6.515704699746822,9.637803171500138,-11.943623651749064,-2.306803013642307,8.88519897431305,0.48213442885978,-0.4212309688357534,-5.639626542581761,-18.288982067117942,4.781455056270506,-0.46892863811869656,-2.9814914813133626,2.7543460996120306,-8.82571315913604,4.897021926327806,-10.003932168629683,-5.407639978890558,-8.776992181057578,12.904240876964565,-7.18917295464939,15.732374167190377,22.3604067468127,-7.351991271110082,14.010501739525672,0.13637974668773367,-26.823194257745172,5.43853603191938,-10.07973753471533,8.136037068364107,7.932113085015059,14.252261583309313,-2.908323890943361,4.005239441309941,4.580335224663239,-5.5224531534254275,-4.663394238003937,-6.693349499184448,-4.374027164736696,8.31961908886044,-12.489214962595515,-5.084974718297715,-7.670226757544552,-7.454608758628996,15.887206229000896,-9.402168597100996,1.851271020907225,10.018592914645128,6.052118403414145,12.506855132257849,17.41807072159107,7.8265374121466245,-4.584763442762957,-12.342164942513975,-0.4235609720502005,-4.817628644106653,-5.921064307968761,-13.089427535245711,-7.540382316290458,7.554257391079613,6.237710659994577,1.2523366307649528,-4.411310599385869,-5.802444433041903,-3.5368403620477835,4.055745297994418,2.1985619342048555,-10.471829409626805,2.3012397631666133,-14.511841342586509,5.946871482370521,-3.8251518887482288,1.7675226878214643,-2.3570166790461995,-8.033660296707385,2.9353104590617436,-6.077335376394769,-11.805853608251356,0.9113532581432278,3.4857301040685966,12.74429153875247,-9.306646186639018,-7.322730571052187,-9.344850018857278,0.5329805304061752,4.235610475282886,-12.913814940075689,14.426069931804028,-5.700994636596963,-5.83816312823431,6.385642934074884,11.859525209925245,3.8229986230449438,-7.001722336564461,-10.953021002999236,2.6175962716325385,20.017666483430297,6.0007558223400626,3.9277543522974057,-0.2816065369645493,6.239176264395544,0.687004221770116,3.340252871139766,-2.872371548373877,-7.726538600116472,17.78160700322583,-1.7418552753891152,-0.6366408774741057,-11.319121094519407,6.978482790335347,4.5585317186134295,-2.0298800813644924,3.0116632835438226,-2.050176274536418,0.848828560491528,-9.258374195783379,-17.810423790483433,4.8158486707255985,15.424288372939532,-6.052763641378078,22.238458002998712,15.895919129786538,-6.746491118904756,4.306535430185933,-8.775163894575638
neuralNetworkClass 	class coursework.ExampleEvolutionaryAlgorithm
INITIALISATION 	AUGMENTED
SELECTION 	TOURNAMENT
CROSSOVER 	TWO_POINT
MUTATION 	STANDARD
REPLACEMENT 	TOURNAMENT
ACTIVATION 	RELU
COOLING_RATE 	0.0011
TEMPERATURE 	100000.0
TOURNAMENT_SIZE 	10
maxGene 	3.0
minGene 	-3.0
populationSize 	110
maxEvaluations 	20000
mutateRate 	0.95
mutateChange 	1.6500000000000004
seed 	1646684373006
random 	java.util.Random@3ada9e37
numHidden 	14
numGenes 	129
Training Set Training
Fitness 0.007983374822346432