4.185541755974761,2.7743683118311786,5.595057597355117,9.387982475598445,-17.640614726052917,16.131365075234598,-18.569936165505297,-10.899191878339787,-8.36014735237877,5.870369983487379,-4.5773411216610445,11.234496228006472,5.770763856555759,12.870652159747426,7.1786931292371285,-13.636023141681402,-4.305333753434853,-10.803175924235207,7.4509489816950065,5.376728480957046,7.015395159406179,-5.404462610455879,-20.291444546607224,-15.562430007704291,-4.65675186665537,2.261900195779866,18.514475953703247,17.768114251600835,6.139289526724607,14.053682376444694,-18.300873488905523,-15.959304447714864,-0.18426937599484283,9.856600485210022,-6.433160126311574,17.8569762707575,1.3446422805813025,9.758161085711789,-2.7089493814465344,-12.029285646461153,15.579790190010199,0.6534977243587905,2.3140042369976186,-2.320203126661312,-7.829676550412229,-0.9515679226038349,0.6055266584702839,-0.8410499866798418,-7.451941288427824,-14.504353026990472,-7.409412077619237,0.5940402514004326,1.6170137279053307,-3.8721170656862487,5.042173285586051,-6.693906150134895,3.538002491639526,-10.52303707091094,15.857854349445795,-10.909638718974294,6.40561376882439,-1.8283726149046302,10.025227810610422,3.0062046371248776,-8.181850269817918,6.080901495834031,3.4143249020992226,-1.951311575147849,-0.25618360315926836,-8.013174590761478,1.4471703494370765,-8.06558692072682,-2.2565931446530394,-4.836227538756241,14.063121678029999,-5.915530312787928,4.195948690728208,12.932081972315034,7.732339336243065,0.0733178378874797,-7.096443208652582,-6.583954863742017,3.1140095509833268,5.817057625843496,-2.6916423962297813,3.3706973866888505,22.132759409984224,2.5951724227855486,-0.8855113932284508,19.636730789841167,12.294981201694217,10.179708507482795,-2.0250233282307093,11.046512326823969,-6.9976711918427075,1.028273107925406,-5.642405078331673,-1.8946350954253148,11.74269670285739,-14.482841438121502,19.84559130065574,-2.8890560795378075,-11.45046306320169,15.54832015353072,-6.191515053188301,3.099704872363766,-1.2315788525336475,-8.391142413615926,3.244919037365646,-5.776857025521622,1.5052936060538578,12.894071340187471,-2.1461450888868754,-5.242357668078775,8.303917937372056,-10.374910822921942,9.48219419908971,-10.659541583573313,18.01055810502062,3.4994753320250105,4.726206336343646,-13.549482865712706,1.1319861851534423,4.908163863003027,-6.369059016664734,-9.083603603752168,7.828456490714396,-8.615528575030428,-6.213902097890953
neuralNetworkClass 	class coursework.ExampleEvolutionaryAlgorithm
INITIALISATION 	AUGMENTED
SELECTION 	TOURNAMENT
CROSSOVER 	TWO_POINT
MUTATION 	STANDARD
REPLACEMENT 	TOURNAMENT
ACTIVATION 	RELU
COOLING_RATE 	0.0011
TEMPERATURE 	100000.0
TOURNAMENT_SIZE 	90
maxGene 	3.0
minGene 	-3.0
populationSize 	110
maxEvaluations 	20000
mutateRate 	0.95
mutateChange 	1.6500000000000004
seed 	1646684373006
random 	java.util.Random@3ada9e37
numHidden 	14
numGenes 	129
Training Set Training
Fitness 0.032055451002802514