1.404742892811079,-12.681860194928868,-9.137232434619364,15.35263785277859,-16.041617839928506,10.224638527617499,3.0506892430027204,-1.0672720111978284,5.94009455717663,19.564318040051802,8.276414777585,10.833391906957502,9.517277066667777,-2.6881838081193816,4.945819234554705,10.605265476992047,-5.4977207096631195,-3.5394722420388636,-0.8483975806838764,-0.8312744537618899,-0.31890726095096067,14.203129353815713,3.4995871302940333,9.923787067182325,-5.187464420489431,-29.364055445845366,-18.685580948448866,-4.384259450029673,5.428538746346437,-0.15578639555836027,5.860545133778356,11.117310592761,-14.5226636058861,0.29213562330342935,-8.271981501867575,-15.376339836689223,17.653541529376227,-4.454157209133424,2.6838501587487613,2.2476707812443646,-8.552489670984064,-3.878154302964947,13.273077364279992,-3.2989682402964142,0.9076020823336144,-0.748379465992473,12.634575313000562,14.384260577180653,9.773244666136883,-5.321842602093348,-4.259878416311372,1.7806892858704142,-5.913890019463837,-4.600125029485801,-13.34797298927106,-1.2764616587197581,1.327356019014454,0.06557518418409813,-6.495159456495109,-5.307878796538955,7.479418248585832,8.572910242963042,0.7451696277444526,8.008773704377745,9.118356289313041,1.2968405421628653,1.1468985088921926,9.971115438046274,-10.685766810353911,-6.022973532833722,-2.089565584359528,6.6208740659433705,-8.874019161096777,12.468547318969826,11.281659128922374,-4.2675257595570555,-6.634755003092382,5.580539928183525,3.5144676494415723,8.63205189485738,-20.959990822987194,1.018292581292818,15.098078006581135,2.623615988346252,16.827436689134167,-6.09002496733307,1.3893039717285554,-2.4388465291543167,-3.4649485310407915,2.4150773067448377,-5.985241678152382,-5.206075003697988,-3.0131179091965734,0.3716617948051706,-14.828268722851115,1.285115054654833,-0.6959973608636822,15.314596916198012,15.79604598205418,5.66891642765469,-4.093830173698804,9.561683963934522,8.816357515707857,-2.0658331263505065,3.431172586405202,-11.743612917519046,0.25303994918456496,6.2332111378060375,11.325936206003067,0.8351699848338505,-16.75402511927701,-0.43729752559000534,-4.09165697051699,15.935136375435171,-9.131181483664728,0.4900108680057258,-8.524547378256894,6.011871809298125,15.929890536007319,-15.716972625520098,2.5114528092087447,2.7361583995414946,-21.810642356421987,3.4179230721258307,7.489886729630673,-4.517942256271016,6.187138884403941,0.37058455868251095,0.1952707192100238
neuralNetworkClass 	class coursework.ExampleEvolutionaryAlgorithm
INITIALISATION 	AUGMENTED
SELECTION 	TOURNAMENT
CROSSOVER 	TWO_POINT
MUTATION 	STANDARD
REPLACEMENT 	TOURNAMENT
ACTIVATION 	RELU
COOLING_RATE 	0.0011
TEMPERATURE 	100000.0
TOURNAMENT_SIZE 	10
maxGene 	3.0
minGene 	-3.0
populationSize 	110
maxEvaluations 	20000
mutateRate 	0.95
mutateChange 	1.6500000000000004
seed 	1646684373006
random 	java.util.Random@3ada9e37
numHidden 	14
numGenes 	129
Training Set Training
Fitness 0.018744333358829794