-0.2813766234143902,5.612902926652744,1.7580434286838358,-3.185361250646869,0.6332689957823945,-3.2431009863633298,-6.7629462686062745,2.3539879836962783,-3.946743659520193,-4.8071137081840405,1.060523130615639,-5.8664922870617,-1.9411618559584056,6.910502516314521,-5.570714896364336,5.061068067954089,9.114273840280692,0.8991098574470358,13.988215464231475,-0.09784272245571213,0.7268194896615903,14.28264221824198,-6.179836345117988,2.782255248873776,3.2475947921701414,2.4035648166519703,-4.677816430357577,-3.5328302680107404,-3.6564879023059618,-3.410669425823123,-2.8616316475198698,-10.257972936461561,-12.318435459039414,-2.193793818474145,2.4794518269186048,-2.2251585048439484,-8.733619889847278,-0.5356798188261802,4.952700745913366,-2.0466768180399253,1.3090550698283616,5.684274881095497,-2.0935217664852033,-3.026180417610494,-0.0701080748574836,0.0196440816813217,3.6122236589478938,2.639017229329651,4.359776704245265,4.951165641515219,-2.637554880702357,-2.1137316474818597,7.004537391473418,2.8274211878955064,2.706689627317523,-8.028862227521877,-2.7262634289074947,-5.876721003165689,1.2783076902256152,-2.2289963846427456,-3.9000383563190297,-0.8786370036060891,4.583193085645068,-2.698724304308218,8.63678151028094,-0.15670759645842214,-1.3224640198217914,2.1020329006346774,-4.726847116378488,1.4164210030756283,-4.545013143640663,-1.2943846972159676,7.589164589064801,1.0082925175945134,0.8944895678751648,9.58593722476041,0.052620811313726534,-3.854990130155712,1.888399134777015,3.768027666968143,-8.881929363504739,1.4012004331912857,-1.4236389592865226,16.1915340057476,5.039504039375116,1.7582467812402331,2.5037876339053735,-10.275338088595893,3.1450397246835724,5.673932523138355,-12.395374180972821,4.165257580293098,18.146543864277106,-0.709358181059061,-5.723529295882675,-7.806525940448749,-1.98077486809286,1.5307311387634268,1.8219381223937492,2.3056952298892828,-5.614138567633625,-5.7633209676231605,-11.576429473367197,10.66212945112411,3.877424580117956,-2.4398961693833803,-7.649593555338859,-3.4292848747281552,2.016476433835325,10.487722631050273,-9.387292921629143,-2.992283380652669,-14.368179478072557,-1.5361913887362082,-3.8628100266517142,-0.8593746075237636,4.612503870850974,-0.9723091174689333,-9.321519484794946,2.0717102793361395,-1.8036313280414955,-11.118677196172184,6.913351331749716,4.760801201545878,-0.7870314023528495,-3.4140704957889474,3.5326786595298225,-2.536378989626453,-6.887229308250749
neuralNetworkClass 	class coursework.ExampleEvolutionaryAlgorithm
INITIALISATION 	RANDOM
SELECTION 	TOURNAMENT
CROSSOVER 	UNIFORM
MUTATION 	STANDARD
REPLACEMENT 	TOURNAMENT
ACTIVATION 	RELU
COOLING_RATE 	0.0011
TEMPERATURE 	100000.0
TOURNAMENT_SIZE 	90
maxGene 	3.0
minGene 	-3.0
populationSize 	110
maxEvaluations 	20000
mutateRate 	0.95
mutateChange 	1.6500000000000004
seed 	1646684373006
random 	java.util.Random@3ada9e37
numHidden 	14
numGenes 	129
Training Set Training
Fitness 0.05019815490348871