1.4954380116483135,4.391559609878687,4.5721501906123105,-0.596809993699122,-0.12348021026834921,5.117325357326712,-11.207651860441063,-0.3327618942451256,8.625645097196044,13.263220316912195,7.667593267155492,3.6932891888495343,13.656624472321884,-4.479862555512556,8.095722040238064,-0.5326077878759055,16.339550948095187,0.2600037860027218,-4.750224636656666,11.246040756254532,7.761494911918232,0.012744871324214202,12.663416270516638,15.069565461540895,4.592220348943106,-3.275023460875648,-1.8306146286192684,6.570846042438802,-8.772970776700102,-2.734598150271787,-2.792563192946897,1.3495947976875433,-9.8231119870156,5.086813207833453,-4.865005524890767,3.7461343829869236,1.4115368425019494,-4.562978582398834,-3.221934947735164,1.899765630017205,-20.26567115602112,-13.26904467320519,-0.29825845959767916,7.11549185488876,2.9280944282808345,7.103597573151723,6.458927327010317,-10.260960646003719,-0.5906286883002503,-4.591656239230282,15.042708588434916,1.8537844858954626,2.9138889601463687,1.707794488844721,-9.527901535179488,5.064369853886957,-1.790757815952071,10.273911439518375,-6.16732540853976,2.7204648129395537,1.6412358758497643,-8.128109847756841,2.972927347216366,17.01029623360928,7.718429808236433,1.8470248319159026,6.723934261634897,-12.132752008667888,-1.775040798381852,-3.6337380714958396,6.764271294287157,1.8339995978971348,-1.4752467189796485,-9.813939318257448,0.44387024239842887,-4.382654246956468,-3.6191782405759736,-6.524398170137122,-0.09017264429722083,2.7430110667026466,3.2113252458089576,8.619306284455508,3.2939652746006347,0.4834455333679202,5.289692592334717,11.65504853089018,10.226247711377672,-5.517241289047215,10.019095844390002,-1.2756295735705017,0.0799425948910395,2.0416220182161453,13.372139057440759,4.418423995324236,9.933726735221065,-8.298859255395321,0.38466512300861666,-1.4517074582226845,0.05272164818347491,3.6783690124828663,-6.371868602039433,-0.44923779076257375,0.1447472619971304,16.457312884620812,1.2080513937088746,8.210537628450094,1.3898768263277201,2.0779388727918144,-1.253452872208649,-8.612682909383297,-0.22932643397381813,-10.058123349453401,-4.744896550293033,-0.1189355480936527,8.147286395267384,-1.1828230866735847,0.08916254836507953,3.851237722789627,-1.224121613885532,8.275656935524468,-2.950756463322527,4.975654408176498,-2.9893403463782082,-4.814961355041968,1.2538192585807773,11.842097901307982,11.459091836249534,3.6542555936046277,-16.54277097657486
neuralNetworkClass 	class coursework.ExampleEvolutionaryAlgorithm
INITIALISATION 	RANDOM
SELECTION 	TOURNAMENT
CROSSOVER 	UNIFORM
MUTATION 	STANDARD
REPLACEMENT 	WORST
ACTIVATION 	TANH
COOLING_RATE 	0.0011
TEMPERATURE 	100000.0
TOURNAMENT_SIZE 	90
maxGene 	0.6
minGene 	-0.6
populationSize 	110
maxEvaluations 	20000
mutateRate 	0.95
mutateChange 	1.6500000000000004
seed 	1646684373006
random 	java.util.Random@3ada9e37
numHidden 	14
numGenes 	129
Training Set Training
Fitness 0.050145056072049575