0.8247644440714295,-10.321839467387791,2.8854591112823194,0.9437387102756132,0.5978433907076797,2.400771465341828,-1.349728565288057,5.405142024343088,-0.009699939674836955,-9.707561004596132,-24.125394079953175,-12.625504890683324,-2.284474171430772,-0.10284312091937231,17.39773188909443,-1.3634775321401893,-1.7447680758820718,-10.686097049148188,3.222595731540899,14.336382123262734,-2.479994324098917,18.784391967621595,5.308730456753292,-1.58797215398819,11.938652848546711,-3.091792751371017,-10.910133036236672,-5.974253557644001,-13.928462778963263,-0.7377263175194635,31.829975716847834,3.794871443411319,14.110717355861429,-12.287324822094247,-12.021994358524461,18.84886291097971,-6.071424966703529,14.345363104283825,-17.93639848201913,-19.908702080044613,-14.577359930403686,-2.5850222584319855,-2.1310893613557598,-3.5172114233033547,18.75538242115676,-25.735009480862374,0.5070816557299391,15.054385180640764,12.767322900652967,2.284902167121235,10.963594107202832,-14.653468498358214,8.702604971500701,-7.846944790881675,11.199023443589484,8.970543213642268,-3.9161250754323707,-18.761661137827033,-2.996239391716011,3.9393814944791394,6.204551257532239,2.3684088011237794,-5.461788574888816,8.77785983461483,-6.684880522692504,0.583686816429978,7.333535556276326,-8.017444550358071,8.70994960009613,-17.22306963854556,-2.717995406368077,6.439051609738057,9.13965819615807,7.910897375162959,-14.880065106611458,5.341702998118397,-14.628145894892262,7.680289964256746,2.6983800697091587,-9.94752394412521,5.575692608088795,-27.875480093964427,-6.488304295675908,-21.885783282092383,-6.393697575253334,26.998861623753626,18.32917865146549,4.110912717379328,-4.822745815745847,-19.370643705192506,-1.9575963279071278,-18.21725131466355,14.758853283826758,5.18765751607771,-7.096538122126104,-32.693509310942254,6.027145966764602,17.2179662616968,-1.7667568132155473,-12.958031757231876,-8.336860580402162,18.32006315923428,19.284040438483537,3.8339907686076007,2.8824193206814392,13.925549141887611,-9.078333457473125,6.109268015389295,-12.495894921051168,0.984225136250025,8.630850529117232,3.36899123870897,-11.06424751665435,4.813123144051417,-8.020673340386235,17.450909308881258,13.460607607503155,1.6724127831392348,-6.462440043812899,5.567846289678135,4.490706448761259,29.36631206121252,-8.972126616777018,18.64222372654271,6.372890183428932,8.819793578031414,0.6290292892548415,-2.4972839029560774,-4.8542783930405875
neuralNetworkClass 	class coursework.ExampleEvolutionaryAlgorithm
INITIALISATION 	AUGMENTED
SELECTION 	RANDOM
CROSSOVER 	TWO_POINT
MUTATION 	STANDARD
REPLACEMENT 	TOURNAMENT
ACTIVATION 	RELU
COOLING_RATE 	0.0011
TEMPERATURE 	100000.0
TOURNAMENT_SIZE 	10
maxGene 	3.0
minGene 	-3.0
populationSize 	110
maxEvaluations 	20000
mutateRate 	0.95
mutateChange 	1.6500000000000004
seed 	1646684373006
random 	java.util.Random@3ada9e37
numHidden 	14
numGenes 	129
Training Set Training
Fitness 0.017612260497182758