4.5043689393334665,3.9868490442843223,-6.514172432257768,-2.310563478470522,9.978996797296084,-9.396261485078938,-3.333137991091121,-1.5382333125857768,-5.8187095606037005,-0.3056172251433713,-9.701385791706521,-14.964466059491,0.7558658409194221,0.9237783732007756,8.780231129647284,-2.1707362519050672,-7.785538729786182,14.8612290606096,2.390612331868142,5.300032553098854,-11.186576514166722,-7.221725016013741,8.630505422124694,-10.768148982961213,6.776863370982383,15.092522567971214,9.63236043725471,-2.730226713913307,3.4221265382359274,2.2042068693580763,-13.502540328549967,-0.6503808525244636,9.841435583393352,3.8654765091836065,1.073359870526418,-6.917237702648704,-4.211688589371391,3.656098324466404,-7.06616043052999,7.339585546892986,-7.839400095628695,-9.246443902569624,13.469712754273667,-10.463872891745561,-2.1617996215475492,3.944352071776322,7.660734754814399,-0.770786749433265,2.737316142681885,-1.133501149089172,-8.312981014878963,14.383831919108,-5.817169036740001,-8.501833776877808,-7.148553920395258,7.702158781941263,-5.158451987918438,8.494366969678246,0.8455329379453689,-10.369985618642504,6.0943119629094875,-1.244603923123278,-2.72687974176087,-12.487087028957985,2.4455325662326723,7.765198116118012,-0.20823702755469675,-12.268449419292544,3.651581518085231,3.8156725849256166,-0.495335726120274,-5.383946136223217,1.1077928290762324,-0.9766185013716999,-2.4277754158998945,-0.5342959087203543,-3.8843480427409585,-3.9048085937289887,-4.339065825819974,2.298687354350786,-5.834040331307772,-5.393959483174558,-5.539248191277613,5.210140078756773,4.475161411998168,10.645110289154514,8.281564250089293,3.1034149509036943,4.135057562750372,-5.747961679016852,-2.5308565186341294,7.01412810044045,-7.802343173720632,-0.2391865217591702,-7.733404500596141,7.8699175434236395,11.883417173175465,-15.020567813543677,14.101178638603088,5.262376248917565,12.468269107368755,4.581900799815005,7.626456596203566,-1.799876984271786,-4.77667120910615,-17.10415617783197,9.033036859831757,-3.714338436255712,14.253473401155656,-0.6975485683393403,1.3371200060863808,14.054242766934216,-0.057270227545739516,-6.104570153450235,-11.272172550926777,-3.7866248501726334,7.227105908653538,4.439361829310949,4.580526949497543,6.8851680321104105,-2.380641627149725,7.655989499750854,-3.8950589543609597,-1.9798611436567972,2.3640296754400314,5.517772862009966,1.679660442051592,-5.397560560482347,-6.592504473654154
neuralNetworkClass 	class coursework.ExampleEvolutionaryAlgorithm
INITIALISATION 	AUGMENTED
SELECTION 	ROUTE_RANK
CROSSOVER 	TWO_POINT
MUTATION 	STANDARD
REPLACEMENT 	TOURNAMENT
ACTIVATION 	RELU
COOLING_RATE 	0.0011
TEMPERATURE 	100000.0
TOURNAMENT_SIZE 	10
maxGene 	3.0
minGene 	-3.0
populationSize 	110
maxEvaluations 	20000
mutateRate 	0.95
mutateChange 	1.6500000000000004
seed 	1646684373006
random 	java.util.Random@3ada9e37
numHidden 	14
numGenes 	129
Training Set Training
Fitness 0.07354594987933576