-9.887671654464482,-9.857022144754056,4.091304515172496,5.681846263227796,7.149842092618655,2.034573858502273,6.4238597990015265,-7.851408091236853,6.76465146470937,10.58257886381494,2.5600070303080393,-7.30097484134844,-7.192803344126292,0.03831440522233187,5.089987871258543,-0.15053349696781382,3.5738027854769907,-6.969070039258964,2.7912389674098463,-6.951919646053868,11.564369186559443,14.534189478021728,-1.810797676895401,1.2091126097839604,-4.151175845455592,-8.305904469528855,-1.9987640077119266,8.459985857918866,0.3506835639300814,-1.213471139007332,1.920986049142554,0.3678904530586822,6.6384713607148464,-6.171622604826533,4.001752695485247,-3.0144422439933445,5.1356836092164,1.7574252002714452,4.736055346626202,-9.383553686455313,-3.7826000295661295,8.325569850647268,-1.7452278161772998,-1.2523790695154249,-0.593434304748226,-7.08326698430358,-1.81709611302073,5.434148326585259,-5.184606735638696,-0.7448756506959939,-2.15981978546197,1.1918841692036448,-5.85275111073184,-4.18867973825717,1.1134034908952177,-0.7839296672886271,0.4818194344550122,-0.4570904491883434,-4.196409588762114,-2.4087930696541413,-1.1887335979416793,2.1732605834901446,-0.1853494180007731,-1.6067848940085088,8.57750611747323,-7.633742599271082,-4.448491893281168,-2.99205188381321,0.8806691127957285,4.146652915811122,10.434245160045256,3.050660082400153,-2.8637812461716856,7.04497921428532,-0.4389787258695508,-1.9809167921057642,1.5531270437722369,-2.2872426685024747,3.8661894251936495,2.498317494641756,2.6879317864717143,-6.9919582449183615,-8.178795294274629,3.1587774768477166,-1.4505837984163144,5.993133115959374,0.7145944589640942,-5.601007204409441,1.2860787864116716,-3.8344098978138597,-0.2265745910678767,2.5331024738734875,-0.6665207928779315,-11.139532428118667,4.652382227519891,-1.6915686454665413,-3.219029972194832,5.5160043002676105,3.0677374800591988,4.161584093025144,5.237246102724333,-3.6132171721258004,-4.30783043055756,-5.817961037594534,-0.5684363560708867,-8.682322296172238,-3.3974466922208855,0.200268740752231,10.782403803539896,-3.6412920524890415,-0.61347709113309,8.302966174907946,-5.652220263661576,7.55520485954031,5.764777444451142,-12.149004227023521,-8.15869856916683,6.389504015116753,4.3747699538065925,0.886240822705453,1.3555440602543856,1.6296659883929006,-7.96240584514463,9.411563401470378,-8.42082183855966,4.807529539405734,-1.1564429241665506,-5.886361237705244,-3.7732523366425346
neuralNetworkClass 	class coursework.ExampleEvolutionaryAlgorithm
INITIALISATION 	AUGMENTED
SELECTION 	TOURNAMENT
CROSSOVER 	TWO_POINT
MUTATION 	STANDARD
REPLACEMENT 	TOURNAMENT
ACTIVATION 	RELU
COOLING_RATE 	0.0011
TEMPERATURE 	100000.0
TOURNAMENT_SIZE 	90
maxGene 	3.0
minGene 	-3.0
populationSize 	110
maxEvaluations 	20000
mutateRate 	0.95
mutateChange 	1.6500000000000004
seed 	1646684373006
random 	java.util.Random@3ada9e37
numHidden 	14
numGenes 	129
Training Set Training
Fitness 0.03451576175631396