0.8753166381493971,-11.026590435830263,-3.4810329469671544,-9.304582806497816,-5.703670726395721,3.1602015381404867,8.524602604476229,-1.0244042442197454,7.47374673335327,-17.671427667620094,9.383575018260323,-0.5428852112478983,-3.5280882410709973,4.3342866861755684,-1.1916239307337255,-13.073962034787353,-5.484562592728334,-1.401499045099932,1.0721005672311898,11.103993423871337,21.294464161886516,9.192215835398038,22.65002661522238,-5.281354888962166,9.667337501305306,4.923896322866511,-12.037510143919757,2.805140958265227,-2.105598690529206,13.966793621335219,3.450113566453214,2.75662114706532,-0.21880240645897864,5.834144515080002,9.368899419183684,-2.9086308872844304,2.5754211325210647,4.024179953322008,-6.26964303374254,-4.479989271747834,0.19366155265646157,4.01294172197151,-16.93664969122686,14.722144135848975,-4.498662772845986,-19.713288717060877,7.74363118776456,2.733335925663571,7.158810237258216,1.210728980919174,-7.3170472542413005,4.40020809197825,-7.33845699419355,9.371382360051314,-14.615511839116111,2.2449232524870943,3.1182944165750133,4.894405887498355,-3.9776333881627837,-3.446764790243428,5.380820414127475,-7.028397440624689,5.127345164747512,3.766854010186412,-7.527472467695618,3.1469507306550035
neuralNetworkClass 	class coursework.ExampleEvolutionaryAlgorithm
INITIALISATION 	AUGMENTED
SELECTION 	TOURNAMENT
CROSSOVER 	TWO_POINT
MUTATION 	STANDARD
REPLACEMENT 	TOURNAMENT
ACTIVATION 	RELU
COOLING_RATE 	0.0011
TEMPERATURE 	100000.0
TOURNAMENT_SIZE 	10
maxGene 	3.0
minGene 	-3.0
populationSize 	110
maxEvaluations 	20000
mutateRate 	0.95
mutateChange 	1.6500000000000004
seed 	1646684373006
random 	java.util.Random@3ada9e37
numHidden 	7
numGenes 	66
Training Set Training
Fitness 0.015447399329620052