3.3540592268434404,0.10942921967088903,-3.363435230134007,-8.282198802399002,-9.842527602597874,-4.817504669974385,1.480696546336917,-5.112822269937503,-1.5200808383073685,-3.467348472651051,-16.486522729814254,-6.502820484478887,-9.95757077100707,-6.514983677518488,5.06446575732483,-9.861333331070249,8.442658866539315,-14.727248821492463,4.838862477245694,3.222709073217116,1.530779585879542,0.10028445931128971,-8.403705218525603,11.69420738227536,0.08565847924719883,-4.8997161415735775,-4.985422266083683,1.5914647537333941,-4.8195528480729575,3.470625373115899,-4.881782495341409,-1.5854956831548792,-6.6263759319769004,5.064159353638736,5.033796972628005,-4.790891280390042,-11.67573761605092,-8.449438658458696,-4.829992283666845,8.275682240860132,8.350661165793198,-8.255728196989077,11.41371989571929,-13.116717415505523,-9.815565404819136,6.660708740889314,13.39026620030125,6.70584313041188,3.1037348710865853,9.934065003368499,-1.5373544185650214,-3.465824608711289,4.908510989575025,4.780879857877118,9.775688950932421,-14.799922131755814,13.067189827612014,-8.150778034142364,-1.7189903268862867,3.432442452346873,4.99669653343515,-8.093794370194981,-3.306584975612826,1.5171715388826774,-8.247467870036948,14.722767320458663,-16.33443672527993,5.066421377657811,6.4543566531689365,-14.79725165323055,-5.050667400391147,1.5039235721763085,-18.1506645184634,0.16824438893534754,15.0028491762935,1.8076114017414797,-11.725110279393222,-3.1498032205117923,-3.379435856435947,3.2825663411337924,6.565622175111233,-11.361807126142281,-6.630537491116968,-8.191048048852636,11.39631281057991,16.359708982886033,11.436302164563415,4.753893333935559,-1.5674857606059938,-21.30664729998385,6.472295276264257,-9.736544878861167,8.349598566723046,-5.1321768124727605,9.820460572900572,-4.759491834292412,-11.460324920962725,-1.5599316757788726,-4.839837212137791,-1.6538427829854268,-11.400230580151565,18.184982064813262,1.5915783003213768,11.423897976970562,-4.872699053466338,-13.276141922127234,-3.2934490406843953,-8.41688317892587,-6.787497809771352,6.6325510920092885,-3.3894897421278536,11.423684643557529,6.50062405990619,-9.779218005907664,-16.574222482802774,1.641335768070534,-8.30407586403542,8.080107446726345,6.506438059901376,-1.8136746148256009,-9.958347216513177,-9.801127532008783,-9.90029524740824,4.877993948747006,3.3585940132334926,-1.6698182346447012,-3.1890592736228864,9.946779109104286,4.815112835791496
neuralNetworkClass 	class coursework.ExampleEvolutionaryAlgorithm
INITIALISATION 	RANDOM
SELECTION 	TOURNAMENT
CROSSOVER 	UNIFORM
MUTATION 	STANDARD
REPLACEMENT 	WORST
ACTIVATION 	TANH
COOLING_RATE 	0.0011
TEMPERATURE 	100000.0
TOURNAMENT_SIZE 	90
maxGene 	0.2
minGene 	-0.2
populationSize 	110
maxEvaluations 	20000
mutateRate 	0.95
mutateChange 	1.6500000000000004
seed 	1646684373006
random 	java.util.Random@3ada9e37
numHidden 	14
numGenes 	129
Training Set Training
Fitness 0.03939437098309065