3.126897171037063,-13.90512477085432,5.209369487932638,-20.897786782677436,6.458410471012757,-23.219308671607216,4.604227635019084,-7.894501518277571,12.989320426510847,-10.652156545085033,1.0988582917450138,-7.399687469961066,-10.726741003152211,7.853066692550476,9.648714976458791,18.540939271223756,4.584719409411239,-15.671110588902804,11.146179474488997,0.8132827011739963,-12.895933619984358,-5.090183879082087,0.6265531347812834,-2.1224809822839417,-1.3926831570819553,10.075373257065062,-3.6945372492478823,10.678124974400424,4.319934993235002,2.2865374855541702,-7.060853955001928,-0.06839762014995987,-7.7260426073497905,12.250281173981712,7.960414799538858,5.641661457591685,3.000346697603497,-0.23233743511990923,8.76691694715852,13.643589664385095,-10.606450481497518,9.75410050726908,2.024650704163416,-19.006024587632837,2.602810015689059,1.1661672524309399,9.19850968597589,-7.451082083237791,-0.8151282844380559,7.627444550270015,-4.167032260804534,-2.5866986993593413,-7.604722358222027,1.0166860850214405,-7.570161831321162,22.145667986374953,4.250554185304014,5.664734174186299,-0.9436260294179606,-3.1823224455844734,11.811147286256727,-7.64765822889896,4.565797598326153,-17.39590885254519,-3.3349483055149634,4.259253679416888,-4.426314993213397,3.768674833904342,-1.9653418865029533,2.0356036857831974,5.60744875288973,-1.5366326857829957,1.7344166512743309,2.749889816814205,-7.167500733995237,0.3725121590709559,2.124494652634244,5.713487041506534,-6.142511564394681,3.7109065089331654,-5.264312872137374,5.639869163512195,9.132367019547436,5.523872025643887,4.433411468788286,-9.632595132031078,6.876819557366671,-1.8604929926149207,-5.1562984139976855,-0.44219643819685484,-7.887036736473487,0.5877300646463635,0.08169096585602631,-6.322013835678795,-1.1249695549126084,-1.6223170620470828,-3.69684724516123,13.531358850420505,9.730078382532929,3.764508076614237,-2.8577535091629507,1.3251732066277437,18.317600100160504,-6.211526984643772,-15.996306822552638,-4.206142464522188,-9.397760794459433,1.0838663124714714,5.345184139001529,-4.606092247401566,12.582637257504143,-7.417957485250982,17.065905188359856,-5.60587102360784,18.46077142259268,-6.027555050178494,6.4096336864267816,3.205722747581504,1.299970014026794,-0.11260683767951463,-1.2040521168018188,2.679918494001413,-7.863882204653052,0.4908684461535664,-5.53933629676019,20.94654806682763,3.405395531029545,3.528490589411133,-7.083307543108509
neuralNetworkClass 	class coursework.ExampleEvolutionaryAlgorithm
INITIALISATION 	OPPOSITION
SELECTION 	TOURNAMENT
CROSSOVER 	UNIFORM
MUTATION 	STANDARD
REPLACEMENT 	TOURNAMENT
ACTIVATION 	RELU
COOLING_RATE 	0.0011
TEMPERATURE 	100000.0
TOURNAMENT_SIZE 	90
maxGene 	3.0
minGene 	-3.0
populationSize 	110
maxEvaluations 	20000
mutateRate 	0.95
mutateChange 	1.6500000000000004
seed 	1646684373006
random 	java.util.Random@3ada9e37
numHidden 	14
numGenes 	129
Training Set Training
Fitness 0.015115629463519839