2.698522551501874,-4.352897323491851,2.9645495216340496,0.5871669513988609,2.6967341849913993,-15.234022339979807,3.8804693954634555,-4.4601594286918,-3.6969567876382845,-4.424022261130758,2.7011009086742304,-2.1168855695878737,11.946518519465329,-9.979191593045803,0.7008403754222101,-2.0042508851281444,-4.348797194324689,-3.3693692192177105,0.17155401122131142,-1.5412939069921006,15.933159239210488,11.677780289484112,-7.862223443705949,-17.516979802900238,-5.745832994609664,-12.950933396112726,3.411191923376676,-2.422145089861572,-1.7351849312237553,2.2673089740817804,2.6567985193195494,-4.895518529897032,-1.566580046806033,1.0303066076466552,1.825578751834131,-8.483782536196081,-12.141640094708315,-0.39150614224769065,-3.521582364092061,-10.773840128589011,4.90009554761187,0.903071748288216,-0.3165648569694941,3.923841159661807,9.495313515588446,-8.085540035510144,-11.786178638345323,6.428736271708049,4.229304815397703,-1.4935452012691597,-1.2943195000887906,-20.62715357033308,15.293861398030433,9.924530745726782,-7.594680353711222,-1.1036233486507108,-0.0033557607672478618,0.13726565754376452,-4.5071702816517725,8.719829958258764,10.814150392978235,7.017919120281242,5.213739049065705,2.5226287113721444,6.044076286001662,0.5187401828641764,-0.017068240842094795,1.8126774019519294,-0.7359512060649696,-0.48637463664227454,-4.355047219201239,0.8130734729182674,0.09236535563496062,-2.8547014207985466,-13.967761711912681,-2.428526888939179,2.822557230377404,0.3612276154836942,2.5077342008178958,2.1144140205551114,-2.232738755849411,-4.841959360894462,-4.289211417870462,0.9231927753161386,-7.251940970385606,8.127253844454206,0.3951207830547343,-4.850304809756464,-1.3933875084810898,7.255665968691465,8.405099515681796,-0.2301301451344342,7.988596373381739,-12.468176957175501,7.231476213653304,11.539337027992755,-6.984397442650428,-3.2544930986711176,2.870147406052226,-12.230081544938177,3.8613606435901477,-0.9597591269597299,-5.472561069293761,-2.512328873916763,5.087291418542177,-4.510638978505414,8.722828520172428,1.862306054629105,-5.231416056513099,3.9642406272858626,-4.665057243140824,13.714668787276173,-11.894345943315876,-13.051189667455422,-0.9309116252173251,1.3632572703960442,-9.782979766646934,-12.472446045818998,1.344499678818976,-5.337454748789696,1.2482998151456002,-1.2152832826838056,0.8069036368137823,6.165181934075843,12.858201412966716,2.1005009230052876,-0.7330706036716244,2.7569308556546286,7.756063512509757
neuralNetworkClass 	class coursework.ExampleEvolutionaryAlgorithm
INITIALISATION 	RANDOM
SELECTION 	TOURNAMENT
CROSSOVER 	UNIFORM
MUTATION 	STANDARD
REPLACEMENT 	WORST
ACTIVATION 	ELU
COOLING_RATE 	0.0011
TEMPERATURE 	100000.0
TOURNAMENT_SIZE 	90
maxGene 	3.0
minGene 	-3.0
populationSize 	110
maxEvaluations 	20000
mutateRate 	0.95
mutateChange 	1.6500000000000004
seed 	1646684373006
random 	java.util.Random@3ada9e37
numHidden 	14
numGenes 	129
Training Set Training
Fitness 0.021716851211591028