6.024617573482237,-0.6201109329106345,2.6327469190908035,-0.5819629610507726,0.960720268039756,-2.8931457750612974,-7.006694805722724,-4.144292229255532,-0.5979778315647932,-4.285988928901841,2.858435072235534,-0.05366141100922217,-0.12486610465860792,3.7163669107098967,1.2311723528659044,-0.44192914654964444,1.2440599133204122,-2.9250948817576203,-0.9616695824029442,0.4297499346285134,-2.191035554169555,-14.517710613906976,6.608006802533589,-0.2979005614242949,2.809828343233683,-7.715353828173422,-6.006373568877944,-6.133003008627091,2.4736581303633995,-2.1325611570946172,0.5048597331640146,-3.4107631389377806,0.5341397385315116,-2.6919398747534213,-0.010260322635289754,-5.1264826848944,3.98036583769999,-3.3901257761613053,2.2337854802240784,-1.7447427173604355,2.2565002541568164,-1.4179456292338326,12.050926984707768,3.63720043312392,6.886976045057628,-8.233333296544675,4.937504202339252,3.274626922351924,2.292057370571063,-9.060936622976989,-1.75539450216257,4.530353421988751,-5.013664831448012,-5.680244148963405,1.9954878424217597,6.326557957626316,0.81795124858309,-3.0644507363587277,-1.4661882011525775,-7.386170754902226,-1.0409087400855066,-1.2951717885177372,1.6349027585833227,2.5086963303697427,5.498510331286093,1.9464928239248476,-0.7037611859056083,-4.380743631265398,-3.085400697189841,2.374155241625976,6.74484869190368,-5.265623063472085,4.422725926026942,0.6868132405728851,-1.041713972372193,1.3953057837078724,-3.856674509638499,-3.6956703819566314,-3.857667938254533,2.3993871206682558,0.37744579669488676,2.370654404083112,-3.957436180619763,3.0539340854412975,1.8041886924985078,2.4098355573165815,2.9384083830069967,-1.1458259449164019,8.979722169806092,-5.580525307023442,-2.0227141156807793,-2.2974607686329627,-0.5297253381025087,-4.9766076116507,-1.7970651194561986,-6.332566785409763,6.591752620049107,6.829878080805822,-0.534010835061375,2.64796740496596,-0.5936368906213119,-0.39599222234466946,-7.023632217773821,0.4670170580918853,5.341851339831477,-2.6378763474021856,-0.33398112572711014,-3.191692349989353,-0.6482972048059743,-0.7163220750349959,2.9270437118346884,-12.455899095434262,7.624888677347293,4.9102520662454125,7.424215136085621,-7.631588145011467,-2.168526171698246,-5.236325964201161,-1.6976186827103392,-5.493458327625889,-0.5943651169160535,-0.9852356125299346,6.918239758189051,6.415078315882967,0.7203737058674067,-4.228650427966671,-2.3275579363215195,-2.9326305353089266,0.04844751390984303
neuralNetworkClass 	class coursework.ExampleEvolutionaryAlgorithm
INITIALISATION 	AUGMENTED
SELECTION 	TOURNAMENT
CROSSOVER 	UNIFORM
MUTATION 	STANDARD
REPLACEMENT 	TOURNAMENT
ACTIVATION 	RELU
COOLING_RATE 	0.0011
TEMPERATURE 	100000.0
TOURNAMENT_SIZE 	90
maxGene 	3.0
minGene 	-3.0
populationSize 	110
maxEvaluations 	20000
mutateRate 	0.95
mutateChange 	1.6500000000000004
seed 	1646684373006
random 	java.util.Random@3ada9e37
numHidden 	14
numGenes 	129
Training Set Training
Fitness 0.0332365573952729