7.227469803919956,-20.409684182968945,19.169252359934028,3.4095144097731875,0.05218855561911262,-1.4732375630892829,10.94463505350621,9.128720609132069,1.2088953227558967,2.7459958659675037,-2.4724761682159873,3.490545637309987,-5.8416821068597,-1.8880481714848045,-0.31576465204641035,-3.4614977666677245,6.941380245138292,-0.5623198082172944,8.778902449071284,-10.965846804966347,-8.079074568122449,-14.849635464391206,-4.526972078289752,12.742764284759662,-17.87636944131185,-22.128235067312282,-10.418060962477025,7.360573371071718,-2.764331209076108,-21.745129344457204,2.7332435042226892,-3.668324941781073,-9.42919957969525,2.100512701487686,12.397076285611947,5.396138672496281,7.758367159505157,27.831868449470534,2.25689363649313,-8.607825207688498,10.705131056077356,10.88717044643096,10.215639355493872,2.92409300758073,-0.13391479629753,-2.770397474111884,20.09093450477303,9.512026317536268,1.5473317546387015,-0.5579264384740767,-10.83773229727158,16.530151576249516,-25.01067874296688,-6.6668138328822675,-1.2471592962350728,-1.4025678128605978,-6.231419930531066,2.3146048651361086,-11.953317410381919,-7.222146776449355,-2.0898987993073987,-7.4381094678303725,-7.396191115655922,-10.391903316109467,-7.643107847584117,8.213023285474957,1.1080117609824818,-4.033343571661213,-17.602203615835464,2.311472601255187,2.315388070509605,5.767222048293359,0.6579875981498828,6.129385654322064,5.474434371540154,-0.8513524420905867,-5.779423869568104,4.180598049200454,4.790369021339613,4.089162475585832,7.187541937461148,-3.0598182404570666,-0.45007896221439303,-19.017698521820357,-4.738771855559785,-5.319124953014975,4.20913555975752,-11.139239755717336,6.190175081449888,5.363206113580787,11.419914392702987,-10.595361277400167,0.8161454476899781,-4.6249774482410775,-6.734941812932288,-2.8970419069587336,-6.949788169184776,4.290948546502672,11.544619010627223,-7.788291527382049,2.6553191905341142,5.993977151143224,11.104966896177208,-5.026511262566638,12.609846406957844,2.350870072021044,-5.454356881173284,-9.635623726038848,4.347251583794914,-12.062673174597323,5.275881617471843,8.574157403713642,-3.449533175665289,14.234893568518201,12.497594130874877,-9.267137881148539,-19.695534755487316,6.199541651416961,-13.47835310304935,-4.832200703445935,13.61682634457627,-11.984704722143903,6.729319673553542,-7.832895305200262,-11.37247238835017,6.117937376401425,-9.342878633202549,15.358414999537334,8.01374882819304
neuralNetworkClass 	class coursework.ExampleEvolutionaryAlgorithm
INITIALISATION 	AUGMENTED
SELECTION 	TOURNAMENT
CROSSOVER 	TWO_POINT
MUTATION 	STANDARD
REPLACEMENT 	TOURNAMENT
ACTIVATION 	RELU
COOLING_RATE 	0.0011
TEMPERATURE 	100000.0
TOURNAMENT_SIZE 	5
maxGene 	3.0
minGene 	-3.0
populationSize 	110
maxEvaluations 	20000
mutateRate 	0.95
mutateChange 	1.6500000000000004
seed 	1646684373006
random 	java.util.Random@3ada9e37
numHidden 	14
numGenes 	129
Training Set Training
Fitness 0.011400022583811247