-14.161669424029933,8.53401088551757,-12.576413887812436,17.222645434612048,-2.084149177547535,-3.9392701394379355,-1.1783900858674308,-18.403097265242565,-8.581698314018382,-8.521286059035035,-8.825325064343831,5.940091423980366,-12.805884696777834,-0.08515731215652078,1.1978192519621444,2.305128782681747,3.874212948901238,-12.995459289531441,4.45824297441445,16.993145608634137,8.468715507525335,-0.25436960471482983,5.167090481272881,-0.7237930948669842,-5.30585034275969,-11.118284068241977,-8.327376994007178,17.477635024729416,6.008779898156748,-8.465577790391215,-4.047476098770952,-2.2584381459019855,-2.8042035980227773,5.825297506953918,-4.391061405875247,-0.26142460265998935,4.43370403035482,-6.9628285462020525,16.413208814111066,-22.642946073971032,-3.7696354632045512,-2.0387534859721015,-0.7218794213628641,-0.8299758209553971,-9.328246624817638,4.0101818996899485,-11.796153854921458,-6.204895150352215,-0.45139584929266086,-8.251081476313374,-12.200381897747146,-0.2696609094398692,10.273719251291901,-5.9960273584210935,-6.12346717299371,10.651448528769686,-7.010161284225907,13.008413094782764,-1.312257899265136,4.846279287982069,-6.657433733520676,-0.8762784509428343,4.71064763143419,-3.310057699332228,-4.44503993745753,-9.448781388070753,-5.828422851207426,0.5793865717647657,4.190008888118816,-3.4952777165238498,-10.043225606068782,-1.9511227461252636,-0.07568034056197348,8.512591797112,13.634400973987905,-2.471915031003478,-8.019046646587881,4.051293550445463,-2.7693986238584882,-0.26777356010952236,-5.468543334945117,12.134107047320239,4.358547665172223,1.488934897108571,-17.073255986239943,-4.1124208956733135,-8.807266527228208,6.009264918233097,6.803596449704193,-7.0551858299694725,-13.488346782860713,8.300480821717892,5.638150368892866,13.718673287937573,-8.149644932985009,5.3960031068075605,-7.5701390954725865,-1.1605571574889337,-8.639779533794457,16.893128482632584,0.9490333933288486,1.100512188044985,-2.3333191761853094,1.4418685840235348,-16.331875273725,-1.5979101813164025,-2.9035601320678586,-2.731509712204658,5.471627455501572,-0.5830328878878852,0.5141323585756146,3.7450736572127257,9.25145761024852,-11.476172835193813,-1.9857939225734675,7.8316360667808524,6.094376655642369,-3.537422975289905,8.607177578986505,-1.1298910153221913,-11.844911538243402,1.4626689335221261,7.370265308223044,10.899686219000705,-0.21673887720084384,20.529358481902314,0.45077121870587433,6.190795961464529,-10.315170006039063
neuralNetworkClass 	class coursework.ExampleEvolutionaryAlgorithm
INITIALISATION 	RANDOM
SELECTION 	TOURNAMENT
CROSSOVER 	UNIFORM
MUTATION 	STANDARD
REPLACEMENT 	TOURNAMENT
ACTIVATION 	RELU
COOLING_RATE 	0.0011
TEMPERATURE 	100000.0
TOURNAMENT_SIZE 	90
maxGene 	3.0
minGene 	-3.0
populationSize 	110
maxEvaluations 	20000
mutateRate 	0.95
mutateChange 	1.6500000000000004
seed 	1646684373006
random 	java.util.Random@3ada9e37
numHidden 	14
numGenes 	129
Training Set Training
Fitness 0.027873835400046197