5.276245733043584,12.705771652952984,10.736388809282715,-1.4908193994566084,1.546011488384858,7.7836406907486815,4.033415558513722,-4.191908496723144,-4.577158642021301,-6.047036932179918,2.480980768183981,2.9976614747778765,6.289725660355428,7.303100876317092,-1.279482769991878,-0.8037962099126474,-6.503935267143591,13.941466524471247,-10.381036096927051,-5.79340716448382,-5.92554765240828,10.312518683765017,9.070380230783844,8.408436978977434,10.851766501860086,-6.8641258256635265,-9.760716378103751,4.16900787624234,5.559485141989619,1.06241517371293,2.993246295550205,-10.450959127684364,-10.530027241512244,7.572428958472931,-9.661659588493128,-1.4609545145805498,0.38989982963727066,13.563428434782413,1.1337843178349258,9.769310427124838,5.796750268070172,-2.7341420691229814,-3.175669950641078,-1.5543604560793565,-5.748785120963102,2.8994672599223197,-4.898880719480648,0.25621823026463897,2.7710093123591912,1.4702428908765954,3.598223539003513,5.775867051620105,12.141881373346944,5.682395602009599,-8.233933624688188,7.2622996476532045,6.619314534385181,-1.4979848761256527,-2.9655876611414485,-2.4051399037659396,-9.060336015330883,0.9086077473003087,5.63658769510821,7.049576530193683,-3.137803816144049,-2.242153106917396,3.713087192093268,4.485224774905669,4.153741394513817,3.803471510904086,3.796701698832665,5.933456430533953,9.15539711069449,-9.161620474659294,10.852787676600139,-3.2080946697607633,2.7859597757809587,-0.5854262793864375,1.357282981238054,-12.737455245825291,3.8894934694663164,1.3887217873771522,-4.658439757772603,4.608428745004144,1.8746801265025432,6.564708089225039,-7.1828117962343585,8.92030755901373,-6.9786715390963625,-6.13334012917738,5.815162524797028,-9.859529841722434,-6.055343397740743,1.4755405910481283,11.933146925937807,2.984522560951852,-16.289306815925855,12.399514336365037,1.4807504076803522,-12.917326323305854,7.436380870767946,7.122892129816266,-3.05314497377414,0.9804554785032189,3.9856954006165592,-4.6094179280016085,1.2844861121944806,-1.8053312799457268,-9.361666475244617,-14.165425805158897,4.567707440210215,-5.036300055412436,-5.389748419008269,11.436100180378482,9.22150517339972,-0.7877821392329016,7.5955766378420595,6.491716264442567,2.5596081284922834,6.368617179673926,1.277140754293871,-2.5863292109896125,2.2366791967531974,-4.020566877567315,-3.0818716345591417,12.894521324049803,1.2302943150997407,-0.5416852279593414,7.6000575432273685
neuralNetworkClass 	class coursework.ExampleEvolutionaryAlgorithm
INITIALISATION 	AUGMENTED
SELECTION 	TOURNAMENT
CROSSOVER 	TWO_POINT
MUTATION 	STANDARD
REPLACEMENT 	TOURNAMENT
ACTIVATION 	RELU
COOLING_RATE 	0.0011
TEMPERATURE 	100000.0
TOURNAMENT_SIZE 	50
maxGene 	3.0
minGene 	-3.0
populationSize 	110
maxEvaluations 	20000
mutateRate 	0.95
mutateChange 	1.6500000000000004
seed 	1646684373006
random 	java.util.Random@3ada9e37
numHidden 	14
numGenes 	129
Training Set Training
Fitness 0.022171852950976696