0.8808070983538006,-17.260227765779625,8.718981904301677,20.734319385652512,-0.5157683655483245,-18.595466319949068,6.554951948563167,-1.1525025158294948,-1.2838139863953533,2.5672368120525046,-12.05788785937975,5.68045436164217,10.109980064194309,8.850356443822223,4.745278283166066,-1.6892866585124535,3.2547569971435912,-19.71146418300414,9.180091514757326,1.6451938568437274,-9.284326884486953,-1.3679238597461127,0.4382519248396459,-9.308667255328686,-9.653348622492182,9.111979837294358,-0.1469749962808944,13.457525997602815,1.9933551301455639,-9.01207828013159,8.668095838959612,-7.525616254307474,3.861757902044709,-3.8873665435305096,-11.905671054655823,-0.1658516998365105,-1.857076755015128,-10.10420932152802,2.847975476884856,2.638986635500827,5.93734237046406,-0.21238924186461272,2.9103561939464893,-0.12027324240680315,-9.78759031014004,-2.5230315359419553,10.383029452702397,-2.015032720914852,12.354353235855564,14.310953900306123,-0.6160582093108946,-8.913651304721263,-7.958829728115239,1.0424022354109939,-5.160960529790671,1.9891345765097004,5.315851582957168,-6.100964660106023,-9.029693173545033,0.36810875193413306,7.729415366273362,0.8924654962675742,1.3151782172541004,9.077158065280948,4.051002217079556,5.297419303658948,5.283759091402224,-10.683237194342466,5.607520739347731,11.281151045314894,-1.1307288047050577,-0.053016152480012124,6.168064139361912,-8.449878567720873,0.5736260879065984,8.664389425495443,8.028556445885643,-14.713219301847598,-1.2043423346367002,-1.7497427641883387,6.154845170644215,-1.8397675423496986,-1.135529713829964,-6.256837560564239,19.326622759995963,-3.7665369600929157,-2.1298997008809035,-1.7394299828436726,8.488912798097815,-2.9580073852205873,-0.9333912079287572,-13.246125948727023,0.5152249883323679,4.635405047537717,3.099175064618141,-2.83018281286126,-1.1424154879962796,-6.723936606525324,10.00718334513016,-5.844408316221364,0.5621640995326729,5.795071315931754,0.6827754708360256,-0.083844488548106,1.1750768918136085,-5.212282464721402,3.3291260047596314,-6.0955983565377965,-1.584937779210068,2.931369825102097,-1.3004264750820358,-7.064881516411351,10.066392259608854,1.3958825786410678,3.703820035439551,14.528691974351768,-15.207488253644888,-1.090707644827018,-0.9003443581773407,3.799452990269903,4.272555894509729,-4.739798048473167,-0.18406919827629942,-7.804031063047313,0.6441407568648554,5.1370978922388675,-0.33157058172049503,8.239753777782326,7.1599291584521065
neuralNetworkClass 	class coursework.ExampleEvolutionaryAlgorithm
INITIALISATION 	AUGMENTED
SELECTION 	TOURNAMENT
CROSSOVER 	TWO_POINT
MUTATION 	STANDARD
REPLACEMENT 	TOURNAMENT
ACTIVATION 	RELU
COOLING_RATE 	0.0011
TEMPERATURE 	100000.0
TOURNAMENT_SIZE 	20
maxGene 	3.0
minGene 	-3.0
populationSize 	110
maxEvaluations 	20000
mutateRate 	0.95
mutateChange 	1.6500000000000004
seed 	1646684373006
random 	java.util.Random@3ada9e37
numHidden 	14
numGenes 	129
Training Set Training
Fitness 0.0176453899369193