-7.011689675909542,-6.1374290562193465,-11.204530818169205,-9.462556016951034,-6.715168202499344,-6.552868413402535,-11.660087007139456,-0.6200890421584706,2.925900108172751,10.42347680036231,-18.796094374502623,5.651231275226421,9.554564868772246,1.2272814385451527,3.067482473650564,-2.7908615065246014,0.6713495485078402,17.003189876532858,1.9632842751908015,-12.540862395109981,-1.952190503286804,11.262888473954249,2.6123754669788344,-12.06630683169715,10.787682519054899,-5.374725574366515,-26.098749846509186,-1.2093813443428179,-3.2905535445139904,10.558145091679096,-2.9419752871231974,4.588955324395603,2.5893353826597565,-8.709562466374832,-7.75520618756596,-2.156010366548415,1.20659773020278,-2.9488425662833357,-0.5203841212616567,-8.556084993234961,-10.526983689956026,-0.6842518603608081,5.3855771634766345,-19.770994355463102,6.356444768938945,1.8527595186670585,-6.964134439442807,-2.4099706895075688,-5.326655574601533,-1.1867179131013303,4.422773773527933,7.085980973913226,6.278048261257658,-2.657273429092852,-2.5749673745598134,10.71208738188891,1.6667062160666801,-6.630864415974985,-2.018139309851433,4.3673825194724145,15.541602108632876,4.234321666522675,0.9536012660663893,-10.522980989190447,7.596769169549097,14.583741253653935,2.807801205939091,-6.28216126066598,0.03856285757983713,8.568115650848647,-5.733928611501817,15.476585098178827,-1.7549143503308073,0.5844263320553473,-4.5189471017000304,2.088496998473344,6.196090345421469,-11.303982735017163,-4.415704357212439,-0.19011205249172036,5.3702286291615255,-10.278852043358802,-1.9951570973122958,5.271669554476244,-8.240763149110762,-10.383550006045986,1.7047993883359025,-0.15836190015798834,-12.611104714344608,-7.543652972694776,2.462142296856239,4.941706209432848,-11.535676505379524,0.3716143173454789,12.902522054084343,7.922115079765437,-0.8275854202136008,-0.6901470590269234,-2.5092172387975005,-12.661971720130708,1.1269404217914811,-3.932227275578181,-8.860583769803554,19.20476096238348,-0.6179005731319371,4.9197821605219865,-5.774851042672815,3.8762649068631214,13.368008215547285,-14.270506105318203,-2.9236563781373643,-3.0526577039389142,-6.383122967242713,-6.919635875557704,4.2528857219125875,-13.62657413349694,11.351338548682495,6.498794791693191,-2.513296915699142,0.4826194249424809,-2.003360966474017,-0.9323667884308744,-8.564942056326544,9.973051589914505,13.106131298716612,4.990118099312646,6.770230808356208,-9.255539957556877,-2.195254498689131
neuralNetworkClass 	class coursework.ExampleEvolutionaryAlgorithm
INITIALISATION 	AUGMENTED
SELECTION 	TOURNAMENT
CROSSOVER 	TWO_POINT
MUTATION 	STANDARD
REPLACEMENT 	TOURNAMENT
ACTIVATION 	RELU
COOLING_RATE 	0.0011
TEMPERATURE 	100000.0
TOURNAMENT_SIZE 	90
maxGene 	3.0
minGene 	-3.0
populationSize 	110
maxEvaluations 	20000
mutateRate 	0.95
mutateChange 	1.6500000000000004
seed 	1646684373006
random 	java.util.Random@3ada9e37
numHidden 	14
numGenes 	129
Training Set Training
Fitness 0.019778459867878972