1.2044788614446293,-11.742743471549165,1.7712181047337285,-1.9503556666716353,-5.964429211414709,0.9703344221645418,5.507485882152693,-6.715206811154502,-13.300915166062856,5.3093655708071825,-5.652034511729577,2.0632663058338903,13.098686023017953,-10.470617212604335,11.18153417870896,2.644143550101356,-7.88846807987364,-8.773119198663565,8.254775433324923,-6.030902314457688,-11.75016246192154,-1.868129464731215,11.273996447452136,-9.837911998661689,14.021151239371655,5.320885854830136,1.4928901611408523,13.974780831649088,-1.35255926931357,-12.545310292083576,-5.226913094240796,6.4820281374977196,-5.508246076980114,2.9049727088877573,2.5622612806065828,-6.788963621789376,-3.3826052411252263,11.582387410505364,4.279381168226319,2.6046517853146858,-6.981775924566206,1.013804476903477,-1.9708921441043765,5.773486488126522,1.009868493378523,3.2897285496316027,17.187279141721653,-2.9165937993168303,9.560293065722103,-8.886648241411452,-6.293171525918557,-2.7958015231196436,-0.4356386594475836,1.980778303192663,-4.561585877270861,1.3620347056231665,2.8306850533329477,-6.992508227743372,-2.05754394081443,4.242638438185828,3.800229387396538,5.739189980861558,20.039198821571226,0.6338682857188438,2.4048197391172756,-7.454342987943965,1.9008412510396338,2.225721039164763,-3.850138469632073,14.34438654944086,1.7346945006948529,6.952556270469884,1.4192596969250584,2.9862220732309908,1.138753855379437,5.266643463174791,-10.198304363573907,3.158323046843263,-0.5690100270011706,-4.176074573045871,9.476091004253615,-7.829686354840021,5.411087602406445,-0.2578079628020937,-8.929739752643457,7.437518203680458,-2.8917192845961033,-14.291345415622802,12.820424035272541,2.6607345057239806,1.5013580331591312,7.868206079739458,-1.3395692417668679,4.325041289212619,0.4168310438473757,5.365451929436508,-10.491798698098332,2.1006862038282774,10.418679242667919,0.9428905012821804,-1.6069132119425271,-2.4728567394003544,3.1480123318163233,6.564422760627554,-2.9184993185184007,10.24697987782264,1.8534071981723974,-18.162338440865618,-16.64064251703455,1.2292180086890099,3.92259999508362,-12.849684398620806,-14.981478323327693,-2.367579343397173,2.0836388929498124,-15.634786322265303,0.22064526983523702,-1.7442166395734366,12.988519408441464,2.3353332531516973,4.375440945055795,-0.5879439700886753,5.22475214830701,5.954497324188001,2.171611269111546,7.329167407607851,-4.52977200785148,7.001196375459813,-7.712673601892911
neuralNetworkClass 	class coursework.ExampleEvolutionaryAlgorithm
INITIALISATION 	AUGMENTED
SELECTION 	TOURNAMENT
CROSSOVER 	TWO_POINT
MUTATION 	STANDARD
REPLACEMENT 	TOURNAMENT
ACTIVATION 	RELU
COOLING_RATE 	0.0011
TEMPERATURE 	100000.0
TOURNAMENT_SIZE 	90
maxGene 	3.0
minGene 	-3.0
populationSize 	110
maxEvaluations 	20000
mutateRate 	0.95
mutateChange 	1.6500000000000004
seed 	1646684373006
random 	java.util.Random@3ada9e37
numHidden 	14
numGenes 	129
Training Set Training
Fitness 0.01740380622040131