-3.630996549119436,-11.245311237155962,8.889715401665104,-6.450378421479881,-7.961702481119666,-3.3209430005644647,-2.17391994594316,-2.837646539763096,7.575718269349368,-1.724787198950029,7.522421580327485,0.3802603442457033,-3.9791057963352685,3.8410239181269965,-15.8289112630042,8.481711428447447,-1.8893048414911355,3.464170658470967,2.411586668319724,-6.5309851648512005,-6.161065897357329,7.402220644089994,-9.493115265447742,7.707414703073432,-7.141197854512823,3.6971713378213753,15.522073171686927,-10.682701837522714,-7.40986543898544,-2.4865900957536606,11.814141849781848,-24.840067329353317,-0.6161622306850632,4.512654920894686,0.22564293540031954,-8.174588042544642,8.673546277728597,-1.4084501900415765,2.3964852009699786,3.0873506403378403,8.959805609337934,11.50718935329913,-0.9329124269283264,14.682222507350437,-11.125180313162323,-4.297030924471252,-0.7573934949465739,-4.247895688597665,-6.883969705290141,-7.2782420042137606,-2.6780619708884967,-9.142063389018087,4.364531155905354,4.405502089441692,5.316674720008972,-7.973717610364979,0.7195556287491849,-7.270022561188447,-3.592580043360466,-3.429785913401914,5.951049293617457,-8.704670625665779,6.51120269838343,-13.652996500603127,8.107212394392974,2.0480310013956737,-3.2598350585636844,7.233128578531076,4.31568870074641,2.2865843522092657,2.497302244863995,-2.2618595454844073,1.4117267483868563,2.2071899969730495,-9.874093982991573,3.5069894534268755,-4.0748845112173475,-6.583409631949621,4.0296008221138155,-5.954919570089542,-3.6254879936482127,-2.7092917784151282,0.21910855263014994,2.8705506581084794,3.364662480672674,0.9922906079395517,-4.391713183638757,-2.320106861439532,-13.452071465925268,-0.2852664268014937,1.3315949487165177,-15.527969356506494,-6.295106959622277,-13.478003395930447,-0.2577441474326432,3.122427831863636,-1.0203215305019508,12.49475260537841,-1.8750149037821249,-3.6357788614175757,5.838413872562192,-0.5273681306213076,-3.7296505692051385,3.860378116238026,-9.758944091241341,4.064373996198433,-7.421718837338341,-15.51506484820687,5.762793368795402,4.045327084128958,-6.460214098185164,-9.390865705675749,14.754563472385664,-5.646887387125352,1.0852758929909836,-5.909280375884151,-5.651087295618375,3.634445558617929,-1.824686454196554,8.952296382166868,-0.6820538139373742,-7.419253225945328,6.8614951243003865,5.193125381786327,0.9250374377477808,-6.725925086799032,2.662369642160545,-7.536108026409791,7.708727369777662
neuralNetworkClass 	class coursework.ExampleEvolutionaryAlgorithm
INITIALISATION 	AUGMENTED
SELECTION 	TOURNAMENT
CROSSOVER 	TWO_POINT
MUTATION 	STANDARD
REPLACEMENT 	TOURNAMENT
ACTIVATION 	RELU
COOLING_RATE 	0.0011
TEMPERATURE 	100000.0
TOURNAMENT_SIZE 	70
maxGene 	3.0
minGene 	-3.0
populationSize 	110
maxEvaluations 	20000
mutateRate 	0.95
mutateChange 	1.6500000000000004
seed 	1646684373006
random 	java.util.Random@3ada9e37
numHidden 	14
numGenes 	129
Training Set Training
Fitness 0.01820624068386753