-0.26998954007619247,-4.5900262581547455,-6.434215335576642,-10.999721362285065,16.058514795444406,-10.438568257546681,-5.397680118761432,-7.4173557024095835,10.650029236370008,-3.2532420580922476,14.102447218757332,-0.22991943991047314,-1.4760761949808066,-5.892702955872904,-4.001751160025011,2.333905310497494,13.49682525437711,0.16018480770186017,-5.902427255546305,0.9095538581665839,2.711451134852947,-5.236971390177913,-1.9690420936995583,-7.073147493963619,7.792321090622233,-4.587541847528167,7.864983901850435,16.86073052784917,-7.783283838072597,10.123801147924743,-3.4875973537128555,6.5588016331999075,-3.5548906077576845,-7.245629314368458,7.869022613869608,-7.788766181834738,15.398654572765398,10.685587801351593,14.594420683922676,5.824808228805033,3.6521771563403123,0.5693944388593541,3.978171773298924,-1.4029452495852386,-9.620527658400276,-7.377851024631683,2.4453883504228413,12.857833748193602,4.843573449771182,2.014428134529634,-17.69501891475904,-0.6452809766986549,12.01801283567423,-1.5921035674614883,-1.4188503503840426,-8.843118637950452,-2.7450046098842016,-5.797627921125824,11.047281409252433,-9.79085309203324,-8.765480960300994,2.319118615310087,25.620502473862388,0.13029269832507984,-5.3671692956660575,-0.6939919655994338,2.4644179676825217,-15.07969369143977,7.263171749964906,10.387296301717381,-3.8714330629346723,1.0763177101537043,-12.422477855051085,0.7852296992193963,-0.5234361024917362,3.604197238229588,-13.842017786289086,10.872492312776435,5.130543580928682,6.122286393511699,1.93184909983,-7.884079362647471,-3.8699936599328186,-8.764428573794444,8.146314922021212,5.700035832910537,-7.346195514996145,13.891646299608349,0.6374393569343635,9.037118876993972,3.4916460787330568,2.4156559623313054,1.271027950110085,-4.076885681419657,-5.9871853686454095,-0.9760424528595717,16.620615775507815,-3.611695730654117,-0.061992542333440426,-0.4013784152525295,2.040750952091118,4.472247186055974,-7.67487941461113,-1.3215708805109863,-3.402227865214729,-10.577813716230732,6.8544160119455295,-2.594001643611506,4.1886358257777925,-14.108129124430052,-8.889380273731758,1.4921635579561618,-3.865794001438637,-2.4170361561783915,7.609103721478901,-0.8322909511365149,17.576778406167726,-11.326054811533393,-28.599580519892086,-7.210950456530963,2.8424737156064666,9.171657659490794,-0.78794421271812,-8.85157052470488,10.097489851826086,5.898369694254562,9.798405865286224,-0.6393000663570056,7.333064391914975
neuralNetworkClass 	class coursework.ExampleEvolutionaryAlgorithm
INITIALISATION 	AUGMENTED
SELECTION 	TOURNAMENT
CROSSOVER 	TWO_POINT
MUTATION 	STANDARD
REPLACEMENT 	TOURNAMENT
ACTIVATION 	RELU
COOLING_RATE 	0.0011
TEMPERATURE 	100000.0
TOURNAMENT_SIZE 	30
maxGene 	3.0
minGene 	-3.0
populationSize 	110
maxEvaluations 	20000
mutateRate 	0.95
mutateChange 	1.6500000000000004
seed 	1646684373006
random 	java.util.Random@3ada9e37
numHidden 	14
numGenes 	129
Training Set Training
Fitness 0.011209472801634849