-5.989169676443965,-6.741376616219087,2.3283089378525723,-2.0144805716392344,-2.945752642301777,2.592565003581184,-9.159183975557372,6.66590954250063,3.4110142422592222,0.4846241167371126,-13.616128435623708,13.024650559198147,-0.4528949259444719,-2.0552177710169532,2.4552886132343694,-8.27747798997995,-9.285320450356593,5.347141178475502,4.5194261275026495,-10.545006620529078,2.911922353635193,-10.273510455831465,5.980317502388137,-14.832788292222101,14.150124290301424,0.7233053309108932,5.5397210455508485,2.3831426393500816,-3.859703762211759,5.536656677814993,-10.447810960862538,-0.4121815735020071,-6.741905342959807,-5.924680262752052,-8.970515013968903,7.976253392276067,-1.8701806007416861,-4.634206494784871,-2.7255827512798767,3.1447003995287046,3.803728168406927,-3.3182509191327183,-5.210611214558232,-1.2004742338059664,2.8298992652695425,-4.297186985859069,11.157696098376972,-0.5539029280168171,1.6183564943694249,-5.108559573290561,7.23584940894016,8.094679719071083,2.5291537026079274,7.344995353605659,0.672914461774492,2.93245237082228,-0.1803955320220414,2.686014220972595,-0.11188475743352821,-6.63963956237479,5.382821735949231,5.246988824417219,4.190670181980023,10.63063400508519,4.708221396152916,-12.213138745510417,-1.1839326161100487,-1.2545921814167986,2.5786254684570338,5.994788073709227,1.4307201005051748,3.9389891758007813,-0.3599158868479506,6.542584477338492,-2.3278218539935036,6.215931004321539,13.039523508746804,-1.0593764804998793,-1.1051954483897877,-10.345827641104856,-1.8781919760279475,14.332821981790689,-8.268938782760628,-2.1428756820660375,-1.3882103854520214,8.734703027425915,-3.49371703413252,-3.9993175439121096,0.4784043742441799,-8.32560955651808,0.6600518751528508,2.4207606074931522,-1.4131430981365285,-12.860259553157752,-7.919980873119892,2.42404797222611,-8.408579424976068,7.565684577951155,5.194256391096138,-10.770698034467769,7.255364414498901,-1.0357894467736397,5.795952322822757,-1.3414027094687864,7.85600186373805,-1.494729125747459,-5.760495222943475,-0.052436300596790275,-0.4081573076281657,-6.4997333418965315,2.7497927131831625,5.880750692550735,-5.244689451456505,13.3206137108839,-8.523352245525015,-4.317130224897856,11.418476966316222,5.3522587793993885,-1.245721819448538,-3.741226794052972,11.650742324355763,3.8428701040802657,-5.559366517388927,7.324636459584358,-5.753615248097337,-14.40820980193424,15.214430853725519,13.509924077548867,-0.9136250309720007
neuralNetworkClass 	class coursework.ExampleEvolutionaryAlgorithm
INITIALISATION 	RANDOM
SELECTION 	TOURNAMENT
CROSSOVER 	UNIFORM
MUTATION 	STANDARD
REPLACEMENT 	TOURNAMENT
ACTIVATION 	RELU
COOLING_RATE 	0.0011
TEMPERATURE 	100000.0
TOURNAMENT_SIZE 	90
maxGene 	3.0
minGene 	-3.0
populationSize 	110
maxEvaluations 	20000
mutateRate 	0.95
mutateChange 	1.6500000000000004
seed 	1646684373006
random 	java.util.Random@3ada9e37
numHidden 	14
numGenes 	129
Training Set Training
Fitness 0.027847608313406994