-5.696902529982436,17.57394331663565,13.911822543376461,5.259940314922153,5.917061424225629,4.0531460502944,-17.43724269856012,12.375813331639574,-5.467732956872804,6.678368005593633,6.644238362278411,-10.917104741499665,2.4575342875235577,1.8146272802944559,-2.264701321630831,-12.790142155255463,11.764709249302756,-1.304629011632283,10.120474109477273,-3.6127736223068387,10.886764470380049,5.562779165504226,7.326711195813143,1.429154537643356,2.2835606979676317,-1.748096104794989,-0.5049658086876656,-9.08261762370935,-4.439673900244465,6.331252161237487,19.938012027240262,4.831637931796994,0.8030490374840094,-17.339701049064292,-17.47896345584448,17.169889174132564,-3.6206300550240798,-17.145775813209355,3.7101668259865193,6.039691591849289,-5.725705269889385,1.8758078025814378,-9.915336450074365,-32.419528580336866,5.857255315929329,9.764448885129346,12.627411659730301,7.333834459075607,12.05411642948001,-15.795907873628906,0.7099700958939419,-12.510724018725773,2.918892195324447,-24.264829562802298,-5.169933989612715,-3.5734304169381783,2.9050230010324682,0.9123672737178117,9.29962320298416,7.340370118991215,-3.99265275724611,20.162553342786104,11.982829708911744,0.4136126085549474,-14.660289142637742,-5.30723847406777,-1.4700706314642273,0.24839785256170366,-7.019859945899663,-0.786821205715615,-4.4711601779071986,0.7907704064034062,3.8421676907470985,-10.532883117199633,-1.7678802570379482,12.025285687250324,-0.678219006097387,-2.68063977124943,-7.819479894426864,7.613740656850359,5.639113175143759,13.792650681301721,-2.889637522572718,-4.567599353379951,18.37365056615345,12.266604060484093,5.439408662656682,-1.2586464646163833,0.16789006570861442,-27.498602159105815,18.170811612118563,-16.413581567981502,7.988060241986709,7.734119626780403,-9.12923598945784,-3.7066461829561,0.831688062845898,-2.9812880581543793,0.9765067047037181,-0.6342663532852804,5.610465256188158,6.740993040199585,-12.710136409626763,5.917771738613434,11.715447622109796,1.9448686159983097,-15.905023052675794,-5.114156954668207,1.4391285428448004,2.8122204853191253,-16.58470062764202,-5.315036604803122,5.6170200761949145,-6.374953858221595,12.534854349237596,-10.582410993612745,-3.7879620328661314,-5.991470578516072,1.2752251788371325,-5.872947039739986,-4.2258006703255475,17.8072534709896,-1.866259519448895,-1.1859074421728621,6.6109662993311655,2.6772338821269708,2.9760187099106803,-2.6393295359814726,8.767556932760218
neuralNetworkClass 	class coursework.ExampleEvolutionaryAlgorithm
INITIALISATION 	AUGMENTED
SELECTION 	TOURNAMENT
CROSSOVER 	TWO_POINT
MUTATION 	STANDARD
REPLACEMENT 	TOURNAMENT
ACTIVATION 	RELU
COOLING_RATE 	0.0011
TEMPERATURE 	100000.0
TOURNAMENT_SIZE 	10
maxGene 	3.0
minGene 	-3.0
populationSize 	110
maxEvaluations 	20000
mutateRate 	0.95
mutateChange 	1.6500000000000004
seed 	1646684373006
random 	java.util.Random@3ada9e37
numHidden 	14
numGenes 	129
Training Set Training
Fitness 0.011357984923643104