-14.22639625810313,1.4655256509978631,-8.276017637722004,8.81678146675472,-0.5691578153147816,10.849606631830563,3.9376876923763797,4.127884227305296,-20.573063501483965,-1.5306029802776306,9.024809631953962,-12.780557383991606,-13.5174443719017,7.267422489146506,-9.653127012258171,1.088504063038922,-4.388518221798348,4.161519097782037,-8.747694342395604,-2.775714506710761,13.650178999570938,-19.34770056988745,15.548787221134418,10.568088533147685,0.4177452723689399,-9.96654341483867,-14.185819345926713,1.008670184117391,-0.9503706186285426,-8.755588174613706,-3.1089523571415985,-6.118700578111522,-0.9072858343832335,6.086631709322006,-0.7053719446155666,3.8130188953056443,-3.0430488964557085,-2.3697451143912653,-10.550600978557291,-8.946456662831444,-2.2680301176525255,10.105098640260024,-14.104476621772765,-4.366915504125023,0.9176871050543163,-9.903581064058978,-2.484607554144553,2.374534582896568,13.167727997721814,3.2398465976656077,-2.386740218132406,17.47330817791662,-0.8478127436824758,7.929202099153292,0.37783290251847923,1.6198936419493553,-0.6908067472248787,7.130624087159896,-1.0489168796247128,-1.552795199185077,7.100582624299426,12.203224380034671,4.814767318183604,4.17917580210422,2.7826906749961626,9.321327347619565,-8.773231980893446,2.7992618690515165,3.5265852541922644,-3.2938852566502534,-0.48537596018544704,3.7266001154796466,-10.766493029562598,-12.933191936768287,4.6243271853459635,7.639828021286064,-8.095112313630205,-6.030740852039271,-3.6730821211973055,1.782245743988197,-1.7653136134398117,5.736324709710436,4.310663440300649,2.4823009035906676,-9.33341052094145,-1.7825753888878388,3.0857078224144843,-21.682398284565174,6.096790479122301,-4.541943816196179,6.03272462739092,-8.743571253531497,13.001456335500361,18.236985691960108,12.148815519324955,4.920478695693351,7.143359779444783,-0.17049427753117818,-9.372801224231207,10.783188670226256,-2.2280300747098503,-0.4562424086839387,5.441010151131769,14.64765591550837,-2.9189849208372394,4.261336528954821,8.747137168237359,-2.693812405743097,-6.042688614407014,17.296008987213227,8.670364122051037,-4.354831032275555,-3.1630478246264477,17.62477661914164,-3.1237238377018217,14.7940862071296,-3.484714414958585,-2.6630663575877893,8.503356271032485,11.244356984660596,-0.43332323922904337,9.181250458484994,-2.6210587152314364,2.7136392978086405,-11.174861903028045,-0.2631567029177937,-16.67634169179113,-3.6482055292261757,-10.456989522610689
neuralNetworkClass 	class coursework.ExampleEvolutionaryAlgorithm
INITIALISATION 	AUGMENTED
SELECTION 	TOURNAMENT
CROSSOVER 	TWO_POINT
MUTATION 	STANDARD
REPLACEMENT 	TOURNAMENT
ACTIVATION 	RELU
COOLING_RATE 	0.0011
TEMPERATURE 	100000.0
TOURNAMENT_SIZE 	10
maxGene 	3.0
minGene 	-3.0
populationSize 	110
maxEvaluations 	20000
mutateRate 	0.95
mutateChange 	1.6500000000000004
seed 	1646684373006
random 	java.util.Random@3ada9e37
numHidden 	14
numGenes 	129
Training Set Training
Fitness 0.016236209965662825