3.247488232754298,10.826023557336494,3.311165147094461,-1.0631111558448767,4.030486636588994,0.7933553204045971,-1.412701481034806,-3.55401099256395,9.148603342246554,-4.038933552465455,-2.409993267829301,1.135471560449325,-7.2554890464102275,-8.900325952789045,7.427236978690484,2.6073517446107717,-10.897332988538553,0.5796589202427889,-0.37814071495421064,8.463191629922093,-8.450876671696577,2.3878076193253026,0.4884356067230824,-0.7306721043663842,-6.991751054634424,-15.43026543528368,7.329385203698509,6.111981601991322,2.145725696196628,0.13741446393985157,-9.365995079038127,10.111745085911712,-3.8489984416520624,-3.1174910817581845,15.818882484212125,9.350143629255966,6.3987162999102996,-4.2492760368691425,0.9158187801491615,3.856672292376377,7.777441491061821,2.8093885768341353,-1.3565480809341448,-1.6370873513091055,-10.014594028117168,-7.520102846173618,0.7913562643062226,8.701035955682052,1.4167040845592762,5.108611968179968,-3.099534040990238,-6.242796469096717,-10.90218527787937,-6.635724571212257,10.541250865080617,6.386076910529462,-0.8669152581195849,1.9269339521343967,-4.17884793958866,14.150855593964822,2.8291604341373553,5.622829392734724,6.995360631182725,-1.8260395832343574,4.242178104675751,-5.288333042031255,3.9601026321571213,1.7666867234942174,-10.222147805210273,-12.002879636979264,5.375171222807319,-3.09814776298491,13.67342916873894,-2.1916090422138925,-9.007475849322162,-5.748330711489658,4.251801655455594,10.740086892505474,-7.089655627171828,-9.116226971406565,-4.288092570059076,0.23964505980869166,-2.4729618020696513,7.291541093108139,-3.6941363461190395,-1.904030674428192,-4.762775441972266,0.6805433547080311,-0.2478825457140661,-0.09008717276171208,4.241846707782809,6.191162763716142,4.1452195686476125,-8.333315518187488,-5.562884143390763,-0.7418677467509038,-2.503342008239585,5.982214210702131,4.002073981921214,-2.809064606866867,0.9775153955471971,-0.0900373412303681,-5.72785780241543,-2.845278465934676,-5.617457642856841,3.7716163042935786,1.0160979246366004,4.389589736794507,-0.7534326229365398,-10.885439714951577,4.2265029335818705,5.176798221486997,4.417992033534929,-8.949024291088238,-16.61131704669718,5.643660141715958,-2.7695526916410036,-3.9521398381309134,-2.1890638470954427,-5.5054117780386935,-5.237482899055729,-1.4357753913984879,7.828727466037952,-5.5860442298361335,6.286760395671619,0.6711716260002505,9.038203137600773,8.957142873603745,2.083094536717118
neuralNetworkClass 	class coursework.ExampleEvolutionaryAlgorithm
INITIALISATION 	RANDOM
SELECTION 	TOURNAMENT
CROSSOVER 	UNIFORM
MUTATION 	STANDARD
REPLACEMENT 	WORST
ACTIVATION 	TANH
COOLING_RATE 	0.001
TEMPERATURE 	100000.0
TOURNAMENT_SIZE 	90
maxGene 	0.9999999999999999
minGene 	-0.9999999999999999
populationSize 	110
maxEvaluations 	20000
mutateRate 	0.95
mutateChange 	1.6500000000000004
seed 	1646684373006
random 	java.util.Random@3ada9e37
numHidden 	14
numGenes 	129
Training Set Training
Fitness 0.05796075809302416