-14.898720673067453,-1.9817425183099981,-4.225173636428062,4.2911358417829195,-2.469460928985467,5.207494594904318,0.8699889075395237,16.91512203724517,-1.5811867560840103,12.12387955650177,8.638379975210059,-2.7621427745957945,-12.200471858010744,-2.0874151689944505,-5.400893884599679,-19.161947780965953,1.6916167873107906,2.5714762447356154,-12.100982415115714,2.9098283723450677,-4.070745780011097,1.4659088827691775,-9.071244052791592,-1.0680877754707288,-7.185382518091936,-0.9983961135316219,17.063937738168768,-18.736410053767372,-16.011393812207327,-2.2794701395459205,-11.231694609208096,7.689071200415373,-18.568742132173732,-1.6322783127741243,-2.2601457621655108,4.172720818352724,5.407638881753762,-0.7939536358038506,0.17016939836795153,-1.1409220398943418,-4.308148109470006,-1.0449490541465778,-12.837960588291063,-11.511800190443823,-3.2667447925594413,1.291081317440824,2.6679239517457,-13.263602718481588,5.891747114371325,11.156891271288904,-8.731912538872962,2.518424832611913,16.55276345888387,4.856910531752652,14.472138888348857,8.053143822955567,1.8636537453139512,3.787494339902688,-1.1871390867803262,0.8384122200818442,6.250521744268015,1.0613310497487278,6.37925001635721,11.926573450003922,4.91294566801076,-6.941381058899796,-6.206327353251262,8.538056239918177,2.1490328922066873,-2.648525212891757,2.8075795662731338,8.917302808805555,2.322156521261303,-4.948427867891626,1.6713216998270335,7.709993533310911,2.4455274482511697,-12.099802465357506,-5.632220618090344,-2.2315384989393774,4.335890229922189,0.39381609412631136,3.273977177790579,9.105404889166506,-10.924867232603283,12.633724649293589,1.0833139189492087,9.681534998887054,-0.5820535445492245,-20.988251665272138,-14.112775327186373,1.2600933447512404,-2.9694805252108827,-4.982533783440233,2.6659516711378313,15.441100128410305,-6.110127349926005,14.192621260998889,1.0550769739175445,-1.8887927751450277,-10.943191763388677,-2.278557176710102,6.151254888144617,-6.113690139565954,17.440347005160277,-12.438233460196207,11.721026641746565,4.057089063879434,0.40026584052959446,-13.242458720624414,-15.817195450230582,15.257466016455023,11.234646389757954,-12.147457795768503,4.345047205111099,-12.346650082828255,4.498297853076383,11.080589899278399,10.93974145170237,6.755657205197424,-6.637700928356621,-5.584804132529399,28.86563660529066,-0.7447033854095224,13.015584148627683,-0.04814877177131116,-12.589601376451075,5.629169640583031,2.180831354667191
neuralNetworkClass 	class coursework.ExampleEvolutionaryAlgorithm
INITIALISATION 	AUGMENTED
SELECTION 	ROUTE_RANK
CROSSOVER 	TWO_POINT
MUTATION 	STANDARD
REPLACEMENT 	TOURNAMENT
ACTIVATION 	RELU
COOLING_RATE 	0.0011
TEMPERATURE 	100000.0
TOURNAMENT_SIZE 	10
maxGene 	3.0
minGene 	-3.0
populationSize 	110
maxEvaluations 	20000
mutateRate 	0.95
mutateChange 	1.6500000000000004
seed 	1646684373006
random 	java.util.Random@3ada9e37
numHidden 	14
numGenes 	129
Training Set Training
Fitness 0.014303587998525885