6.240294255905248,-1.503237971780767,3.9504943069909038,-0.4844214039479571,-10.580598615293072,-8.0591777328044,11.307015224603727,-15.009395846614574,-0.7757541538387827,0.7280232645727267,-3.047035778523451,6.13032089951049,-10.51482312334861,-9.112411672407543,-5.469662025287137,-1.4502340141734944,-5.513070759956925,0.7091222868368012,-4.174172475570868,7.509946012408731,-2.9367481713146777,-13.348164712585552,8.978597798239713,30.675434015290342,1.2193242514190246,-2.6887471537030088,-9.162860517401459,11.398538620319524,-13.533380970638705,13.101016411367334,-2.3675348653221837,-10.537546666219958,-10.908026502371984,-1.5461367405091293,3.165782662587226,11.456031789699763,-7.192754912939511,1.1798612206462238,-7.572862668819818,-3.069434492729692,5.938036155622193,-17.658546080804953,-11.082625466057388,1.4541786341805043,-1.2404203273734034,-6.136139176713715,-8.610867801669245,14.082184957808371,-5.175011400979823,-10.604141452377698,-2.1465667498516945,-2.648008823505659,10.605682064576497,-14.430045853567963,17.16680852542141,1.1388599607996337,13.475909345174388,2.5324464002084346,-7.780263260024408,7.5740847599464605,-2.7770993062693288,2.3228551064002465,-2.0094498259131246,4.429859707100832,2.601288177695163,-0.8713175280936785,9.359814734357048,-5.284634866009968,-1.1749565371814734,0.9754557679728997,-10.551451128416634,8.856320855267922,9.50229325255274,-7.616516325674039,4.0495089953541905,10.195495718446125,-12.082021662302322,3.3817448582430547,9.564126837615103,-4.2456050211220795,6.156437170786975,-2.9341910255888752,-3.9614584935085553,0.8865831097018066,-1.4694019928676259,1.2206785192928127,-2.9894654998950365,13.580831273045124,-12.953422520025306,-0.5990803698514036,-6.414974153675114,2.3375172158396813,-3.9179093441313224,7.019439759299763,11.099160634017474,1.7944338239870916,-8.705810944090576,-2.5072517260401685,-11.53113854018552,-1.9815954242292353,-0.4035506484494942,8.474526392077664,-7.022905663945847,-1.8931699143613452,-15.492152284153617,-8.369186350176701,9.419946183478842,-5.491468169530764,1.2251626713594996,0.61910253883965,-7.480026199955082,2.0759885707681565,-2.242140033331003,5.88011953125987,3.6971467836046186,8.75129705201483,10.43901965006805,5.635052901044472,1.4060612611520682,-1.2340763924117244,7.587978820475046,-8.047526848985441,5.803963176413985,-12.200453699127321,2.599969306103853,7.658176263922017,-7.642518557004895,0.4460226212171836,-0.07485883791595604
neuralNetworkClass 	class coursework.ExampleEvolutionaryAlgorithm
INITIALISATION 	RANDOM
SELECTION 	TOURNAMENT
CROSSOVER 	UNIFORM
MUTATION 	STANDARD
REPLACEMENT 	TOURNAMENT
ACTIVATION 	RELU
COOLING_RATE 	0.0011
TEMPERATURE 	100000.0
TOURNAMENT_SIZE 	90
maxGene 	3.0
minGene 	-3.0
populationSize 	110
maxEvaluations 	20000
mutateRate 	0.95
mutateChange 	1.6500000000000004
seed 	1646684373006
random 	java.util.Random@3ada9e37
numHidden 	14
numGenes 	129
Training Set Training
Fitness 0.017734629183088855