8.26451766224129,2.21562620705137,-8.648197596183767,-3.971301833988643,4.491247807250804,-4.0268104250320675,-2.658789192870997,0.1760961326102053,-8.112686985166086,-3.999712893194191,6.25411700840634,4.629460029647241,-0.5039622200440164,-7.497209886398281,-12.387714008163723,1.5318584111700684,1.3724565118953693,-7.576020754554058,-0.3173194513383857,7.446454047975978,2.509635051161263,-2.733735993054509,-7.76503046234359,-1.6087765812130481,0.790955266249334,2.1548599197340312,2.315703916979295,1.042715013915358,-6.219271247720184,12.298073527726904,-6.416247650173677,-4.102713823483198,0.045583211998402096,-2.5429495157431656,-7.587082747912378,-0.5322882788019827,-3.9583565251740884,-5.44145756633678,1.191479633676174,5.8950107612497025,8.857607735374161,-0.8325459810975984,-4.165250808283707,0.41979056727057795,5.82139644254463,-10.618366948607862,-5.974475097042239,2.9843602854269538,-9.291869155855588,3.219569944611538,7.258698390829162,-4.523680106586813,4.729775483099985,7.292376909145606,-2.00993794999349,-3.623716838878943,2.5418569300561353,6.634618603938735,-11.524290168853016,-3.6131534021886935,8.320249932031095,4.164271089060508,-2.012750815618219,-1.5531312772446846,-1.0589003965242476,2.000287489303421,-0.9006312468381585,2.7245784721108413,1.039526698543603,-9.163047313912973,10.920135718906769,-0.31501631913497086,-0.17215919790520218,0.8574122993791082,3.720724304237236,1.8915035438687986,2.9715650414563477,-4.085535636047666,-0.0798944694157444,-0.7712968482706675,7.55165353527545,-9.385094971958127,-10.258444429917164,-10.377539811645072,12.533861018271743,-12.385576828377067,-9.018330760068608,-0.9641523094278526,5.62130192783996,-3.9867584936334026,1.6188925451338623,-9.81653036515677,12.283815617625887,-7.111594910817166,10.73741690139016,-15.666060597391011,0.9378301781982774,4.656821213039979,-5.796395484591155,0.7596438708895441,2.342998089429848,-2.266142041690916,0.35594499772285104,-2.405110292972405,12.286953275053952,-4.114488598850305,-6.194131843943799,-9.772018998132168,-1.4028826644313162,19.067855191756045,6.645569224764428,-9.070269378815022,3.8485623541813387,-1.7943114495661057,-7.479671720900734,-5.889639035046767,-8.370486275164161,5.1330028723264824,-6.8033641283438175,-0.0012971893388087352,-2.468843697282134,4.651089207851448,-11.75623683893886,5.252053937946478,-2.8040158795362897,-8.794187319555675,-4.004755450468646,2.382012644981404,-1.460987075402019
neuralNetworkClass 	class coursework.ExampleEvolutionaryAlgorithm
INITIALISATION 	RANDOM
SELECTION 	TOURNAMENT
CROSSOVER 	UNIFORM
MUTATION 	STANDARD
REPLACEMENT 	WORST
ACTIVATION 	TANH
COOLING_RATE 	8.0E-4
TEMPERATURE 	100000.0
TOURNAMENT_SIZE 	90
maxGene 	0.9999999999999999
minGene 	-0.9999999999999999
populationSize 	110
maxEvaluations 	20000
mutateRate 	0.95
mutateChange 	1.6500000000000004
seed 	1646684373006
random 	java.util.Random@3ada9e37
numHidden 	14
numGenes 	129
Training Set Training
Fitness 0.026676179169528653