7.070675148228656,-9.782202560571813,3.0825596496336036,3.541723421383022,-7.177203167826621,10.012140221957873,1.649174564073184,2.213393214916172,-7.076359875815202,8.20681473047329,-1.434370093638801,4.3477658087932936,15.49385236078221,9.1432511094415,1.4078555681950968,1.5508951011764562,2.2604743931727285,-14.368367385643152,-13.907995955545358,6.367019471024259,-8.46212836096521,-3.4393469730964465,-13.696412427188406,-9.646387706050568,-3.787468003594972,13.806619724563749,-3.068915881576431,-4.6839012005100304,6.9879159140709675,5.885492483288822,12.974849647444303,1.183915772454652,-7.390777760070868,-1.3230033496955205,3.9845953425068705,-8.936111196773961,3.9890998180858865,5.272996924242031,-3.901387021683707,-8.851301455943519,-3.555988024167201,6.66286122411462,3.615348956593694,13.93750219403454,12.277129005859592,-2.083403929395054,0.7728529642516655,-7.857422560029226,0.7572966334755935,3.462077124864992,-2.3559510242774166,-11.539852501079741,15.194802329289606,7.025748734128209,-7.974304378493809,1.875348393433482,-7.496670341961336,-8.88328871233089,-8.793672610158128,0.25059248989882565,-7.536334464814208,-3.5678367941377234,0.44338886565501934,1.1133808426920133,2.2183969962000063,-1.7522901633464847,10.262196604993711,6.463913144468373,-8.971996862689458,2.379099871485455,7.809283449561979,-1.635358337898964,-9.392575993650155,1.1624972721181752,6.200106240703369,-10.746787260250334,3.4383567453244197,-6.20155991898373,2.3460124715275015,-3.2129668539036924,5.666202461333538,-2.6098106119880633,10.727792404183987,6.782001517103922,11.341758602684154,-12.869786451849606,9.953056601924407,4.899734689369048,10.006425423467894,-11.350894857011529,3.492105885586083,-10.533077809214754,12.545863922287353,13.839267814931068,0.8318822883896067,-6.322765389735735,-0.04928318954786093,1.051266128124837,3.6700073501985813,1.6805099045943344,-0.32582507066529054,9.933768972452771,-8.80915843690402,2.005740017289696,-7.235155718714328,1.248571045038826,-11.027082642361377,8.24367383234,-4.470460738569027,4.590221330731228,-1.9279808524494655,0.4316523727527368,-8.655698677959414,0.7253319152374518,-4.493391118394419,-3.7124120915118626,12.383112819075986,3.9896928591547107,-7.907784476853413,1.2317949993832409,-11.877552168846575,13.44186037320588,-1.5211722984550562,16.06467855535699,-9.494025410753236,-14.280065417611928,-9.50974641483412,-6.614917536162814,2.0173950393806788
neuralNetworkClass 	class coursework.ExampleEvolutionaryAlgorithm
INITIALISATION 	OPPOSITION
SELECTION 	TOURNAMENT
CROSSOVER 	UNIFORM
MUTATION 	STANDARD
REPLACEMENT 	TOURNAMENT
ACTIVATION 	RELU
COOLING_RATE 	0.0011
TEMPERATURE 	100000.0
TOURNAMENT_SIZE 	90
maxGene 	3.0
minGene 	-3.0
populationSize 	110
maxEvaluations 	20000
mutateRate 	0.95
mutateChange 	1.6500000000000004
seed 	1646684373006
random 	java.util.Random@3ada9e37
numHidden 	14
numGenes 	129
Training Set Training
Fitness 0.01942594159024439