-2.338997343606822,10.817165588993829,5.825976554710794,9.52122023073296,-10.509170367879141,8.65711065622672,-2.54989017124485,-6.313396579117196,-2.5341346044357618,0.22895753096983995,-2.2719709002840247,-4.866028525341029,2.27792071755589,-9.226371129276082,1.0615454124357013,7.206710510119043,4.148632355767656,-6.798245910040574,9.762435404019609,9.10329242169828,2.60757745044622,-12.402890267924864,4.445767610313075,0.6188193537401894,-5.767085619409997,0.14660644588141913,11.570611469398091,-0.8925062500965444,-1.8914622239122938,15.284701402703483,10.224110165426955,8.463071460458089,-9.192398886249615,-4.594650842514131,6.0945124408961,-8.676658424588707,9.255615700342284,0.0973366409685994,0.8658653069565849,-1.598841015550252,2.9571981920787644,-11.950913587938214,-3.558320071603254,-3.121458881407034,14.0888925938473,-4.503258699214554,6.666991398691339,0.9718242540603415,1.7163588273261965,-10.045417019089632,-3.0321560574751523,-8.115139804001396,-4.512427383387436,-7.630432394762622,-0.38565782425600226,-10.986283630171885,-7.91545301201945,-0.01800165375124152,10.93801534289211,2.0503294670791696,-4.565561006383804,5.5020883911469465,2.5963573678945773,0.8040447177164607,7.536770398089662,2.627401057049762,-11.07299268815329,-2.3310417354335344,0.7568467320715886,-6.4711093103134125,7.221149970548673,-3.438534489302711,-1.3336806427285444,-0.8264997851393607,-0.6796767730489099,-2.5135989847556015,3.8301938306911807,1.0290055105448355,-7.947071781737721,-0.03836062827182829,5.945451342348912,4.462033605797954,2.4263481489493213,2.1900150916491037,-3.4201978540255116,4.3929122394337,0.5276909639853624,2.9138970100405404,-8.76004390161172,-4.638752721302097,2.410780896116594,0.6217445202857128,3.0671512622470747,7.333853756493651,-7.890868207936444,2.2474510484848667,-2.7864591333458906,-0.7980940484913219,6.214246022815938,-1.7377310883155097,0.9463999726461125,10.466901266527147,-1.5043081354486452,-4.094408633225452,0.8579721112883671,1.9552712363749212,2.364020840311766,-15.465145861052203,-7.072867138377031,7.229205082727564,-2.3103032158273553,-6.803699099212723,2.4849118276052735,-8.373514946155893,1.4408168423689869,0.8773433701513893,-1.1207304087082122,7.9648702207240465,1.4395160876739874,0.4977303803527455,-7.4346144462316195,-6.963204192209796,8.661552327716073,-4.419275599893787,-3.533923516741776,-7.102107268315283,-1.3343166201810295,1.8669686327610604,5.052819319375316
neuralNetworkClass 	class coursework.ExampleEvolutionaryAlgorithm
INITIALISATION 	RANDOM
SELECTION 	TOURNAMENT
CROSSOVER 	UNIFORM
MUTATION 	STANDARD
REPLACEMENT 	WORST
ACTIVATION 	TANH
COOLING_RATE 	0.0011
TEMPERATURE 	100000.0
TOURNAMENT_SIZE 	90
maxGene 	3.0
minGene 	-3.0
populationSize 	110
maxEvaluations 	20000
mutateRate 	0.95
mutateChange 	1.6500000000000004
seed 	1646684373006
random 	java.util.Random@3ada9e37
numHidden 	14
numGenes 	129
Training Set Training
Fitness 0.017298139850837866