5.704678994806548,-5.562657957131542,1.6928711978276763,-2.635592411030876,-8.070079194027953,-8.735076066227842,-8.705648831565993,-15.307207294224701,-6.50080891833108,9.630599679387354,-8.537135335516219,1.2557489765788379,4.163462100749641,-1.9232760251070493,3.428832635921612,0.9633907542363795,13.09567579354184,8.362986203464928,-0.8358167812296848,-17.65361265719212,-11.426847690972526,-1.2775004073132905,7.796709437075791,7.26822790168195,-13.766994314783192,-10.738912868263288,5.627814598305592,-8.922155538873406,17.272483367918305,-22.089535865678066,8.970808661806533,-14.279595766913033,-12.59602519043958,-11.696625643633478,-6.234780593023384,-3.2846463530935077,4.0160745900020345,8.608357363685048,19.489563950026294,1.6813782166052462,1.2998152179175255,2.0780513009483252,-11.018138431814146,-6.79579127488744,7.525700363246356,7.204207546677003,-4.989350510815797,7.941519095937254,7.096584462478368,-2.637878153659922,2.142244352321444,5.633022030394004,3.669678923418375,-2.0342012824359275,7.14668733065483,-2.8517781488728744,-0.5993891925279051,-7.623730317194537,-0.9682085878497437,-5.466421141102334,-5.066666530847032,-10.346467973490098,-2.171192212919447,-0.3341235166976375,4.770182341958986,10.462067192523012,-6.162231096031858,2.637090189869466,-1.715867733530458,1.8913683920352167,-0.36136190422041015,5.407595134165572,-5.669329141492236,5.113979287563801,0.08210940153001989,-1.464265559748057,2.0170408872465533,-3.892041837265289,7.23643074036463,-18.811184959097716,5.489321890218951,-3.6268095352569087,-2.868895596451388,-0.5784351423605933,4.536606993846192,4.050711557547639,-0.44037949669015397,-1.955843414647786,13.643562752597985,1.7997835746884432,17.490950458989573,-6.256626559048847,9.962109685130521,-7.966696873331115,-7.435382877139905,4.675532821907571,2.5700342056829566,17.116116657605964,1.950513938921051,6.2109837974588205,-5.701202294564034,-11.888381393604718,1.0689935265531814,10.768212600375,-8.33382132862796,-0.23680954497271678,0.9133584627504261,-0.8361639011200968,7.5924043521315525,1.1025129466660317,6.21133960885434,-4.99781343232138,1.7288477431807028,3.7039435936476437,1.7354091179904838,-8.475452140943995,5.384125866854319,5.691194620169469,4.337313941272315,3.0452821747305183,-3.784622523582864,-5.997109658041536,-0.9935851111618605,-1.7455456490354733,0.8552152975289937,-6.594705377594092,16.64462161088246,-0.48725968390415453,-14.869478655365388
neuralNetworkClass 	class coursework.ExampleEvolutionaryAlgorithm
INITIALISATION 	RANDOM
SELECTION 	TOURNAMENT
CROSSOVER 	UNIFORM
MUTATION 	STANDARD
REPLACEMENT 	WORST
ACTIVATION 	TANH
COOLING_RATE 	0.0011
TEMPERATURE 	100000.0
TOURNAMENT_SIZE 	90
maxGene 	3.0
minGene 	-3.0
populationSize 	110
maxEvaluations 	20000
mutateRate 	0.95
mutateChange 	1.6500000000000004
seed 	1646684373006
random 	java.util.Random@3ada9e37
numHidden 	14
numGenes 	129
Training Set Training
Fitness 0.0692275667316645