13.631159762894894,2.345894846090305,4.244040341726478,14.338590223187747,-7.15529489975602,3.7193840974819006,-2.6548088479249765,-0.5897877544500041,-12.157445435670033,-3.3930422843465333,-4.782438332392868,-11.012716671467887,-14.238873329728843,4.329401237719395,-2.9382005400811817,-1.2118921189400553,-2.9319064007282325,5.484627928124666,0.31444627886916976,-8.312255028146412,-3.3125339503686337,-0.12691909245259758,18.221962662602138,-12.133290935207114,0.15993175514135505,-3.8262193234002417,9.779783959912205,1.671488681874477,12.851032150812234,2.8112367439668136,4.9784874389254234,2.223786320026737,4.000623157044194,-4.456317589422137,-17.226244302518516,-9.100634257900264,-9.974575660158793,9.430822483728157,8.008934432654739,-4.231123647321066,2.49231927334702,0.804519013469835,-5.931410283875774,-12.647988293586302,10.523430480583098,10.368576034754936,0.17857876878138068,3.982838478585178,-14.475148896299475,7.544015755950435,7.442760888407674,19.11812231953246,-12.750724503842804,-0.8460243289636793,-7.531419696219882,-10.10804255788373,6.658629285568419,13.557589033089444,3.183366400422722,1.328992217367773,-1.1038412796444614,7.294945643187832,0.23030137424516628,-2.5249713501295457,-0.24169838968590973,-3.304535180648342,19.657619873772816,4.787756331418854,0.7750156520860738,-5.070252911281063,-9.223290079958193,9.60186553121589,-0.38689477292622954,-7.39979726818609,-6.785602326061939,18.091771797892648,7.7604439503442215,8.368494708153598,-0.5781953712341732,-5.648335978759553,-5.670150237886985,-1.3919372632472529,0.5267774157437959,-2.4034241299758854,21.839729685068058,-0.5522666523932802,-7.320999977647944,6.009663922587101,3.7844705541452246,-13.86234745941522,8.986504318073095,0.7198589306982885,6.950910865061042,-5.2284854483687475,4.129409339618283,12.340543169912035,-0.931911632580471,-2.4107080596458914,-5.438675699034455,-1.8661104209396564,0.34581805813361477,1.0624092385956807,-20.079037803187326,-0.6630168111780783,7.9135134866556776,-2.37146635003627,-0.6238790475433027,-0.255170139964517,0.9140262189212516,4.245894640156768,20.059294745840504,8.241842401207688,-10.461868058558759,4.327275223316526,10.878793157236691,-2.392623417735222,5.553659551187013,-6.708447225325527,18.80134935694184,-6.657623886465517,3.5891104677678083,8.035903512812483,4.801811900290582,-6.6768314631854935,-3.525018580997659,4.63451729973286,16.112622663083023,-10.06506065173291,16.776858624873668
neuralNetworkClass 	class coursework.ExampleEvolutionaryAlgorithm
INITIALISATION 	RANDOM
SELECTION 	TOURNAMENT
CROSSOVER 	UNIFORM
MUTATION 	STANDARD
REPLACEMENT 	WORST
ACTIVATION 	TANH
COOLING_RATE 	0.0011
TEMPERATURE 	100000.0
TOURNAMENT_SIZE 	90
maxGene 	3.0
minGene 	-3.0
populationSize 	110
maxEvaluations 	20000
mutateRate 	0.95
mutateChange 	1.6500000000000004
seed 	1646684373006
random 	java.util.Random@3ada9e37
numHidden 	14
numGenes 	129
Training Set Training
Fitness 0.023726547710911712