1.3083239522088608,12.57021546950055,-12.162466337193004,-3.3454337772625706,8.865381745386248,-16.5552400269534,0.7578120484687805,-16.591911798317447,13.542074294272922,-12.476005108382898,7.355159802917067,-12.43763558740957,1.0833303307993658,3.1890849273257658,12.052322139365932,2.473919298439384,3.9846710380904256,11.514276998698396,3.1484918552023373,-20.091717373046947,5.029704638856976,1.3177985459563466,-21.813325486281656,-0.27785854260624987,-6.412537453279635,-20.066263576605365,-9.563582952630007,-6.069296211212453,5.924913136592841,-6.9603511394260025,11.280462262698444,7.432356134369746,5.9369093483666795,2.389900024707175,6.730376262476934,6.236642277962084,3.956337068587727,-8.69256200785132,-0.36013415957152617,1.780595567836567,-9.945483688793857,10.276972361469175,17.55009620780283,-0.7239936905689079,-3.3158569626557153,9.810245347255359,15.358305698296917,-13.90750496234474,9.044935756318928,-6.130683517926315,-1.099376667157597,3.4902473725790255,-10.904490188382622,-7.6516215210267955,-3.816500953870642,0.6947950244415804,11.12043446603284,1.7254905326101388,-0.7127487968134352,-3.9025688457194665,-1.7039460320425892,7.292622847607074,-3.5047237531577498,-0.3353357436703037,0.9265314572221675,4.097159476056449,-8.352102108037185,-3.082836489979713,-2.1179597531064625,5.761507720445142,1.053161573345787,7.4393239177540025,-2.671211998428162,4.327445318815776,-10.641093838912967,7.796304688759834,1.5878183014305147,-7.479524548783823,7.547063766082498,4.8766761340317935,-10.40288631804966,-14.08511780350112,-5.926060856096577,1.4147281386433548,17.18571538783977,-12.47698696271671,15.190387920102044,5.308353066245552,2.1504733799603155,7.684520905720419,2.854024873067374,3.422068275081311,-5.418523820753486,1.237967059823692,-4.23026398266609,-1.5192980983425226,10.90848723689872,-0.3352546379543071,12.527291373133101,-18.812381907827742,-0.6857891005346319,-9.463460399752517,-2.5255248524829463,-11.353554533364747,11.924618833652168,-3.8001558759687217,-2.286582140225647,-15.384754561458587,10.79098313004259,-13.450744818717705,-9.249142793031842,-13.223345161210888,22.609456697407104,6.193225421307833,2.0374995939244664,7.846524418075349,6.271426220352772,-2.7605385021373863,12.472331343734984,3.1853234745550463,-9.924934585026653,19.851720614051537,0.1010502508709834,10.342600235738749,7.3950134187191505,0.3770659956906748,-7.592362628746271,-1.3127688880365689,6.354539851983027
neuralNetworkClass 	class coursework.ExampleEvolutionaryAlgorithm
INITIALISATION 	AUGMENTED
SELECTION 	ROULETTE
CROSSOVER 	TWO_POINT
MUTATION 	STANDARD
REPLACEMENT 	TOURNAMENT
ACTIVATION 	RELU
COOLING_RATE 	0.0011
TEMPERATURE 	100000.0
TOURNAMENT_SIZE 	10
maxGene 	3.0
minGene 	-3.0
populationSize 	110
maxEvaluations 	20000
mutateRate 	0.95
mutateChange 	1.6500000000000004
seed 	1646684373006
random 	java.util.Random@3ada9e37
numHidden 	14
numGenes 	129
Training Set Training
Fitness 0.02858336099598294