7.2581276652717985,0.882393212272957,-5.155621790459419,-6.679730844261759,5.399867300129151,-9.524360410309718,-6.664663390228129,3.551593962854305,-0.11562043464272254,-7.198860547164964,2.9802134299900382,-7.296938771796052,-0.8420914392445926,-8.306190890989676,-3.120386256274184,12.397977038855274,-2.0752377730781832,5.143938429865408,-3.0224390598261914,1.2494579732560567,-8.229511111903161,-5.5107440422992156,-6.760943228608511,-9.169117762918194,-11.012580839472433,5.559000832075782,-5.621905567196068,-3.49286950436114,12.757248015527558,10.829659006612951,-6.631268511384995,3.9688907384305354,5.2980663811677715,5.8391273456595,-4.5316879114794215,5.64315845408337,2.5734863870266516,-9.819318462014593,9.615909654462273,2.2714255359936093,0.2892387556124394,-2.83976964056167,8.240552864294871,5.2529066108505855,-3.982144899236191,-4.0500494339142055,3.272771875227626,3.243515351028738,-11.455216919580925,6.058504126717971,-10.900503420078847,-7.067840563761046,-17.68048618054265,9.162650923506527,-5.213685960957508,14.584283597360768,9.323039854321085,4.807177862525366,-4.037415704277336,-5.201550384226661,-0.8218066973212972,-1.4203258091009898,-2.4261082062729535,7.315100354171795,-17.167852583789642,-5.296205676120174,-4.897202267879673,-10.102482775785774,-4.969397632127105,7.419257831713335,1.4428434837394732,0.5233347036397369,-11.96909150982301,-4.071055269211088,2.5322344477060446,-1.6191595344017902,0.6166130295427052,-3.0569458820105133,-3.587372932954092,3.1576458851205587,9.928655356921041,-19.962595233908317,-0.9750843063725982,4.640171211873225,0.5686647409530776,5.117564074656725,-4.062090583891106,10.410749862374889,-7.792447692808631,5.542602288322962,0.32726674546550427,-2.46498389477087,-4.002176142911926,-12.288123748095451,-0.06895482215366577,4.575598101505378,8.59077074720036,2.855360109913134,0.9547036352794755,-0.40100099521427435,-3.0500648247999855,-9.95735413399372,-11.417617699642275,4.1609079724249485,-8.020023002522649,-1.762152708783347,-6.727232618599668,11.561042547605311,2.655304666816427,-10.422746999428375,-2.073166408259601,-2.0980190096229845,2.0855688256620333,-1.666322122961085,-0.7387588861372185,-6.332692489581638,-3.2546512176704745,-0.2939224903270947,0.2051488706939475,5.602746119857125,-9.576901882805014,9.935095667055167,-4.040312249110654,-6.110174984883028,9.059650291400027,6.044826319688003,-12.48167252343308,-7.80503336266524,4.399318004284328
neuralNetworkClass 	class coursework.ExampleEvolutionaryAlgorithm
INITIALISATION 	AUGMENTED
SELECTION 	TOURNAMENT
CROSSOVER 	TWO_POINT
MUTATION 	STANDARD
REPLACEMENT 	TOURNAMENT
ACTIVATION 	RELU
COOLING_RATE 	0.0011
TEMPERATURE 	100000.0
TOURNAMENT_SIZE 	50
maxGene 	3.0
minGene 	-3.0
populationSize 	110
maxEvaluations 	20000
mutateRate 	0.95
mutateChange 	1.6500000000000004
seed 	1646684373006
random 	java.util.Random@3ada9e37
numHidden 	14
numGenes 	129
Training Set Training
Fitness 0.018136938211473