0.9246957629966603,-1.0056508528633008,1.4424241368700734,-2.6990425517739562,-1.1725419765646603,-2.126623205593519,-2.41400680441667,0.7082171841799987,0.8341602063002234,1.4692034516267043,-2.4010612752980736,-0.7262755473709026,-2.6882207303623584,1.5786980805041253,0.7589887263852297,0.43570870203174916,-0.6690849487656756,-1.4141733866490864,-1.5035389990349584,0.5052818758381106,-1.2927222298747325,-1.3523551118288881,-2.5733773827099897,-2.4469349668369365,-0.643639280755596,2.3911320486845726,0.2148209784563706,1.579030217225747,-1.8019059729580855,1.744495009007796,2.764385529502947,2.088133260299081,2.2165500420283317,-0.7274836497248005,1.187262597709986,0.1290709340060534,-0.30952521678950307,2.9766476709100687,-1.3113167641307764,-0.3112211388219439,-1.6341576478504705,0.534282161136943,-0.797569988984022,2.964220601719214,-0.19022629243251643,0.46494704555041544,-1.9617495003391194,1.2601455400685868,0.4742460194556495,1.8038201723281322,-0.9899041082144269,2.298986645746017,-0.34348977767038535,-1.4825658021057881,0.766299191610345,1.6016667740591801,0.9273491557004796,-0.08766157883515735,0.330163488171483,-1.1564848602291649,-0.4426633621310838,0.4115680626976119,0.47653648211433186,-0.4066623459940635,-0.15583410807565734,-2.654977377745376,-2.3035698614607316,2.1777484587656613,-0.2077665896249954,-2.375915041362826,-0.9798339400726794,-1.4663330947746651,-1.2991954546678308,-1.0056508528633008,-1.2431447950964032,1.8997814003858027,-1.0493071047046103,0.8341602063002234,1.5904864736347832,-2.4857785012236895,-0.31745746097076033,-0.44282859623342397,0.10629242239010672,0.8569726755296991,0.9487395633764177,1.4781339664736493,-1.8021748111609974,1.4246736287213233,-1.394815760343711,0.48959995854195615,0.8241431143401239,-1.190724743380402,-0.8322741741310464,-1.2885027397450295,-0.5659212589458726,0.8819738189954576,-1.8996488613104663,1.4013471592105144,-0.1295349356582749,0.37199322528537504,1.4824233925587968,0.8870030343494126,0.10629242239010672,-1.0305541944285053,-2.3304692980527992,-0.6799454903657249,-0.8937714112621755,-1.0136992876397934,2.0505700527369983,-1.3892574901311858,1.0500818842164472,0.7082171841799987,-1.2084968333885204,0.6312357743635557,-2.497802969936624,-1.5688198586241089,-2.547868010540161,-1.2980972191368731,-1.9124917271362445,-2.4305419353249906,-2.9760580505784495,-0.16995267229585354,1.7891352949774495,0.9867289967466615,1.5628253491058572,1.4561936420301125,-2.412189455730986,-2.207810294082135,-2.5234039439512275
neuralNetworkClass 	class coursework.ExampleEvolutionaryAlgorithm
INITIALISATION 	RANDOM
SELECTION 	TOURNAMENT
CROSSOVER 	UNIFORM
MUTATION 	ANNEALING
REPLACEMENT 	WORST
ACTIVATION 	TANH
COOLING_RATE 	0.0011
TEMPERATURE 	100000.0
TOURNAMENT_SIZE 	90
maxGene 	3.0
minGene 	-3.0
populationSize 	110
maxEvaluations 	20000
mutateRate 	0.95
mutateChange 	1.6500000000000004
seed 	1646684373006
random 	java.util.Random@3ada9e37
numHidden 	14
numGenes 	129
Training Set Training
Fitness 0.09087421119812582