-6.8972196502577,12.895091063782498,-6.165379681696087,1.6639593697510566,-0.3686150504752064,5.8282584388590015,-12.558123205446151,17.087031922080953,-0.04065524776813678,9.161398904939645,-9.768295324874606,4.877682579947319,-1.933086865556187,17.701909728374467,11.959358363173934,-10.795538729644374,-30.46191476183673,-9.119438650964998,-0.9070919478075776,-2.63955950172784,1.1514331668629856,-6.235841065414654,-0.6067151030198499,4.870107596001855,5.685092071714914,7.381129562380551,16.14187831699588,-1.275848579908173,-6.788657099173873,9.072443819907114,3.684197969458312,-4.023474712932156,-2.543566866691762,8.900788167681664,-11.988566847917703,16.236799498637843,6.207720998566037,2.877661751139744,-18.938689061030743,11.795700556514909,-1.3370749701744638,-12.94891999086424,12.935477547919078,8.582866137052232,-14.264794140419204,-0.1641755173702073,-7.797305391895081,-5.476770997530307,-17.19699796697101,-1.7863136666560049,-0.8145350009826764,5.482073877346274,0.7749877957211551,6.732909058459176,20.112271572443966,2.368696560549144,3.7782148435323,-9.905956695363477,-22.341566972291552,12.354724759316555,9.221446815091229,8.123685205761085,5.445651214149095,8.305545489378657,-5.8641103981214275,-0.7919237907290952,28.22364511506825,-16.178085755961092,-2.448034002895371,-14.16469828308588,-13.133164011729084,5.193706339755229,-7.266520949801392,22.277832548735923,-22.065130376848707,-8.72109843813258,-0.6905470041580832,1.1364115623959306,-8.53216913667693,-7.46172257212328,18.41913678903395,-5.38820466361266,-4.18467284228961,-6.170081468256948,-0.8829000911388638,-21.22738132538815,-18.216813503061665,0.6475327228558312,3.623045795191361,8.695657891525201,1.922337559060919,-9.527302945401972,-0.6050865817115829,-8.58097397621944,20.581507941115234,2.2535398164614335,-2.0959671171793133,7.119341217151334,6.598698251896795,17.27099758247038,-5.552453901518472,2.0006675372718554,2.5159599540734128,-6.641331128105152,-7.104000464024898,20.566035188461584,1.4178241895335417,-9.446580979075508,-1.8570399405141416,2.981604301552279,-14.234199863447506,-4.278726115732454,1.3987015860974594,-4.4609546777254065,15.179681726882405,1.2267717897173744,8.001454799582064,-6.326533488160843,2.6509709025174093,-3.206172220093034,0.5074076664831182,1.6022255363780218,13.364547127017449,-4.057705031307192,-3.4354103282847905,3.7142228022017107,-13.798217760287756,7.326792164126207,-10.674031444935341
neuralNetworkClass 	class coursework.ExampleEvolutionaryAlgorithm
INITIALISATION 	RANDOM
SELECTION 	TOURNAMENT
CROSSOVER 	UNIFORM
MUTATION 	STANDARD
REPLACEMENT 	WORST
ACTIVATION 	TANH
COOLING_RATE 	0.0011
TEMPERATURE 	100000.0
TOURNAMENT_SIZE 	90
maxGene 	0.8999999999999999
minGene 	-0.8999999999999999
populationSize 	110
maxEvaluations 	20000
mutateRate 	0.95
mutateChange 	1.6500000000000004
seed 	1646684373006
random 	java.util.Random@3ada9e37
numHidden 	14
numGenes 	129
Training Set Training
Fitness 0.10480194895508889