6.3707125672440075,6.263360064208842,-5.251669865397875,9.969706312785588,1.961898416021183,5.240896011640216,-1.5770476008055123,6.740239268477419,3.2505154980166306,-5.2423465792920965,11.453411118292122,-1.6880817711658418,-6.279904602652715,3.5223426232517325,-0.28491457201565407,13.332005476975324,3.2954884694246074,-3.074619088088073,18.386946757550838,-3.3366142282679068,0.01502917039520879,-6.8905236045882,-8.142242312276247,1.5046531065884636,1.562083243006927,-10.207113926511816,11.75875487906905,-3.260162787354898,-3.4143113706067556,-6.672401026035713,-0.27833175683395206,-4.790214228853083,-6.715466483315455,-3.0495234667272184,6.467960491784413,-3.6144992996677874,0.3480454662153143,-6.86383612645685,4.717202010290267,1.4870074048949182,-5.207102222151199,-0.36363356453603757,-3.5404728130622107,6.279617349461315,-8.59723026411755,1.3908682592900754,-1.5808500747186045,5.092725548076218,5.173728913942515,4.621448896977494,-8.207052988285737,1.4445658716358603,1.2871350076852246,-1.7293625703937892,14.630149496194445,9.619628333365409,0.17649591865043135,3.0730236168963074,-4.773786741719326,-0.2162766030468557,-1.6757621962358655,5.14762669916741,-3.6640286928679764,0.13496046022535468,-4.881117489724945,-1.4743954993335207,3.2682016978162824,1.6271876733365058,-3.127343421671937,-0.07163394801543133,-6.344223929770703,6.66572292273032,-1.7059123274110495,-3.5630675621468564,4.752584909964605,2.913485643129274,-3.3203248162731365,9.594172198173368,-8.25953252062871,-1.2910784068394872,-1.4667467731977006,3.1073179937804873,-0.3635952574155339,-8.214606803237361,-9.658804358555747,10.068953386333606,6.622265717236411,6.594989540156503,-1.6238567756003315,1.8904393982484975,-0.22357183384381862,5.027991490415445,-4.878534412579905,-1.4074683769161709,1.4686266371330703,-0.017491619565475514,1.8532004423382031,-12.976279533519142,1.8864111226069729,-3.3229156526637773,-0.014255034610840767,-0.02239241391362956,6.443631763286019,-5.337646820737205,1.882104752479795,1.656413638801324,2.978395746160384,8.176102147626924,1.69903731976407,-0.22150695695905487,-0.1700261491025703,-6.500613556921076,1.9819584262122945,3.103513090097544,1.5911656573017043,-18.540383017541423,-3.405989577317916,-8.100264074108662,3.6146632152044686,-2.0101742149863897,-3.5917765379630966,-2.9463770534418483,9.858984594215304,4.591594137771911,-0.3387685741891526,-4.727237109395288,-8.10842017284164,5.062410419270557,-4.988464247302213
neuralNetworkClass 	class coursework.ExampleEvolutionaryAlgorithm
INITIALISATION 	RANDOM
SELECTION 	TOURNAMENT
CROSSOVER 	UNIFORM
MUTATION 	STANDARD
REPLACEMENT 	WORST
ACTIVATION 	TANH
COOLING_RATE 	0.0011
TEMPERATURE 	100000.0
TOURNAMENT_SIZE 	90
maxGene 	0.4
minGene 	-0.4
populationSize 	110
maxEvaluations 	20000
mutateRate 	0.95
mutateChange 	1.6500000000000004
seed 	1646684373006
random 	java.util.Random@3ada9e37
numHidden 	14
numGenes 	129
Training Set Training
Fitness 0.031999990811063236