3.3816772611976536,-2.4126949612912174,-3.202882610352269,7.611902236393329,-5.389833968837787,-7.174850863592139,3.7357723237588756,0.5870420591426555,9.038722963267418,-0.6536693208657729,-1.5704265647486704,4.242182685205244,-2.7735207163022544,-1.9079984225921143,1.5282909365800146,9.80816636957514,-2.173347987887592,-3.927168972393943,-6.090909329630975,3.370151944857435,2.6223813046808253,-2.9975443593995097,-1.3042912564645892,-4.15729913000871,4.355056514523913,5.710694625782224,-0.5488132613584096,-1.1658329109236574,-4.600243700161553,3.766058158455369,-14.111557359261395,4.843007873069107,2.7061009496864816,-1.627374684714153,0.22537424089401803,-0.8670764349679407,1.5739875823025589,-4.220585275577384,6.18111300099265,1.2255392724980947,-0.027649625040444548,3.9509154499981403,15.567470317499183,-5.8213703334884315,-12.714740776804843,-2.9045034443415885,-2.075462705506384,1.5846921471950006,-5.016656921918498,3.6339571422698254,-4.518177620276316,-1.2710339958921786,6.119696348639278,7.863527484417947,2.1962347765694954,-1.9622067294308527,-2.0619040527195676,5.0831782415316145,0.7256382671282662,1.1275160953477794,2.357532902297786,0.8441408276089186,-2.358370363367116,1.830897943680701,-6.239270040941836,1.1250908390195864,-1.2823910483672583,7.332356812836421,3.015491780987306,1.2044910783743452,-5.301860600970995,0.5850932426491786,2.146403563393398,6.6631390417994565,0.5630096960331867,-4.93750567839851,2.350567816498044,3.8980100350874984,-5.105663001862464,9.412989981568407,-2.8852593938287487,-1.0859656984561017,2.5374699780521315,0.7418358083379202,-3.7076017123505984,9.283493339807896,3.216373273706332,5.085094420058391,1.4879414179513857,4.273266069427081,-0.4784041027613011,6.620381605556581,-0.928589234840036,4.338206192214928,-2.7161518253349284,-2.274256296214034,10.360764111213244,0.764473603898935,-14.471364221869182,-1.197673461878666,6.159934537983597,0.7696945239924604,-2.7726830743414297,-7.231704782281554,-0.1204377435009758,0.5773687143600785,0.017375324502003853,2.3107592526030567,-2.0065368561873704,8.380990265570532,4.409620383320965,-7.8007435220523185,0.44756995820297396,1.2988953122034408,-6.467551029912201,-10.381355979303402,1.5392559958357044,-0.806102965099047,-6.0167746552078345,8.921042120866634,-5.226382941740661,2.6423137194006348,4.41425641811994,-4.274224926469522,-1.970533326845274,-10.614954806902636,-3.274236545647441,-2.586953015179607,-7.36853393037711
neuralNetworkClass 	class coursework.ExampleEvolutionaryAlgorithm
INITIALISATION 	RANDOM
SELECTION 	TOURNAMENT
CROSSOVER 	UNIFORM
MUTATION 	STANDARD
REPLACEMENT 	TOURNAMENT
ACTIVATION 	RELU
COOLING_RATE 	0.0011
TEMPERATURE 	100000.0
TOURNAMENT_SIZE 	90
maxGene 	3.0
minGene 	-3.0
populationSize 	110
maxEvaluations 	20000
mutateRate 	0.95
mutateChange 	1.6500000000000004
seed 	1646684373006
random 	java.util.Random@3ada9e37
numHidden 	14
numGenes 	129
Training Set Training
Fitness 0.03371659221562689