0.343995585203027,-15.36269304780214,-5.754551267877364,-3.9291921411776567,-14.258598462061117,7.343597488253998,19.49282614087337,-1.9637303762382823,-4.451113008557906,11.57755440088069,-5.508194324721291,4.5049345692950675,-5.62426006545631,-4.40899366520853,-9.338804309620617,2.367970712623692,2.381243295427728,9.179762949698235,2.654495507743688,2.231447047540577,-28.565359361541944,-10.318303518632492,6.555090472032386,-0.5749658442519872,4.458438951337504,-3.735217462197644,4.889261203301077,-8.846130828473097,14.295138120131776,-8.529049842991812,-1.4173616221722725,17.00402794144523,1.404171550374416,-1.6803009952883716,-3.884816201386231,4.1530562542199,9.747717311375766,-7.41949176423257,-3.018625645613712,16.459855388974198,-3.3276423504025843,10.508706980937262,0.7820973283255697,-8.328599773298865,-7.796599359275518,6.1326100182249474,1.463871576363827,12.56392296202667,2.198905134882321,-13.043604470767075,14.798008708147007,2.483495328440899,11.697735709419506,-1.7678092886871557,1.5696924746955432,2.0065786080748715,6.852705340053527,-1.283130968843679,-2.4666436540609418,-5.679200051145873,-2.1210925612968303,2.2354876585621364,-7.14065162061324,9.19995537149891,0.8135290669472255,-4.173282368498735,2.0505253999065776,-5.081665620507194,-5.168907635678018,15.136476003593685,-3.285108096320915,-4.2850370599167915,-2.53926671309258,3.971487046315449,-5.103050852797114,7.357551277386657,-4.579352581400752,-6.023019333353915,0.6130920528910124,2.2569901129844396,1.8262280600114194,1.3642125402585732,3.0106978669308244,0.4678274262752651,1.5844660233349535,1.046426200196306,6.44816129944993,1.5483608823724353,2.6925337736402604,-4.052705484411749,9.651784595700605,7.867452165519387,7.732692873139825,-3.4848080833947055,0.26826920003702126,6.2173564285862915,0.9008513350984177,14.179415362629832,5.812986409065001,1.7424827718359364,-0.5970220451816086,0.6450124240732169,6.234731662047103,-11.496947945883829,-4.43439011233248,9.496421329949722,10.619492152128323,-3.608323154230261,9.443278270271769,-0.40230586450829176,11.144301959901457,9.872446035940031,-3.8972444699229376,1.5884068566287048,-1.701429130418779,13.138476176415457,15.323541273450344,-7.856145364036797,-11.079011010078851,13.706541267714432,2.465793143166872,8.727930231924777,0.2437997151018978,23.056350373934194,1.3173049723936394,-22.250787586845675,-1.2818425250754313,2.6672257360559115,8.01595295417038
neuralNetworkClass 	class coursework.ExampleEvolutionaryAlgorithm
INITIALISATION 	AUGMENTED
SELECTION 	ROULETTE
CROSSOVER 	TWO_POINT
MUTATION 	STANDARD
REPLACEMENT 	TOURNAMENT
ACTIVATION 	RELU
COOLING_RATE 	0.0011
TEMPERATURE 	100000.0
TOURNAMENT_SIZE 	10
maxGene 	3.0
minGene 	-3.0
populationSize 	110
maxEvaluations 	20000
mutateRate 	0.95
mutateChange 	1.6500000000000004
seed 	1646684373006
random 	java.util.Random@3ada9e37
numHidden 	14
numGenes 	129
Training Set Training
Fitness 0.089527898517833