-2.2488489374677068,0.6784039795337513,16.46815055626,-7.530982101143996,3.7839466134923345,-3.7832740114241554,8.784826162184688,1.8318875342469525,-7.5527953645390955,8.147965545846265,2.2640369831061005,0.4460966866903284,3.926396967816979,17.32940567564833,-2.776584229223918,-0.41493962881980906,-17.9767764591746,1.6037657188341443,15.564890015916555,-3.472285700628812,9.154797248329778,5.120996128885231,-3.5734129473062817,-2.5184670295690985,10.680022549531913,9.11939807189523,-1.353656562504014,1.1548983456169175,-15.415963069667951,-7.864031009088743,10.056178032325796,5.201926498325761,-14.335830659309337,0.9118651683111789,12.76711860205576,7.9121364296040415,-19.625710048155582,-7.086543464460828,9.47547730117289,-7.560566001003052,-18.65674262015291,13.233758634682586,3.171941154425875,23.915681367491693,-0.6171967271765304,-4.954817684946893,-17.36132048011668,7.9403001057905405,4.1040570996715395,10.42600026767183,14.017399005173914,-13.853794253504857,16.951963486836263,8.68178565437839,-0.8298750587572679,-12.290787920877488,-14.730144834462264,4.280289282073146,2.5005219162204124,-3.3553646279240272,-12.02283260970168,-14.365998730389766,-3.9446312663010747,-17.98965637987977,-6.981173567246495,-5.1541363470920345,7.273896426078769,15.019800613605637,12.003048624343773,-12.730853012305815,-1.9648733937933,7.272954638399794,8.695457978757627,-0.34444720593130285,-3.8267348564817922,-2.0453816994175087,2.7261015380289715,-9.223855013210745,7.838628371739768,-6.920717811535686,7.1421139537159295,-4.152230756012926,6.426503628125283,13.37810137284388,19.802455184906357,5.883155878464396,-2.1712358726835994,6.278092429202721,7.512315243326253,9.064695966287834,10.525299496984838,-7.379602118298903,-22.074108243687775,-2.570491957723032,-5.748791131080427,-0.5464227292794668,5.882920304242694,5.1201846596576175,14.455501524632643,6.645369731951183,-0.6037598654957907,4.417645028761333,10.229715762985338,-8.370713094728744,14.760368743691387,-10.339138365246322,-4.478502834807793,8.329073043621797,-17.409162778949785,14.995735114758059,8.657990639628899,8.065893406284246,11.600505302537552,-9.000373648616508,-1.658414397769004,0.09821181994435868,22.606113301878274,2.021793939099453,5.0418615743962825,15.499302910192615,-4.3643027456797086,9.774595909679995,-9.372251975820603,-0.549633212685106,-16.27831038272663,-6.026909907492488,11.414533182266823,1.1247159758320429,16.80457571173317
neuralNetworkClass 	class coursework.ExampleEvolutionaryAlgorithm
INITIALISATION 	AUGMENTED
SELECTION 	TOURNAMENT
CROSSOVER 	TWO_POINT
MUTATION 	STANDARD
REPLACEMENT 	TOURNAMENT
ACTIVATION 	RELU
COOLING_RATE 	0.0011
TEMPERATURE 	100000.0
TOURNAMENT_SIZE 	10
maxGene 	3.0
minGene 	-3.0
populationSize 	110
maxEvaluations 	20000
mutateRate 	0.95
mutateChange 	1.6500000000000004
seed 	1646684373006
random 	java.util.Random@3ada9e37
numHidden 	14
numGenes 	129
Training Set Training
Fitness 0.013407844944270064