2.0567700566804046,3.7874983595345073,-8.236476104965568,8.245875996542942,10.38255101728493,6.081013192305132,-1.6904245280096966,4.346178431479711,-0.6393519955183073,-6.6251840666136435,5.002153010606538,-0.6271237635225795,-8.229364597621313,-6.852817512468706,-2.0644370602004374,-4.616424276332399,21.690011945510108,7.7624258994666295,8.928431184583495,10.071058498552421,-11.401203992736033,10.904432912881909,-5.9738861993150145,2.985586783282577,0.46282569186154454,-4.1533257501163146,-5.118977163539361,15.54221895840941,10.832406806534655,4.7636103806543195,6.52950468894605,-11.991522106519437,4.891325182019347,3.2989296977926013,2.3262376919489336,1.211775615735478,-2.685710684304915,2.873567169697731,-6.301602019411131,-3.7807703259844425,-5.269983097460617,10.326384555419343,21.742478452207436,2.939041936182548,28.078999717563782,3.259206588891826,-5.651975896798044,-3.858255121898983,8.743346834589198,-6.939553097506472,-18.53781445243669,2.2984968525184186,-14.055675446222795,11.514220741965651,14.870909731030258,-5.9837510281134145,5.294745410930362,-0.592869592535779,4.002320624587906,-3.5540371733188447,5.66698544261049,-8.660797427276929,-3.5827570188546076,0.9263221603420995,-0.5191923477820888,-4.618104756257494,4.636953327010113,0.14181649715723132,0.43801815111877573,-5.499523830872189,-5.420301022632929,-4.637601769305686,-10.84895230325589,4.747737335280716,-7.8468005601325075,11.138081046743507,6.9219382613358125,-3.4484168675647187,-5.3248599155785,3.679944958622926,-5.499593026175449,8.647040120040828,-17.613691226260073,-9.207266127505775,0.8065962107217093,-4.7093986859202275,2.257345793209998,-1.5115228498322217,-8.39222350988628,-5.4014996551070675,13.11075071818823,-1.0848047453929048,10.995114645638438,-7.696932881966548,-2.0353436772961278,2.1128599974551303,17.049711309383543,6.014858614850473,10.489354403367766,-4.873832096033304,7.028652973432024,8.070179655973629,10.557623408443787,-8.62525105098848,-6.1071249472681775,0.17438615191013263,12.209996785407277,10.25024777429419,-8.096226509364778,0.47758503774662486,-11.56573900576991
neuralNetworkClass 	class coursework.ExampleEvolutionaryAlgorithm
INITIALISATION 	AUGMENTED
SELECTION 	TOURNAMENT
CROSSOVER 	TWO_POINT
MUTATION 	STANDARD
REPLACEMENT 	TOURNAMENT
ACTIVATION 	RELU
COOLING_RATE 	0.0011
TEMPERATURE 	100000.0
TOURNAMENT_SIZE 	10
maxGene 	3.0
minGene 	-3.0
populationSize 	110
maxEvaluations 	20000
mutateRate 	0.95
mutateChange 	1.6500000000000004
seed 	1646684373006
random 	java.util.Random@3ada9e37
numHidden 	12
numGenes 	111
Training Set Training
Fitness 0.016417167310630393