-6.649579690180376,14.381197207751406,2.3273537343263353,7.152149648507955,13.773809877621726,19.90831221839538,-9.173160674601165,17.200117380325498,8.46351544062598,-0.9591012642782291,-9.75236343085005,0.14165605723975894,-16.39184337575678,-5.737386371299738,14.282207294602921,-6.085112426332836,10.36580376666995,-10.246884811490458,3.783344526225683,0.812668753997368,-7.156326218016909,2.9033473142380712,-19.779598128671594,6.109167147451245,7.795709739691853,2.5888023164343394,0.9521301494954466,-8.605150412943544,-24.05835663999175,16.09762845576488,-5.544535310768664,6.769675757154449,-14.04549726702585,-17.33682465961504,-8.663284201628262,18.790775683136964,-4.705615387245485,-3.1091870054854027,-14.173775319296142,1.5548700124896904,3.384669036652756,-15.453414209030395,-6.230344624110758,0.6671803074732328,-11.11728345665887,-12.759493725187784,-7.2712952076524875,-1.7924410776243231,12.390446333356905,-0.9099793007095718,-9.95888064219862,6.8010521706322145,-1.6689503483240635,1.6394145815147692,2.714519405572105,2.2340967568540906,13.036459530556085,-2.7113346569040653,-2.1593609234899684,1.7790309716045964,11.096048809938882,5.000475735715764,-2.1337995609589484,3.148590187882032,1.7603944343558648,-9.193036914582796,1.543749097091096,-9.45146390502412,-5.575197713853281,6.777709226034926,-2.4896104044062346,4.330558113197513,-4.914353691721788,6.888613107110071,4.15446422044937,-15.08093370359426,-3.731564375460769,-0.6037797045069393,0.9798346856623965,-0.30551928773878245,1.0698829757156059,-8.075059133189711,1.8645286544645217,2.762107607147067,-2.4628935683301236,-1.1352030139210378,2.6851269980752823,9.919675557327086,-1.974543217318054,4.455081419171618,3.240375810411294,1.9080880517922738,-1.617680373692517,-10.25546190741664,-9.39288337791577,-10.961061017326214,12.447606018322771,-0.4785885469261295,6.848735326742631,-1.8611864063411847,-11.90750182614823,6.396948300894371,-9.479054492172507,-11.215611029572228,1.5363813168018101,7.653666380874832,-2.3181756976961,5.873827880611492,-2.512250019043684,7.1849391328816505,-17.537367021405174,-3.4610521098796276,1.3982355369626687,6.955184107142477,-24.506937574392737,8.799128015262788,4.8997647640677755,-11.19982860808154,9.749152722147292,-1.758097263782389,-1.1867868648790196,-4.835292438889624,3.404245702356673,-1.0633229104939383,13.422781254650554,1.1401801004535006,-8.687061030408413,5.3469790997015565,9.253679002600794
neuralNetworkClass 	class coursework.ExampleEvolutionaryAlgorithm
INITIALISATION 	AUGMENTED
SELECTION 	TOURNAMENT
CROSSOVER 	TWO_POINT
MUTATION 	STANDARD
REPLACEMENT 	TOURNAMENT
ACTIVATION 	RELU
COOLING_RATE 	0.0011
TEMPERATURE 	100000.0
TOURNAMENT_SIZE 	30
maxGene 	3.0
minGene 	-3.0
populationSize 	110
maxEvaluations 	20000
mutateRate 	0.95
mutateChange 	1.6500000000000004
seed 	1646684373006
random 	java.util.Random@3ada9e37
numHidden 	14
numGenes 	129
Training Set Training
Fitness 0.021266636947320332