8.185079840981441,3.470167772020819,15.176004250409518,6.306401124410698,-8.12299980466302,-11.925017629621081,-6.664241291966742,-3.3924085054776025,-0.33711501020716206,-3.447160954952335,3.5588814069323984,-13.251600316201497,5.148736641534785,-4.682543465735744,-11.771695730508766,2.0209802514969084,-16.151537208528524,6.396508146052479,-6.567508474027445,3.4959509655609278,-1.914068271567165,-0.3312508220226409,9.799413910325534,1.3255616464450966,1.54993402753672,0.24397147840037814,1.3715863421979817,1.939255012675848,7.974672680329868,-2.017757054585555,-10.201051193484602,4.781660758617665,0.21636298034650592,-13.074501753745583,-4.793354546025313,3.1997484703445958,6.787575462075255,6.896673526060595,13.22111020710644,-3.447006559317944,13.09140115132971,1.9911161300893183,-1.3324048884236221,8.05562261305355,-3.45616028071945,5.140140526660454,-2.978588551539409,2.9636092948935,0.28741810612759355,-3.257792459401296,-0.2684512570822051,-1.9145120961042528,6.539458355749062,-4.972232288653858,14.882602880995512,1.532420925489081,13.283684876069382,1.4513666930750109,-0.24188726571556796,-5.052374474400471,9.568261840672083,-4.820269784253246,-1.6323618617782323,9.910043485345266,1.2772659083158988,-6.542962236272423,1.7720643691342448,-1.844136585474117,-4.785624280692628,-20.06391118111363,-3.356608069687958,-18.324660110185462,15.247631600970356,1.5785743168088082,1.8793487691731232,-1.4481892604142024,-2.0365191490955485,-0.06156990875764112,-1.591679145262293,-9.793552147175932,-1.361883424246619,-6.867392445158787,-10.09063131761325,-0.011444125817764217,-11.53620729174941,-4.794597374393842,-8.370794558083903,13.063749397598272,-5.332848007937152,-1.4049188252467122,-1.755612953602208,-12.938227081601687,-6.321543729900505,-8.149156386924526,-7.917959730286416,3.6077499895203946,-1.546226168818106,3.632980343431214,-5.284024185803668,-4.97372005808488,3.218976760392864,-0.35832205630425484,11.280549287980216,1.526733136888594,-6.2835990236441,5.2379769369183435,10.067418464666238,-4.892119850680968,0.2670351763551171,0.3961633949067549,8.542805197617415,-15.136218909897298,-6.270690590298264,5.177658012799743,14.741192864194211,-3.2962741275502,6.990506014818404,7.86893543111475,10.001260999870288,-1.5671078324542838,3.2228105383298473,4.783010659489245,0.2935692389340847,-15.137840350472917,-8.349523301176415,5.089252008833784,8.175851977757155,1.4441969213377197,8.351932036829098
neuralNetworkClass 	class coursework.ExampleEvolutionaryAlgorithm
INITIALISATION 	RANDOM
SELECTION 	TOURNAMENT
CROSSOVER 	UNIFORM
MUTATION 	STANDARD
REPLACEMENT 	WORST
ACTIVATION 	TANH
COOLING_RATE 	0.0011
TEMPERATURE 	100000.0
TOURNAMENT_SIZE 	90
maxGene 	0.4
minGene 	-0.4
populationSize 	110
maxEvaluations 	20000
mutateRate 	0.95
mutateChange 	1.6500000000000004
seed 	1646684373006
random 	java.util.Random@3ada9e37
numHidden 	14
numGenes 	129
Training Set Training
Fitness 0.0560009413046634