-0.5747682563912822,-9.84497737817282,-5.24647820177011,6.264253740957706,-5.667926641004067,2.77077539733323,11.92343177730245,-1.4232552154710314,-1.0412293303150193,4.204056596789055,5.485264771747412,12.473540432477904,5.987595501742858,4.063221141880611,2.130201035930676,9.060718156347326,-2.7624374470214104,1.1458167342327163,6.149013987781199,1.1913418654730137,-6.040310103864085,-0.26702223342321396,14.516455416612542,14.129668170726982,0.9719211556804943,-7.317513702536665,1.2246004632424263,-10.563060987977087,-9.32865552392415,14.215850527120237,-11.329444578363638,-6.359679515097046,0.8312626223557258,-1.3134554109026024,12.392611822658331,-3.6929050978905,-7.651906006707916,-11.65414458711058,7.825095564885576,-8.805739827037911,-4.80199617581958,5.4395736942915605,-7.2941628548543544,-2.8207638644969575,-0.1544130961213135,7.173067107016999,-8.97864520156974,3.3504269875712964,-0.48315388008176363,-2.175930845134668,1.513521259455377,3.9469331348875176,4.406132572859072,-13.788186617180216,3.197649726651454,7.734753636988412,-16.618367312226184,2.9979406637131447,6.505612712907844,11.042368856190587,17.83641553158146,3.298903735888439,1.3187752919277784,10.051635731613512,2.4019665317291894,0.1313899641366607,11.094195563248782,-0.29951859709881035,-10.051435292610488,1.8915798052713102,-12.23627655028105,-6.24808024789078,4.391776556541445,-9.264144067304011,-5.300709841981368,-4.780530141990943,1.6567629745623478,-5.365124929867979,2.738864293558434,4.2620973804235565,-9.377980425033044,4.064710588042443,-3.4937878883074074,2.022348556831661,-3.478411790677586,0.32807079417001983,7.133779209016482,3.2793933057029783,-4.970294403313092,0.015396853697623225,-0.3883232537527217,1.474240321356998,0.4342699015045559,0.1199366429567057,1.5369328864306127,9.287434354690978,2.6254336813540338,0.3626939183052551,1.6258355679060923,6.310093208815498,-6.316949148344101,-6.73755736644789,14.028371670400977,-23.35281352254549,-5.958373803026177,3.502798026187155,2.5974328056783555,-7.72249018010559,-9.40615881989294,-0.7973694713697324,8.316635478178949,-3.8321514443793188,-1.0363515468843936,6.037905748723777,5.4792701490661795,-7.8506223020819075,2.1873508240231745,5.642331557995677,1.087071435498748,-12.93761092777224,-6.363997779280981,-12.419011402429144,3.30116623533923,4.2609840976580955,3.8448900288528503,8.145418803236456,-7.171263582723077,3.642414833890242,-4.1142204731539795
neuralNetworkClass 	class coursework.ExampleEvolutionaryAlgorithm
INITIALISATION 	AUGMENTED
SELECTION 	TOURNAMENT
CROSSOVER 	TWO_POINT
MUTATION 	STANDARD
REPLACEMENT 	TOURNAMENT
ACTIVATION 	RELU
COOLING_RATE 	0.0011
TEMPERATURE 	100000.0
TOURNAMENT_SIZE 	30
maxGene 	3.0
minGene 	-3.0
populationSize 	110
maxEvaluations 	20000
mutateRate 	0.95
mutateChange 	1.6500000000000004
seed 	1646684373006
random 	java.util.Random@3ada9e37
numHidden 	14
numGenes 	129
Training Set Training
Fitness 0.015516049523343282