5.34116150520629,2.6176455582080145,10.514994005060256,3.9987337781236043,6.007145403294599,3.4186100135172266,-1.4412687685345436,12.035660917725894,5.297212224139949,2.042182098350752,3.0512361654909474,-2.294939091668227,-1.4370346513155372,1.5633393957865795,-0.15306506497056027,6.5989936347882026,10.382823951404708,-7.607142469885689,2.3314908261697553,7.243694729425345,-4.896140334316177,-5.951033719147613,4.359094245449812,-0.701416621469054,-4.125930076990691,9.989371067514485,-11.633687553403691,-6.156683648419923,15.516929153207688,-11.134065382804568,6.421962981123775,-0.48501386504779287,4.037171869391566,-1.3392066774124354,-3.0966704492436516,1.047792117849454,8.62136829794424,-6.603328931734124,7.457399215428579,7.795253105874133,-1.7910341899502749,2.685635574659453,6.01165948512797,6.980260665755667,0.40907455594724595,5.189527612160239,4.392354038167696,-6.778992175836992,-5.1746100634630885,-2.0882231450739894,2.6889538015986183,4.171061984050796,9.776249004318425,0.6243035196113285,-19.028040343520694,2.9895865505183172,-7.291068031781914,-10.795311665397909,-10.52298564015889,-17.177052868521095,-5.843074643776118,-6.132220182873846,-22.28834337199318,-5.268323080551755,-0.024025003133641754,-5.3276108371698445,-5.328084651334503,-4.562994481417779,3.6193658747589756,14.117708215748275,-4.625704697086359,-0.6111065993203448,-5.775023522414315,4.2155749860416325,-10.785430064912964,-2.877252519391007,-8.963739759867586,1.8336868523203682,0.758152116908227,-0.02527371294422398,3.5664225560840626,-4.248645766264817,0.49767857347000977,-1.084220197474493,-13.91033387079854,16.903366298938543,-9.31820503750457,0.6923025516522241,2.705488858209046,-0.39097057624500753,14.924997281156188,11.976511253637504,-2.9783720358395893,-6.1575825724851985,-1.9482628369670199,-0.667603776062176,1.3883518540195254,-4.353636465880163,1.1588618847575933,-12.556673715438212,9.941413081152424,-7.573296621854764,-6.651182281022578,-0.9748757415738947,-8.176916781293388,-3.415234211240307,-8.508093054146197,-5.9363367264988725,7.150299853357241,-11.494909786666268,7.769243372288349,6.86876728907991,-14.76393267597251,-6.338163408713736,0.9789169348952003,7.2264365921501845,-10.605141326646349,8.191334975193504,7.60623208062496,-4.690848891195536,-10.875120755348208,5.599708591659658,-12.585253739011192,8.569238028819477,1.059660195198811,-1.2165115454111612,-4.491805345702098,13.043028222587898,-6.781441370188363
neuralNetworkClass 	class coursework.ExampleEvolutionaryAlgorithm
INITIALISATION 	RANDOM
SELECTION 	TOURNAMENT
CROSSOVER 	UNIFORM
MUTATION 	STANDARD
REPLACEMENT 	WORST
ACTIVATION 	RELU
COOLING_RATE 	0.0011
TEMPERATURE 	100000.0
TOURNAMENT_SIZE 	90
maxGene 	3.0
minGene 	-3.0
populationSize 	110
maxEvaluations 	20000
mutateRate 	0.95
mutateChange 	1.6500000000000004
seed 	1646684373006
random 	java.util.Random@3ada9e37
numHidden 	14
numGenes 	129
Training Set Training
Fitness 0.02026063673783229