5.95954595784882,-0.45085200981936246,-13.29234352317495,3.6304553173851355,9.310855657635432,-4.3047448843425276,0.8108576123597411,-6.0309281912636035,-0.24476313521693172,4.495059120573194,-2.748369638084487,5.903736542791932,1.7443238475587286,-6.748443835801547,9.285180477645785,-7.655491282727857,13.748774369538472,-2.7235325563927972,-0.11490893491173715,15.151015896373625,8.968127725974345,14.485348547209979,-5.6652447576709495,0.97446303374526,-4.691332912742455,-1.324004063821297,-16.193758413198072,4.257199161578205,-0.49445646381848807,1.3659200905574016,2.7010897103677767,0.33104295019759533,1.033781216113117,0.5423886078378644,1.3896485481831498,3.8770479877933557,0.9086348591601379,-1.1562234921002075,5.935173269871159,-2.581623239543614,7.919139816696615,-6.806303211204037,-0.5239917607810218,-2.93556591306078,-2.230453137251623,-5.550383382105845,-5.93620488558199,4.658397445813985,10.521696216431698,-3.844598699818439,-6.182250604857651,-2.7482365204036396,8.737245184124319,-2.0975390641604745,2.0046647080269215,4.738516716301298,-1.6379784446697068,1.2069083798898061,-14.608592976778496,2.4780095413186585,-5.0243642373043835,-6.299625391178916,9.391274415100202,6.069626598828359,19.497842667260407,-2.4401423826515956,3.987707346562012,13.763792459842136,-2.750994997310313,-6.782780304500594,-4.281559963111805,-0.19713492350825934,11.35536785435129,0.5916786529571434,2.3902993941263855,-6.91805905188691,-0.42928435622485406,-8.52112452027264,6.719458594650961,1.2035846302815125,-9.145661597265835,-5.392165685620846,0.5040722753998024,5.821976282538093,-3.2989014316267085,8.192364099017464,-1.3641812118605605,2.8309596063421587,-2.787256379238385,-2.743812026379019,-6.2060058393547886,3.7969528573503037,1.7804745381823492,0.951318701827164,-2.559596664537258,-9.1783284270555,2.9671347892120914,-12.533067247623862,-11.654588397154996,1.291096978523628,-5.466753330281481,0.141232711085995,4.125120008771644,-18.973891812008254,6.794480140860603,-2.3084813838666483,-8.093253302512476,6.896676970542037,5.4789994742394175,3.1179254856822087,-4.836101797459756,1.145515769396801,-2.5285078985018092,7.764017443215776,3.2755283470108782,2.388545201868454,-11.41345834912827,10.932664521954722,4.411990128753617,13.118539971566868,2.2573702955890713,2.0583609022583076,-1.26130357753655,-11.765211276597235,-2.693168725371784,8.577379621018542,4.202512537010189,6.855594983849892,4.585893560304877
neuralNetworkClass 	class coursework.ExampleEvolutionaryAlgorithm
INITIALISATION 	RANDOM
SELECTION 	TOURNAMENT
CROSSOVER 	UNIFORM
MUTATION 	STANDARD
REPLACEMENT 	TOURNAMENT
ACTIVATION 	RELU
COOLING_RATE 	0.0011
TEMPERATURE 	100000.0
TOURNAMENT_SIZE 	90
maxGene 	3.0
minGene 	-3.0
populationSize 	110
maxEvaluations 	20000
mutateRate 	0.95
mutateChange 	1.6500000000000004
seed 	1646684373006
random 	java.util.Random@3ada9e37
numHidden 	14
numGenes 	129
Training Set Training
Fitness 0.04123614054730002