-6.583667284007275,1.6633204359339242,-4.868817794660451,0.6273484211837701,0.7819707746898956,1.031472215954449,-23.135620948325986,-11.971601865699103,5.999690349827204,-14.518473035111377,1.0852516478536351,1.935258878701462,-4.519383752298656,2.7952316831531103,-6.017122700182544,-2.490066796186225,-4.4770292286140485,1.6508285045232611,2.269251378815632,15.837089697741623,-13.693417048608172,15.916238213704611,-7.21154235546268,-5.914677044890106,5.074954758298627,5.029186729610362,-13.621940493821343,24.442239883033835,-14.53580345036688,12.58598975240469,5.7566781765018025,16.23317337499377,9.25181899991718,9.34626118601906,-4.055860771630035,-13.56237520255839,7.299537771983184,-7.616148626938341,4.290494857568911,-1.790670917174733,-2.997077452481495,2.0748769179898368,7.247650884827742,21.635137224494244,5.336889529644784,-4.438258064068324,-5.9377543591337165,5.284703815136136,-12.75028703132696,4.267603671575137,-9.599144396746507,-12.242731141095884,2.95939947786367,8.358778461733845,2.5385196974799413,1.4736143745476982,2.894941952478595,13.163134847941327,-8.951002118120883,0.240578660916845,-2.748855972451164,3.0505621155821654,2.530101602622077,-3.717695599393748,10.839373518594885,-2.182845150385967,-3.9039437736403837,-17.71707482028077,7.96343945489665,-14.098418591769533,-14.357761014999523,3.9119979840800543,-0.6152253844377471,-1.2147168656768574,-3.495069561611606,7.510509878987897,5.502973082507056,7.278927371421651,8.53597272550844,-13.336388887261675,-2.1908108605347607,-1.897537841391519,3.574305254156206,-1.8358505082360344,-7.85027370291295,4.997526810859326,1.150552452649845,5.46347612813295,-4.678175156661503,7.951534175237078,-2.7800818291465186,-0.5894504141518668,3.122659380230311,-16.063206136495218,-2.8225134038345905,17.733026853068644,3.382686926509109,2.7744439625638533,4.700034479992976,-4.529317479388718,3.7721964211345433,4.462854227577308,-7.381179837460772,10.37677264469996,-8.711525479280228,-18.318717442355535,8.86975525851165,5.876493991816884,14.96070603199317,-16.390139461903388,-4.194443530966671,0.3008214297107372,6.467689928139251,-13.867300059060074,2.6501687971633547,0.5480046407795864,11.301224110187292,3.1832773718413927,-8.478219854970256,18.5939518656404,-5.0359809008855425,9.408888819912892,1.0315950705497619,-5.25236861846664,3.4395792150232207,3.9790187360935327,-4.239547245563665,-3.0355822802608525,10.835161913025686
neuralNetworkClass 	class coursework.ExampleEvolutionaryAlgorithm
INITIALISATION 	AUGMENTED
SELECTION 	TOURNAMENT
CROSSOVER 	TWO_POINT
MUTATION 	STANDARD
REPLACEMENT 	TOURNAMENT
ACTIVATION 	RELU
COOLING_RATE 	0.0011
TEMPERATURE 	100000.0
TOURNAMENT_SIZE 	10
maxGene 	3.0
minGene 	-3.0
populationSize 	110
maxEvaluations 	20000
mutateRate 	0.95
mutateChange 	1.6500000000000004
seed 	1646684373006
random 	java.util.Random@3ada9e37
numHidden 	14
numGenes 	129
Training Set Training
Fitness 0.01113736032313332