-1.135377535179912,0.6028321212290146,2.3805880092003937,0.3924217448586713,4.577379540928932,-9.063494012815777,4.112741885384365,-7.563705799950478,-9.318977073273995,19.338515759542197,4.275705423404447,1.5656242611105382,-1.7007171354720922,-12.6554933066746,-10.514660911310196,12.178274486292725,-11.889134491718238,-13.306498799837156,-10.371596290858621,4.845770865742934,-10.23831915578267,-6.480398715723107,-3.827781641307732,5.479139441001191,-1.1414621906900928,-10.705706857106671,3.159478005620773,19.443927817437412,1.4443829275014002,4.697601078307331,3.6721827190965453,5.308365644449775,-23.69193634321008,-5.310037394926912,17.203422903786148,12.114372542028567,-4.706377037310261,-3.1939510523639543,2.36391822289046,12.526829306728965,4.035816338856746,-2.266124865560534,14.086794628086654,-5.0108687284972095,6.232192552720635,5.633584083373513,6.709493532350367,8.6376447148543,-4.503940438313574,-20.83135741217442,-7.560556606338151,4.189802884332338,-0.7938535862753788,3.278054856659163,9.825353987461828,12.070182572907182,16.727751381870995,0.16155003216286534,-10.241266652141206,9.676016990197562,2.7766540561037694,1.9305663621009161,-8.629543990416707,6.008203015628776,-9.068947441682642,-5.853790565442902,1.1149505104288444,7.505977897726972,4.018271999899479,4.771223515131144,9.649806504241878,1.5230435520653849,-11.838027345977336,5.506375240371893,3.7213338141321834,-5.729969960836449,-3.677925440157077,3.9125045004645314,-5.143154271273749,-4.977202430946832,3.1435943929874846,0.8878616097676826,-16.707832322112495,3.7581843821241856,-3.6979195468287935,2.7262051132409706,-0.22189030149449085,4.428421907704749,-6.207688206909878,7.6244970821824385,-5.237625164822944,-0.7774589999707029,-12.39658713672806,3.439888924149397,-3.7163892677505856,3.8377101708656607,-0.19247835858964102,5.214054516952327,-3.007956307579625,-7.304451819264264,17.760630256942882,3.4887815302380005,5.876372969438071,1.0880704982206435,0.32320351990131435,-2.219904567680137,-8.570668333060382,-14.174967604416178,-2.845334366967297,6.609048158944697,11.574561594446942,1.6290437070585204,-6.5801727226543845,4.255663417080404,-2.7948215336946625,-3.5630602680910073,-3.783187918605009,19.258388729629274,7.249640768252402,1.415500848299975,-11.70497447522079,3.774766407666763,3.9832696410983948,-8.063276397032716,10.628191033520363,11.949890936542108,5.794000655672651,-0.8675438794994639,8.741467770441263
neuralNetworkClass 	class coursework.ExampleEvolutionaryAlgorithm
INITIALISATION 	AUGMENTED
SELECTION 	TOURNAMENT
CROSSOVER 	TWO_POINT
MUTATION 	STANDARD
REPLACEMENT 	TOURNAMENT
ACTIVATION 	RELU
COOLING_RATE 	0.0011
TEMPERATURE 	100000.0
TOURNAMENT_SIZE 	30
maxGene 	3.0
minGene 	-3.0
populationSize 	110
maxEvaluations 	20000
mutateRate 	0.95
mutateChange 	1.6500000000000004
seed 	1646684373006
random 	java.util.Random@3ada9e37
numHidden 	14
numGenes 	129
Training Set Training
Fitness 0.011123020129744421