19.294748441618346,19.48948953649819,-13.364907019910943,9.074681239516739,-6.527223298458715,10.374952005056508,-3.4043996732858304,-7.9760163688551735,0.4821340884256511,1.8895798338345715,-10.876626806613526,0.4152329145036884,-16.6157718852333,-3.1670108499890883,4.936233224725999,-13.865576936660593,-1.2852593365471385,-8.938126407607953,-14.714304772322054,-7.411731400666094,1.8140687758049694,-15.85951401840561,-6.332806895592417,-8.318380667343986,-13.435743567922637,-16.011143449182498,-6.055348498087355,-0.5732147795021376,8.462873760861164,-2.504567963826993,-18.7897094719837,-3.7034270139571692,-16.00796567697416,-0.12706553368199103,3.272032327967933,-10.96130001599905,-5.694024459833853,-1.0641564759461177,2.4198653847005227,-2.187392317236738,2.113362334615669,2.6650186861013303,11.319007231058807,-0.5094433760854677,3.770708902690549,-20.30041410501383,2.8616859829986154,14.383244582129096,-1.0689558577841183,-14.44167894951635,3.0808527061889865,10.356050776427386,-4.24281238006577,-19.45762398829133,0.5381139183829067,-10.00463675864305,-2.338270476292486,0.7582972331482463,-5.905337029177257,-8.08468728124868,-7.073951859490991,11.874900768326096,4.107970616651304,9.513589732769304,-10.722882582515329,3.193541338310956,0.6827009747624189,-2.0675198769631313,-4.223401867020803,-12.070012149643006,-11.10045655672564,15.34184672164607,18.692664638508617,-0.09849889953109692,13.840290463632236,-13.143673411516714,-5.461191120933163,-14.329230011712818,-2.7348310664706155,-0.811994903639059,0.39965215516376595,-0.11884157169552445,-20.134701308119332,-9.546600593317583,6.152586697180745,-6.999223967813002,-5.624168742953271,7.117572652067784,-13.789977394195343,1.1882668061850543,-2.1200410117773885,8.60374478798775,2.8577636053702467,1.3368890816391774,-12.8457883612429,-11.967640982760201,-13.008550553587938,4.969429143893375,-7.908840562108836,-4.098608236674562,6.95757586679504,-5.774656937950866,3.9318595635280147,-8.994744711638578,-3.378422251014067,14.230834453560515,24.59802452874493,-2.112587377223475,-2.0026397821553754,-6.232389955224145,-2.599976751579911,6.158296214761847,-2.759666130311702,-0.2507174215371908,4.346765852902859,-4.411667156149534,-3.9474794297911995,10.487137994992935,-4.387597131085123,-13.004315723680635,17.840844330036084,21.49472721139918,-5.549059930463969,0.0720129431549692,19.338707768699273,-6.123616095340035,0.15124642494678575,2.766131622012683,-13.893351383806023
neuralNetworkClass 	class coursework.ExampleEvolutionaryAlgorithm
INITIALISATION 	AUGMENTED
SELECTION 	TOURNAMENT
CROSSOVER 	TWO_POINT
MUTATION 	STANDARD
REPLACEMENT 	TOURNAMENT
ACTIVATION 	RELU
COOLING_RATE 	0.0011
TEMPERATURE 	100000.0
TOURNAMENT_SIZE 	50
maxGene 	3.0
minGene 	-3.0
populationSize 	110
maxEvaluations 	20000
mutateRate 	0.95
mutateChange 	1.6500000000000004
seed 	1646684373006
random 	java.util.Random@3ada9e37
numHidden 	14
numGenes 	129
Training Set Training
Fitness 0.02159322657168221