-4.13019479256403,-2.726885658286225,5.783540401743526,-8.680885217081949,-3.0403633805215,8.279880708784443,-4.722357081493243,-6.216259635135296,-3.0451621992426228,7.49826663651416,-15.727984692881456,-13.26490690953472,-6.60368227448785,3.347580372111893,1.9706178505083987,5.394603799564679,-6.13140988759433,-11.823287090842394,-6.106169383193776,10.27784330445699,5.579806103571696,16.025568982736814,-6.981622138900546,-7.131647598501502,8.395283244547258,-14.84417421971427,-4.127889063067218,-5.961911968551793,3.2005945183372386,-7.293722472443072,-4.195172035567096,8.057050273745498,2.682385915228224,-0.35048530445803916,0.1621690599238903,-5.950109441685127,9.164707161696747,5.685666244582681,2.132986056817326,5.610036050898941,-6.624257783549678,-2.7945812940384425,-0.07855778982914963,14.822099687246647,0.5444408807959036,0.5385120816012465,5.563461195852471,-5.628922079821897,9.888660247581376,17.32539558521743,2.212998355367355,0.6320752495044584,-9.293965526738495,-7.241290985619766,-1.933027853822237,9.087027802560272,-8.63410150559047,6.137744469749539,4.028549392359055,2.00513075195118,9.025205926217124,2.613021595562083,-13.873160877351213,-2.7485870974472615,-1.2465145840087288,15.86959949837862,21.466907949292946,1.5531318678895119,1.5014911501669381,1.3067280150315055,-5.822609554008704,9.60640026477466,-6.014686017717704,14.767930877472573,-5.546173196620515,-2.904312729080919,-4.017674172197579,3.559589958366727,-1.635781125409416,3.8765733059278675,-8.152556191618295,5.967593485771864,7.539157164316187,8.787370389236445,1.5078045099529582,-0.5094126230003706,-13.187773399446645,8.457957167320668,-4.018947148103955,12.754857612099611,10.3072640627263,-7.875592270276355,-2.9629428070728654,-4.240144409193983,-8.712605119306074,2.285731185971466,1.6849719898058817,-4.275139445745594,9.686636032434542,12.804273735057176,-8.082821641168007,-2.8337387278708004,-7.861782217679837,-13.595935430503058,1.528743770789223,-14.71858208085724,8.14462602953246,15.811628046700282,-6.994351599807443,3.7990570118357336,1.7527363273954997,-0.6884862036708306,-2.7128596865866648,2.8276290162111817,1.553262878119062,8.954032320691045,-2.2428168295818134,-1.2079513528780614,7.91710987744681,-0.09458034069090893,0.407079008643751,6.245717285298477,-18.18793146835951,-8.279114178149484,-0.014050877253581007,-10.671283651928954,-8.738335515037262,5.498740194323179,-17.782127617110028
neuralNetworkClass 	class coursework.ExampleEvolutionaryAlgorithm
INITIALISATION 	AUGMENTED
SELECTION 	TOURNAMENT
CROSSOVER 	UNIFORM
MUTATION 	STANDARD
REPLACEMENT 	TOURNAMENT
ACTIVATION 	RELU
COOLING_RATE 	0.0011
TEMPERATURE 	100000.0
TOURNAMENT_SIZE 	90
maxGene 	3.0
minGene 	-3.0
populationSize 	110
maxEvaluations 	20000
mutateRate 	0.95
mutateChange 	1.6500000000000004
seed 	1646684373006
random 	java.util.Random@3ada9e37
numHidden 	14
numGenes 	129
Training Set Training
Fitness 0.03349787977769341