-0.41317006841682513,-2.451313857732252,-8.353134921377546,15.281506714084495,24.016853732309997,-18.128879235986574,5.4446649627787504,-0.5734144682626816,8.180179556876887,28.567161465285828,-4.012940279233279,3.6879588960754717,-1.1622418533599665,-0.5607680982621623,5.7163148818825,5.672007121515065,-21.128912355698816,-2.7396459227133816,16.83074533460878,-5.028363844140198,-3.6524868444829552,0.38763255973306343,19.542018913302314,-0.2385430607378174,17.144340944990937,10.893890908449709,-12.583631673073727,-4.519033679979789,-0.3745019490646717,10.619041362281271,2.492073268670141,10.813771819125904,6.139993265507865,3.5599466150992907,28.278009151719736,11.03966479478399,-3.056729213619752,-11.75912599144821,-15.80222340435592,9.092070032870861,-1.9923245533426703,6.014334613344612,-1.4116170583890417,-6.623851975477626,-2.28900996294551,-25.1900844355432,-0.6650213610295932,7.14585603031786,7.327150440310003,8.616573369656654,3.209047169615525,-6.194270502339847,0.40084881757141577,13.722016943367356,0.6983858551887909,15.224091069462096,1.7291183010449398,-3.7150776769240705,12.41640226550886,-0.6111223506916144,-6.964710530163634,-0.8288826127258471,-19.41824101378105,0.6623239609723477,8.642091063430037,6.943903329385683,7.6928014519958605,-1.2310296085975807,-7.788935114271553,10.509050823456306,7.766699929835749,-11.89810858914789,12.763074183847475,7.343379159978596,-7.027172949206113,0.8045628481767109,12.78743536436269,4.708643364120377,-13.7151962980382,-13.450203920250562,-0.7122854257851063,-15.33226449012818,-27.460325101200056,0.19566879932908599,11.32253364814247,2.8370972012930817,13.169498614037279,16.301439666016982,0.44685476378881894,17.933010011431776,0.24047787174826407,22.689612675405698,-13.964324054730195,2.5967677197480077,-31.63883100443654,-10.354042964347881,13.092956681929136,3.7667956686294986,-16.608040339658068,-11.8508101193871,-5.150866741057063,-6.80551660530927,-6.119225312728602,-9.33759117865462,11.31958901078431,2.611256433957622,-10.15626537134156,6.798825860904806,11.480251362360658,1.3316076297662498,2.3063659104934526,5.531009967569666,-7.600754923994504,-0.07773259908892349,-8.856830050370682,6.1311299937063914,9.36425888357886,1.8848332377232904,-6.457193877895966,12.237229082098324,11.696719182407813,-5.215303909787954,-1.258259251871376,8.220057382870891,5.16862618701791,-5.10690615538181,-13.564206469839615,-3.4606691311801603,3.2893060210840286
neuralNetworkClass 	class coursework.ExampleEvolutionaryAlgorithm
INITIALISATION 	AUGMENTED
SELECTION 	ROUTE_RANK
CROSSOVER 	TWO_POINT
MUTATION 	STANDARD
REPLACEMENT 	TOURNAMENT
ACTIVATION 	RELU
COOLING_RATE 	0.0011
TEMPERATURE 	100000.0
TOURNAMENT_SIZE 	10
maxGene 	3.0
minGene 	-3.0
populationSize 	110
maxEvaluations 	20000
mutateRate 	0.95
mutateChange 	1.6500000000000004
seed 	1646684373006
random 	java.util.Random@3ada9e37
numHidden 	14
numGenes 	129
Training Set Training
Fitness 0.02548732915195082