-0.70780950770717,-0.31505143827313575,0.1370292935172689,0.2843766017175996,-0.9492166868711377,0.5415520753235593,-0.40156285359409605,0.23588935130416722,0.6370878871084836,0.35434261769979625,0.9399015366506925,-0.864001438710765,0.5456015805187534,-0.4789414580477862,0.4756877728429557,0.33680352454284057,-0.82487932384099,0.942914692892273,-0.45473980262450886,0.04455646553614512,-0.6308150635857881,-0.5544879184494602,0.9254956375508646,0.7364029879600006,0.12189689061217901,-0.6968543885638769,-0.367203616349725,-0.20285782294709587,0.2638563224673208,-0.612711120335188,-0.09163820666919475,-0.6951933877657912,-0.7770462817667266,0.06369055858792494,0.6274722609694227,-0.9633462366704243,0.5085277957782018,-0.4846738040891285,-0.6680904736069795,0.9563173117011498,-0.2909855068203899,-0.12667715830333215,0.620193396198416,0.8827146227709096,-0.5323599268316279,0.20761724415417004,0.12585557991235075,0.23915801284549099,-0.7969705781167534,0.9760849453459964,-0.21690162241219646,0.773471617067688,0.3350857714186347,-0.9592226882233291,0.38502881101793973,0.8952668050084714,-0.8314444638809487,-0.20535800812341054,0.3633109147517736,0.011529704912838334,-0.4157287327407977,0.4803388638707692,-0.24245592896352197,-0.1539934002770833,-0.6869915541741718,0.2568435845421645,-0.5282595992901962,0.2498206794254506,0.23980374889270506,-0.3325936332947388,0.11914252733785091,0.8214231715147714,0.04292856474067619,0.3631400272019164,0.6941257987632817,0.38918406607380673,-0.21801572099341904,-0.12100744464859825,-0.24477098921458063,-0.7955850071079419,-0.6551566772553876,-0.2672170898657673,-0.8771086071474395,0.8057699211549233,-0.5686467293073654,-0.4033894510361462,-0.8212372882802331,0.9224386897355562,0.29105202877055125,-0.6191450671191068,0.07287009120381638,-0.16965302064372123,-0.9519006777765403,0.844223727855837,0.33990534525545646,-0.020228670794301573,-0.9229785544193553,0.7823885626412014,-0.17056642208041106,0.5394912799321844,-0.43359453734330056,-0.09328844069321218,0.08762918964636979,-0.7268037250369817,-0.255795579813086,-0.8328649818444026,-0.03845140651929668,0.842719996334025,0.07071740688070982,-0.24098094186028995,0.14162251124825131,-0.40343818915285823,-0.5808865833127195,-0.2502159372301225,0.4348286180357087,0.3146071714863322,0.47138327990876105,0.41053643322760525,-0.22164717454193283,0.5475407398886704,-0.31515808062023853,-0.984808037520032,-0.557401937624241,-0.12615213445836782,-0.7547141955484761,0.5557993890438991,0.14320677554582828,0.109376651054376,-0.1922395905844061
neuralNetworkClass 	class coursework.ExampleEvolutionaryAlgorithm
INITIALISATION 	RANDOM
SELECTION 	TOURNAMENT
CROSSOVER 	UNIFORM
MUTATION 	STANDARD
REPLACEMENT 	WORST
ACTIVATION 	STEP
COOLING_RATE 	0.0012000000000000001
TEMPERATURE 	100000.0
TOURNAMENT_SIZE 	90
maxGene 	0.9999999999999999
minGene 	-0.9999999999999999
populationSize 	110
maxEvaluations 	20000
mutateRate 	0.95
mutateChange 	1.6500000000000004
seed 	1646684373006
random 	java.util.Random@3ada9e37
numHidden 	14
numGenes 	129
Training Set Training
Fitness 0.15052710964096827