-6.7053861102956525,-13.55387335000972,5.462292685164822,4.295690779493533,-2.3240538374357307,4.517503953529188,1.3668490451211266,-4.958809715898129,7.680297067498856,-20.780649042707466,8.404545961447367,5.907532989265742,-4.173557065062232,-0.6577791111867839,6.779083892169892,-11.122524432987328,-0.2508988854305194,-27.596049580492547,17.229947293007832,6.1549622506303034,3.237689881006249,9.51988606271037,5.2610655964207975,-5.629069440421617,3.680265347536565,7.419617362445615,0.2603128062088409,27.377094755899492,9.262149045816686,-20.98643229687199,-2.0584711907269853,-6.248154457566186,15.514217682936113,4.827805688099755,-1.1894430005140961,13.921284346315048,-14.477677760084083,-14.460377883123082,18.608757515655,-3.047013712706727,-1.2375007893438061,-3.057686687664427,-2.328965526699694,1.863475779297576,4.179455191238045,5.0732518157358655,-9.983421301246278,13.193779562244096,3.849580475357479,0.31984934332870907,6.961396301639001,-3.426222603351265,-3.001627024555381,1.580657033342276,-1.4202509427222587,3.886143549179316,7.781100124012491,2.15205594295948,4.655168672937106,7.943101027385854,-1.9414317009684545,-3.7690995999101045,0.8035025234659141,-10.672118376295577,-6.4895777714192935,19.18090984264734,5.2797451856368465,0.4289526254229479,11.976438501348044,-8.89448199489685,-5.252787989670621,7.408748502636577,-5.898172857943583,-7.79768464468558,4.941898914460795,15.999815476540633,-4.864397792485599,-7.655858930169876,-5.243322067854274,-11.490053447069903,3.941626698554117,10.839301626207844,-2.8507308131273437,-11.555940076271197,14.579985918173682,-1.0316835679046354,16.779103556218658,-11.427556789844939,14.469674302694392,-6.689147531228302,-11.629856944747825,4.953836292383725,0.4188515647206472
neuralNetworkClass 	class coursework.ExampleEvolutionaryAlgorithm
INITIALISATION 	AUGMENTED
SELECTION 	TOURNAMENT
CROSSOVER 	TWO_POINT
MUTATION 	STANDARD
REPLACEMENT 	TOURNAMENT
ACTIVATION 	RELU
COOLING_RATE 	0.0011
TEMPERATURE 	100000.0
TOURNAMENT_SIZE 	10
maxGene 	3.0
minGene 	-3.0
populationSize 	110
maxEvaluations 	20000
mutateRate 	0.95
mutateChange 	1.6500000000000004
seed 	1646684373006
random 	java.util.Random@3ada9e37
numHidden 	10
numGenes 	93
Training Set Training
Fitness 0.00837612029597887