4.084465960999157,-3.9804313005798644,-1.9068424535370188,3.739958229857452,7.264577093992242,-5.082181107516235,-8.578182344187761,-2.068383835397288,-0.501289707403128,6.5666707905091775,17.98211136041835,13.089811014606218,14.495967473552968,7.523969098329125,-11.651577926585368,2.9907222611886564,7.76382361302802,-6.771232168811048,-5.908595760385426,9.651520383009894,12.136851647149692,-5.7229627191034425,13.860980242748983,9.291674339368319,0.28395889533331165,4.032361469047805,-9.079452423247448,5.4720155573311855,-16.108220229791335,-5.056998478406974,-3.3045273210299166,-2.846945798835221,5.449603847728447,6.598808245447935,-3.6295743867927506,-0.5301051595767081,7.526450392559836,12.06107786457927,11.279102503187127,-1.93553553115638,3.5336380349327214,-14.014447967882752,3.8763581550902373,10.396622377627088,13.906430836314938,-6.5666227522286995,9.016763824914463,19.12407965082486,-8.183924278906284,-3.023059546345081,-6.414916620640085,-8.253080843374104,4.388782978003096,-1.4428833709200797,-0.41685087110969654,6.20586117710831,5.3109332911286025,11.435564267323876,5.1559500929341535,12.432674123953298,3.402847946214744,5.8385370496451845,-4.156054419844534,4.7770586893529945,-13.207531424343495,-2.0480642148207693,3.700935871261608,-7.804260544348872,12.52262419286266,2.3377935297193053,-8.12298228785675,3.606020337943363,-0.9932935861292247,7.1152910525989785,-4.143136300840824,6.874682194553174,5.892338605013721,6.2974160176480085,-2.5155222014955685,8.346438464339283,-9.412341926610512,-5.919089424880767,-1.2547479863300293,-1.6310898751466407,13.573024636994184,15.580343323719882,1.0669998238253005,-9.195375685598034,9.330453317936636,13.904134280336281,4.41340707433921,-1.955430269177178,11.627197401067896,4.362816323085045,3.053072157895002,-9.496984423299999,-8.442054991738045,6.84277075803722,9.605923208525027,8.907137580279635,7.65084303980492,10.746754063552984,-3.2587476226407492,-4.592085710623518,-0.9255541997568493,-5.475620786814019,-5.883768657932906,0.37427454589390763,9.572918837789937,-2.2604005648544696,6.309853927685829,1.3112086170999167,-9.125020342267788,-2.1628175275562294,1.1940211412443436,-10.22642884953024,1.4971395948178197,5.754997456997568,3.652422109518218,-0.23773519262016407,9.068197728348766,2.4044280920998986,-1.2234888493318485,-2.0933108141597945,5.3005637669077785,4.653777303435792,-2.9379977881029715,1.4486201097723912,-11.855711130188222
neuralNetworkClass 	class coursework.ExampleEvolutionaryAlgorithm
INITIALISATION 	AUGMENTED
SELECTION 	TOURNAMENT
CROSSOVER 	TWO_POINT
MUTATION 	STANDARD
REPLACEMENT 	TOURNAMENT
ACTIVATION 	RELU
COOLING_RATE 	0.0011
TEMPERATURE 	100000.0
TOURNAMENT_SIZE 	10
maxGene 	3.0
minGene 	-3.0
populationSize 	110
maxEvaluations 	20000
mutateRate 	0.95
mutateChange 	1.6500000000000004
seed 	1646684373006
random 	java.util.Random@3ada9e37
numHidden 	14
numGenes 	129
Training Set Training
Fitness 0.017373323486347257