3.3798266815260254,16.85024274691967,6.444227634865735,8.736455612769698,-4.6506671510219375,8.572501942494025,-0.11120751521790595,7.791983273972258,6.534526628578985,3.359938988472816,6.984439103561337,19.40749423915416,1.961206112279898,1.9255685002486764,2.0515376231969533,-10.388584220612815,-10.064806244777435,-11.393624770784667,-1.5658230869305,11.145576595183815,-3.6356755506964014,-2.9010588420729153,6.884036778856139,1.821752076896118,-8.161244847838045,-3.377939628963439,2.0163418955608563,1.2265988949597517,11.169626496783732,-16.16232913800262,8.180604093896285,10.03726594455676,-8.220728713276642,8.54365911741675,8.322648217323447,2.957818964663069,-11.189421946645261,-2.034429667004712,-0.2705439731636812,4.565718721593896,1.8787828650187501,-1.8810171670288023,1.244651598388609,-6.482056382239005,12.77587574224588,-2.1097174798869265,-3.2300091894615974,4.757949654520399,-1.2440272392302827,-16.509200423505597,-5.222993515096849,1.9875113701244809,4.879418651809361,-1.9722540735086511,4.742999921703901,4.6715901320669175,-1.6759511025999565,-11.694881062465566,3.546858475295867,3.1797267555927693,-19.31604574786399,-5.081286855088365,0.21271800637621574,3.2340573337110943,10.3192548678015,8.491608323531903,-17.676721799296267,3.6819027595656255,0.39480505365054874,18.159979021818877,16.58961739672317,0.08998413162443963,-0.04858596317856456,1.3637969161497603,1.9606431618715945,0.16766716177219232,8.690081836554072,3.3729743646887105,6.78285355181198,0.16824124021425035,-6.482086349893638,17.93672338503471,-0.47012674639607077,-21.709910567543027,-1.4462098520259783,23.182381767130963,-17.88873240509747,-10.09629212061593,0.3225351488354882,12.809683734098494,11.841426858962278,-3.7341156915919242,3.278236037250199,-1.6225704214972136,-0.2981478317867996,-8.051052793539625,-6.159463136198877,8.411735450516439,3.4639631623304723,6.410848223681642,-20.097862683564955,18.07852031675136,-16.4454129466436,-16.089057164936996,-3.328604450859732,8.55761441348783,-3.1574225035140087,1.5866848034039434,1.150846711317696,9.431849871634753,-17.94744936316281,3.348052539404879,2.0706126386016095,15.161720352975832,3.7205154398548697,-2.98062395000946,-8.60490692170874,8.604673670380894,-4.9537866813653295,11.212335708167688,13.051991900719093,11.207827695451224,8.1682723673297,-6.300745158431921,-0.005353163694056917,-4.896123914122118,-11.059180408539863,3.672410236657104,13.001794353424598
neuralNetworkClass 	class coursework.ExampleEvolutionaryAlgorithm
INITIALISATION 	RANDOM
SELECTION 	TOURNAMENT
CROSSOVER 	UNIFORM
MUTATION 	STANDARD
REPLACEMENT 	WORST
ACTIVATION 	TANH
COOLING_RATE 	0.0011
TEMPERATURE 	100000.0
TOURNAMENT_SIZE 	90
maxGene 	0.5
minGene 	-0.5
populationSize 	110
maxEvaluations 	20000
mutateRate 	0.95
mutateChange 	1.6500000000000004
seed 	1646684373006
random 	java.util.Random@3ada9e37
numHidden 	14
numGenes 	129
Training Set Training
Fitness 0.033948622452453135