4.909154785646023,3.276390082181001,0.32580012167568917,16.61103840187011,-7.8580257205519155,0.1678852509922084,-6.837797886052792,6.65912866125971,-0.2781667848301037,-8.31822676020347,-1.2980679185433988,-11.482702322625299,-13.552077493532067,13.061134359685274,1.6623766742106185,0.3726716005989328,-3.4341956979920223,-1.829376765899968,0.33617059553264284,1.4156052172145888,-3.469815639942877,-1.5651032098212676,3.5516805398752895,-13.070574326784877,11.671707496861615,3.298283120535474,1.440746997982714,-0.37767226012422617,3.2478784186733396,11.228958102745144,18.019177056752483,-15.009297108855467,-13.234758037551316,7.929177373228963,-0.24498730846812045,1.3539658780983093,-12.908012403822777,6.526392875476441,1.3441299767767827,-9.873276729056188,-1.362825364565042,3.6083642733177106,-0.017743561695607646,-4.755089927473233,-6.395194388572373,3.428656980031768,4.967024577119986,14.888301558533577,11.538006543089299,-8.302800585996739,3.2332108772659165,5.2425890175694985,0.05060430715326181,4.783853781934879,-5.23115892969423,1.6199887377736957,-3.199577766292836,-5.348764314594949,5.17937363776404,-3.191864295597046,-6.509353434613551,3.2462990756642203,7.9117045973803855,-3.3572062314520847,-4.707352459545242,-1.4315154907758112,1.4692679089564793,4.900696097116736,6.965670070403769,4.895509853861219,-6.505962517997602,-4.915389581009988,-2.044159539807888,-6.913836522322672,-9.589232672103428,0.3735052663984284,6.888966565131335,8.092742048725338,-3.676661730035132,-2.963525892852255,-5.271359758242173,-1.495944779645304,1.972610505021235,-3.140143786550748,-6.546817939424125,-3.5967981617180103,6.909712749215339,-1.6372262104296929,-3.5880002784263016,5.162602623659771,3.0082298531156333,-3.2729137616680966,-1.8960375047723383,-9.737943933136076,9.53328200536835,-14.806455919663588,0.12742576859379895,1.9038655066265608,8.355019984855605,9.92670580529975,3.6335703337987697,15.212366271164251,3.188592248820152,3.426962310183203,2.971753096993457,1.5934634426580816,-5.287829565590979,-8.631204841340079,-1.4024033560339606,1.9930716406645352,-4.790848144109528,2.9201756556088485,3.6215761119273813,-0.26837004384833474,4.950187997999439,-4.951206662264233,8.607894062996131,-1.7448541968526792,8.475220091880091,8.046583482723065,-6.859535994970887,5.081503242510525,1.3052332879806974,4.604804862362563,-6.44514457461987,-3.5159475875710067,-7.892027035570429,-4.852300375553712,6.692084152411239
neuralNetworkClass 	class coursework.ExampleEvolutionaryAlgorithm
INITIALISATION 	RANDOM
SELECTION 	TOURNAMENT
CROSSOVER 	UNIFORM
MUTATION 	STANDARD
REPLACEMENT 	WORST
ACTIVATION 	TANH
COOLING_RATE 	0.0011
TEMPERATURE 	100000.0
TOURNAMENT_SIZE 	90
maxGene 	0.4
minGene 	-0.4
populationSize 	110
maxEvaluations 	20000
mutateRate 	0.95
mutateChange 	1.6500000000000004
seed 	1646684373006
random 	java.util.Random@3ada9e37
numHidden 	14
numGenes 	129
Training Set Training
Fitness 0.02095894548888101