-19.34736013028045,13.489694744507396,19.09840867819875,1.08424619972115,-5.907285533304064,-6.9392888261050185,-4.470678050348523,-10.608338354084145,6.229316334668535,-3.300405841666576,-21.55102031214495,4.593060279443614,0.9940965380445608,-21.653644684039833,15.928053786133576,5.307244246957403,7.8624281715511595,-3.4071681464693455,22.015067327149374,8.8712995799312,7.013159891568142,-6.9501224805922135,5.377360569862374,-10.461098000829654,4.886374231662371,11.798666105418697,14.64691571951956,-15.6426637936027,1.6195779840445672,-7.577007596371184,10.793265047093202,-2.0997278248683546,-10.347693832364568,1.0286290792508606,8.667039087387314,-10.960207546826842,24.850670929108176,12.871172516455356,8.516442866403983,-8.97218942074607,4.598721092836088,4.589693152391797,-3.641248548966316,-4.530776705951213,2.1733383546888367,9.597386599930108,12.45586139369909,5.4528528790626005,2.410698525947418,-2.818700101882561,11.64773835027019,4.616040155635215,7.124197880570707,-1.4714093126398202,-4.454930962483115,10.608655788979423,1.4007682565763115,3.0538698261303647,2.6435392874244545,-0.358831018502638,3.7089797408873935,-5.682670038334226,-6.301836012108546,-25.538851688244605,-1.2770605868023814,2.2891321415413275,-5.994990644128851,-3.5782020508797547,0.6815534040197857,-8.113627612080126,-3.053159109940518,17.932373767145826,11.396908665984649,2.121950191200849,-15.845133934816632,22.131085314147178,-10.95620061181532,10.635946579227687,21.905214150379244,-12.4898622103892,5.272150773057861,-10.623891741214463,12.105209888680726,-6.804806178595168,-4.327852825023029,-6.656400120327669,-10.57839214984831,-3.6620913589787474,16.540546359081162,8.310440117310524,-6.541888738225374,8.347252084886744,14.7023726071668,0.6267118586292408,2.4722537327004837,-7.1839259454671645,-16.46934689127942,8.15027505221127,6.205519709566598,5.30130155325458,-1.5740729425357483,2.1997630544213305
neuralNetworkClass 	class coursework.ExampleEvolutionaryAlgorithm
INITIALISATION 	AUGMENTED
SELECTION 	TOURNAMENT
CROSSOVER 	TWO_POINT
MUTATION 	STANDARD
REPLACEMENT 	TOURNAMENT
ACTIVATION 	RELU
COOLING_RATE 	0.0011
TEMPERATURE 	100000.0
TOURNAMENT_SIZE 	10
maxGene 	3.0
minGene 	-3.0
populationSize 	110
maxEvaluations 	20000
mutateRate 	0.95
mutateChange 	1.6500000000000004
seed 	1646684373006
random 	java.util.Random@3ada9e37
numHidden 	11
numGenes 	102
Training Set Training
Fitness 0.011934050757191703