-3.5846625233853224,3.834274531584822,2.5627630788175884,-13.55660995897647,8.471526173419667,-21.797196513706908,23.30437053130032,-7.576763972921183,2.789608049255415,-9.51952639038575,7.846131860608503,26.610334279261842,24.033069793643413,2.877683483149881,-4.497314165622591,-9.833476740119862,-7.024351547778372,15.090685456077308,1.7889910022594888,-9.262017942858817,-20.978589384280788,6.239102713186989,-28.57082291058792,7.119139419055001,4.148747077912181,-0.5138280521065894,7.827903672779352,3.7983992553890067,11.293260183584858,-9.691846415560965,7.824477352641171,-7.594164348860728,19.329443534674134,-7.853849535926113,-8.43634855074576,-5.031442224734866,14.143476306830289,14.827870569464343,3.66820230294217,16.1024924338628,-3.3406243703294276,0.6886670413346039,-8.812949401149925,-8.52012041365812,5.738172537204644,-8.849512257358747,-15.031134612964278,4.559820161424149,2.06469900620408,10.434158901797478,-1.22523718298374,2.8547670633698647,1.0189949438232535,18.83472963670276,-3.855118692031388,5.978891376954206,2.399267343764386,12.731396040806821,3.572288872188979,-5.265191454115796,-16.279246966364575,-7.117175686951642,-10.836152787579211,2.843191361824795,-5.440238501544673,-6.37451261688921,1.181333182609274,8.405346377825168,-15.905406615202148,-0.7530745830429648,-1.2927139626509536,-0.23812457686399036,-3.235046251366219,2.647640614288605,-4.23127593483499,-5.22890600845674,-3.5710984568865403,-1.6153695417885672,12.028042578505016,5.878918471451445,4.041295299898243,5.406361687412112,-0.9859186971459284,-3.9125087842872794,14.960122224395596,2.643284457541651,-2.2824823198868955,14.302846973550775,6.057014868288666,-12.240217111694982,4.313415010818737,0.7524837903780561,1.4656835964346726,8.652753919521157,13.099929185996466,7.511738291123672,-0.30308426412402145,-11.601194227687309,-10.094155458177886,-6.686584133673768,-4.968787490520063,14.206360764061477,-22.729213562755604,7.338177266657011,4.070057354167028,15.970747811242331,11.19062574735449,11.443720890863938,-3.7657689466278077,5.409663009981086,16.346766196750174,-7.161144262008346,-5.557488294177134,-2.0268216071657674,6.90167305536278,1.2441015794422157,-1.0134815060793043,-10.223230973524384,-19.505821917886273,1.3535023841091753,-18.062620349250096,-15.452366228616818,7.606763831424836,14.772883436434851,4.627328832549724,12.353873978807659,7.553204928546544,11.957832741048733,1.444254829556348
neuralNetworkClass 	class coursework.ExampleEvolutionaryAlgorithm
INITIALISATION 	RANDOM
SELECTION 	TOURNAMENT
CROSSOVER 	UNIFORM
MUTATION 	STANDARD
REPLACEMENT 	WORST
ACTIVATION 	RELU
COOLING_RATE 	0.0011
TEMPERATURE 	100000.0
TOURNAMENT_SIZE 	90
maxGene 	3.0
minGene 	-3.0
populationSize 	110
maxEvaluations 	20000
mutateRate 	0.95
mutateChange 	1.6500000000000004
seed 	1646684373006
random 	java.util.Random@3ada9e37
numHidden 	14
numGenes 	129
Training Set Training
Fitness 0.07498908844615279