-1.8371299096641742,7.811364972795436,-4.471968514709177,-7.979578781030513,-4.858957608080559,-12.037195848414346,1.4629668127694142,19.258364673204866,12.272553749700947,-3.7375590300745376,4.975024480060247,1.6770056805500673,-5.82878579072883,4.2435499978926625,-4.606999787859463,-15.47263293265181,-4.094841387807685,0.1706535389592947,5.795270244741493,-9.814491670276407,-5.572873359956944,13.560673978034968,-4.744409698687727,2.482191871421377,-1.440375443423834,-7.286268419984811,9.144051398693417,-18.825841444907972,0.7695996487244319,-8.603871100272183,-0.9437008337781858,-1.6104064032204697,0.7098377072466242,-2.4612324981003875,-1.2320458939171726,-8.617683858020328,-9.840630008484997,5.747443283342999,-2.3025042523822314,8.643679605412009,-10.987243648516477,10.967172369093516,-1.9902961208389387,-0.7018774379994932,-14.00181203654886,4.250901349212546,-7.896923277423214,-2.452236657782212,12.54693169025428,-12.346341310790722,-10.851525080952943,-16.316615800387304,-8.708283893792583,-7.243592290329866,6.532567705137316,0.7436050681743485,0.03923750732153408,3.86956478505042,-8.741513880483444,11.680998727291904,-6.707957837979942,8.674348851042293,-16.33258346073041,-7.46664706601654,-3.962380459188703,-10.169167949550063,-5.931305010798868,-2.7497612309668966,-3.6723814333706635,-6.335235548073447,-0.09770828345079696,0.33949652597229196,-3.512321611316576,7.190948214455599,5.00640337765586,-0.37479598089070354,-5.72155847335322,8.539140727276926,2.8241979748753465,-0.20185408245162773,-1.779102358770011,-1.0308312972004199,0.7075863650075007,-3.208245280999753,8.054281542110624,13.145138174081461,2.3122217678744112,-7.4690519549375995,-4.637669836927318,-7.515670823482754,-3.7732425891195502,-4.271760477935201,-0.6162215058589222,0.8045664892976099,-4.159280578710717,2.0409538139064827,0.9655548883369125,0.46456096412348247,2.5791823293063807,-5.344670468717055,11.772213143557778,-8.725080770454705,-8.031240183371258,6.927747142754169,11.082716440526196,6.953222780135713,6.598254216739333,4.190271107507362,-8.364231854530246,8.154780223264066,-9.001365417709835,-18.332849977677853,-1.4225395972895054,-10.218639777165345,4.5408419147834,-14.099129499850585,2.6700908876363396,-1.2965852034273677,-10.66375172682017,-2.349185486562102,-28.26142331633742,6.1770067271739855,13.923424775504634,-9.4954778026153,3.310970229429186,-4.205142131759299,-14.763799211112874,-16.568984254108027,-9.2978367159847
neuralNetworkClass 	class coursework.ExampleEvolutionaryAlgorithm
INITIALISATION 	RANDOM
SELECTION 	TOURNAMENT
CROSSOVER 	UNIFORM
MUTATION 	STANDARD
REPLACEMENT 	WORST
ACTIVATION 	TANH
COOLING_RATE 	8.0E-4
TEMPERATURE 	100000.0
TOURNAMENT_SIZE 	90
maxGene 	0.9999999999999999
minGene 	-0.9999999999999999
populationSize 	110
maxEvaluations 	20000
mutateRate 	0.95
mutateChange 	1.6500000000000004
seed 	1646684373006
random 	java.util.Random@3ada9e37
numHidden 	14
numGenes 	129
Training Set Training
Fitness 0.03428527634779432