14.268020164995137,17.347281350093432,-16.65074443257101,-2.292086993480293,-3.4671582708851094,3.9998725492008607,4.90844246175655,-4.078709875909718,11.659267413851481,-5.924634365902762,3.4235319005329448,-8.940110400975236,12.335450102787172,4.051325961428278,6.611554172294875,9.868597751971565,-14.467682828317256,0.06091570638438526,19.235791474202436,-1.2971962655197586,-4.371299325804762,-23.35951830569082,6.401851969560115,16.590792146069713,2.012818929646145,5.551983118532895,13.70278134172794,-8.868788530194752,-14.439342412711378,9.144187693600184,10.781925480873399,-9.203226820664678,-2.3312465162032883,-0.203357316951843,1.9404602751658366,0.876663890124858,7.508336728386931,-7.016995095434082,-9.012791081113427,-4.286017350014475,5.069739376989304,2.6453928918582177,11.211568510915713,5.780841130457379,-7.969567206789224,-17.060998903051196,1.60607285269466,8.93259553847656,5.707008730153859,-4.713704107774504,3.8233195462505947,-2.4059958972189834,14.540871601490306,-5.077310199448625,21.822694160983026,-5.94606486879454,4.819364203566834,-10.47933102975463,12.09552633278278,6.531576022073985,0.9485000442492044,-14.253072308865187,-9.896983408577029,3.825924063556739,-13.479569614087051,1.837140542633927,-11.530525273062295,-0.8283338099993927,-2.891773496652071,-15.984417775932702,-8.155884837357409,0.44838411722092353,10.472510800417213,7.091882592074112,-1.7221436502965561,17.176348859994505,-8.971076542168245,3.9847822146758536,5.057275745201732,-4.9190029520816605,2.5523647348121496,-1.6471672296599174,0.7960736412224563,-5.930490730117734,5.783405936231151,0.8045641015084382,5.905103579438683,22.586739203949165,-11.14578499008554,-2.534282148850787,-6.2047705735940495,6.954069799909254,9.715796918412623,-15.001273810871245,-2.337027829074457,-0.006397922407327172,9.125299775988937,4.64969177186266,2.517113583422434,16.501408297607345,-7.508406221738898,9.64070332352832,-3.4748743193501372,10.857411743491799,1.0292807778770845,-5.119599949707845,-14.508500734648852,-0.9542186365464751,0.935746557867688,-15.916725420099702,-2.774252870171894,4.108559132330871,4.082820686330173,4.218284098855996,-1.0339388970606498,5.666565070892945,0.4540621198002608,-2.1000834798320307,2.5953049255208986,10.815454138646126,9.110641653401938,15.789936402777935,17.469228241085332,-0.9588744578539306,-12.216754391119188,-6.754385593702965,17.822490190868372,-0.7524841759988403,-9.085621997734957
neuralNetworkClass 	class coursework.ExampleEvolutionaryAlgorithm
INITIALISATION 	RANDOM
SELECTION 	TOURNAMENT
CROSSOVER 	UNIFORM
MUTATION 	STANDARD
REPLACEMENT 	WORST
ACTIVATION 	TANH
COOLING_RATE 	0.0011
TEMPERATURE 	100000.0
TOURNAMENT_SIZE 	90
maxGene 	0.9999999999999999
minGene 	-0.9999999999999999
populationSize 	110
maxEvaluations 	20000
mutateRate 	0.95
mutateChange 	1.6500000000000004
seed 	1646684373006
random 	java.util.Random@3ada9e37
numHidden 	14
numGenes 	129
Training Set Training
Fitness 0.03224224776769655