-1.63864500628436,-10.362008848973232,8.35002672712811,-2.120392660548471,-7.018793647113494,-5.662853889043155,3.057012772794261,4.88799993273442,-9.13441340324325,-0.5337241733966387,-7.47869270527549,-7.584107725603333,0.025579628211318095,-7.522841299589507,-16.378576338294422,-5.432467735338096,-2.0095700180498204,-0.5172005564802209,5.3482827529253285,-6.6105291076585075,-2.416973187495862,12.147610803884442,1.6653870775739277,-0.2906645811674551,0.42825370761180537,-9.785781651481285,3.16725969722941,3.600015075658197,1.0292013315410475,-15.91461980727262,0.12173115334282159,-5.050728892806962,3.8567875170298525,5.98693897512489,9.610954412964105,9.740965695421293,-1.9036232938687085,3.132642035785362,-2.647172948893658,1.0177653750878708,6.230535711828333,-5.305910174687778,-2.3112085257476638,3.846356543139505,-12.789888197082334,9.748994187166005,-2.2342121057823903,-10.055127183662902,4.076365309417957,5.988347850682899,-6.0805753007505805,0.9584152767897232,4.994933913962125,-8.341968152552976,-7.667766963896524,13.83221049946503,-0.0020431323427168024,14.742806906733389,3.195166875145363,4.9831281662465425,-1.4962712782941594,12.370556779685089,-1.7576945684383851,-4.14104998932549,-9.456195011870943,12.972075797320645,1.5080162981056109,-6.349044912075231,-2.2744766327781294,1.22661066487413,-0.0773712636226449,3.3890541639671605,-10.356544110583787,2.605793180572281,-7.28303243017379,12.249885174710583,7.72635038194856,5.048518359354562,9.297893823286238,-19.853053975955042,-11.083330357072297,8.106746808650303,-11.863705885269011,9.948017469934959,-2.7721193769283943,3.847130683525873,5.6757592390559175,-4.321200480693943,8.460195580245806,1.275785490199393,-20.175510900472503,-6.977143857901064,-5.721487966030117,0.873451386776992,1.034755424823821,6.016635580181184,-0.983153725925682,-0.5642908531743993,-2.346445143345118,3.8354801162084176,-9.493659525161327,-9.495112758056036,4.025920079788106,-4.552722752142321,-0.25854821923234717,3.562198791082606,-2.9356078871979747,13.232968312024987,-12.284277278208904,-19.996969486178088,-3.454434548205132,3.550933670977522,-4.026499321569412,-2.5969223308151603,7.208102879366249,-1.330212894148687,-4.512991715693066,5.7652370107183035,10.150969804902843,-12.335993913970043,-12.662635130627384,2.6639480082022082,5.379813862660924,-4.25714169919368,12.178972168969304,17.059958718661107,-3.818006097925112,-7.423764969241104,-19.23984526909475
neuralNetworkClass 	class coursework.ExampleEvolutionaryAlgorithm
INITIALISATION 	AUGMENTED
SELECTION 	TOURNAMENT
CROSSOVER 	ONE_POINT
MUTATION 	STANDARD
REPLACEMENT 	TOURNAMENT
ACTIVATION 	RELU
COOLING_RATE 	0.0011
TEMPERATURE 	100000.0
TOURNAMENT_SIZE 	90
maxGene 	3.0
minGene 	-3.0
populationSize 	110
maxEvaluations 	20000
mutateRate 	0.95
mutateChange 	1.6500000000000004
seed 	1646684373006
random 	java.util.Random@3ada9e37
numHidden 	14
numGenes 	129
Training Set Training
Fitness 0.013205179752694076