12.090501499279043,7.757912350855752,10.901870023108858,1.183745875418813,3.6998611014228935,-6.700252372757768,-23.338382878308835,-12.12953545000117,17.375409379412446,8.429566847177533,5.529011134336505,17.517225390975938,0.6641149658580137,-1.3350108157738028,2.20453381643852,-4.1995116813856885,-2.6420278545163356,3.703928403599525,7.129027493538389,7.582126027702565,-0.03326382599868882,-4.56115659782719,1.9366086914489333,8.648739570568509,-11.730830089507124,1.9039465988995694,7.090224881272567,-10.504074872396997,7.259366570586369,-1.5490607798654672,-4.059165842276354,2.8165377946142147,-5.755832712538803,1.0414201321731085,3.0218892229374195,-0.5241746801816953,14.94964426398524,5.549193297880654,4.424011333288167,1.6926335524982097,13.00907353269754,2.1832772517486223,-5.859557229071393,1.94471383416536,6.631775502291331,15.522498287483073,-1.6179313897462682,-1.372510103419181,9.741653132453614,-6.604874155811709,7.8815034597503715,-10.880530033617797,-15.723787922003115,-9.907911280867031,-1.9610601443969138,-10.056180809841186,3.851299024349988,3.1198871936298493,2.6581600818122126,5.914433626863879,8.22374843822776,-1.770604718382252,-12.520685177348952,-7.783813060202004,1.3235809802323342,0.49932486617644756,10.035775968894956,-4.00715217728305,-7.720650474097411,-4.091798376801998,8.84557399995316,-7.947504432265395,-2.8253181664208604,-0.20371823898495656,-4.006366843535121,-5.400912814646739,0.7510232158547812,-10.801085203959241,0.1192206683279835,-3.5898391785632997,0.6110336161840535,-3.6245623378613914,-7.906269732837053,10.4044848123056,2.6290487736156343,11.112762739791883,-3.7428778307510546,5.779792720204533,12.189466659763125,4.800399751207422,24.227045807525755,-3.6004291383107265,-4.149125588864485,8.203731253647016,-5.447126144374157,9.769194197837033,12.423183801715908,-0.695061480267162,6.007580248375641,4.01553411000987,3.5469963059146474,-6.1139478313270095,0.6935969980749945,7.720489266737623,8.028872258952427,-7.403817967142867,-2.515511551173833,-8.992279894543831,0.7131314276633951,-18.674943712673965,-2.017515807795994,10.593193966794658,2.9102656517416126,-1.6024196280347751,7.342615690032288,-15.66602220206914,-9.64600296929798,2.9592027274128707,-1.6025960278562117,1.0960419095084628,-12.076531094593996,-4.1105468064993484,7.7117495193812955,-9.989332720419837,8.344008962504686,7.061097894714393,-1.64412201786131,4.200377248566662,2.1693581690916615
neuralNetworkClass 	class coursework.ExampleEvolutionaryAlgorithm
INITIALISATION 	RANDOM
SELECTION 	TOURNAMENT
CROSSOVER 	UNIFORM
MUTATION 	STANDARD
REPLACEMENT 	WORST
ACTIVATION 	TANH
COOLING_RATE 	0.001
TEMPERATURE 	100000.0
TOURNAMENT_SIZE 	90
maxGene 	0.9999999999999999
minGene 	-0.9999999999999999
populationSize 	110
maxEvaluations 	20000
mutateRate 	0.95
mutateChange 	1.6500000000000004
seed 	1646684373006
random 	java.util.Random@3ada9e37
numHidden 	14
numGenes 	129
Training Set Training
Fitness 0.02638531738371417