-0.6520508359267048,-2.8176159803429464,-9.018478790025995,-1.4025529440844862,14.15110676363661,2.801967359251085,8.856906168339234,-2.5211530692294932,-7.476276342952952,-8.112983981268975,-10.712445457927197,1.0966787637278976,-0.562543287654222,-9.027413826525482,-0.08581174998411001,-19.19942747278548,-4.781170131035694,6.8842982623958004,-1.9182677869249432,9.473848194699773,-2.5579358783364743,-11.895151960057362,17.767143996995465,0.3741124001126064,-21.456448238214975,10.92234034137188,-1.737597445442887,-2.1284358873961438,3.6815458414262636,-4.120769849316556,5.328998836576824,6.245007230894679,2.9345603799549487,3.932456056662268,-18.57104992217654,-15.393885814967728,3.7393949962778135,13.764647278047747,-7.236478294443568,4.420532719646389,1.9646222096705808,1.3030775809565034,0.2645207547799924,8.929972389125378,4.347796950807546,-2.7926541606529476,-1.3658066517952747,1.7024582033105489,-13.955431276076801,1.7785485655968447,12.16842926373975,12.398480765529024,-4.95470031462381,-2.4779826214928455,-5.975848896721357,10.338823918512363,7.409714239279402,16.162481880170816,9.45543729865987,-10.204605881041076,5.302525719762773,-13.985177383197616,-7.105903571277986,2.54942453508621,2.3829096797423386,-5.544628997796194,5.289088754602574,4.471973961521195,11.00811399581539,-0.6819882961445396,-9.004645078071054,-0.5703144641500018,1.7564186136920572,-4.393858853652658,5.966290843215394,10.804319805429296,-14.59292163549904,4.665828557613634,4.705274681890602,-5.7623785454872385,4.484805617940605,-1.0926711623877825,-2.1296734513079105,6.373626112923384,-6.716229045573775,0.29138693614276345,-1.2978486147075152,18.318562681371986,4.331021502057476,-8.836423579626434,-4.290511136182447,2.6740501043058282,5.181637558963403,-10.775794004160382,18.646866414621,-0.5776626994122154,13.507874776448888,-5.086869837006407,-2.941479169249966,-17.947119524665368,-8.9480482455691,3.8680921295378123,3.988427974968273,4.1675979320447265,3.557076624258869,4.482028136864509,2.4700525861032743,2.2876931636618085,-1.676283280694669,14.789055330845995,8.660598989495437,-1.292021791254438,-9.391953876929815,8.450666395607112,-5.976780877942481,9.305181756866821,-12.963078130753512,-3.057053255916726,-4.813197261576449,0.9047689074511567,7.508664451688027,-8.037569427999372,-5.323350260455481,2.7463499781731127,-6.118659717221742,-7.977493951518104,0.16049266901783454,5.560799481098004,11.170163263362495
neuralNetworkClass 	class coursework.ExampleEvolutionaryAlgorithm
INITIALISATION 	RANDOM
SELECTION 	TOURNAMENT
CROSSOVER 	UNIFORM
MUTATION 	STANDARD
REPLACEMENT 	WORST
ACTIVATION 	SWISH
COOLING_RATE 	0.0011
TEMPERATURE 	100000.0
TOURNAMENT_SIZE 	90
maxGene 	3.0
minGene 	-3.0
populationSize 	110
maxEvaluations 	20000
mutateRate 	0.95
mutateChange 	1.6500000000000004
seed 	1646684373006
random 	java.util.Random@3ada9e37
numHidden 	14
numGenes 	129
Training Set Training
Fitness 0.040527099359757054