-10.487536582897395,11.240813564967947,2.227058344803524,2.4562630856729104,9.614765395528966,-11.979298484589084,-0.9381077907052262,4.679245674638707,-0.5793425964650964,-1.2186141767946586,-0.7825680422252592,-2.398233912124585,8.570398373382499,-5.546535639055016,5.889085804179794,-1.1683683019126478,-2.641695754425961,-11.994661340596618,-0.20082841158507936,-4.4310747538931645,3.718910067384427,6.279546254790028,-8.876278667477523,-0.6170124008465212,2.534302941675418,-1.304894415392357,8.704381693990923,-2.6634168150490947,-2.138946480301163,0.5905166137498821,1.6104566445035635,-3.0667966411206162,-6.85687887625531,-2.6438171957138223,2.076665978265641,6.862687534802925,1.9584829134246942,2.442240478766962,2.5604798445847248,-4.729585059646777,8.110944618738431,-4.754149325780405,4.450929469156073,3.3554965002986243,-6.9212085251361275,9.106180671781566,2.3650059273845927,-0.1831965168196863,1.1795619743648036,-8.475857998735162,0.4395939266143434,7.5519565146474,-0.9664346768931478,-8.315667282017529,10.60213883414921,5.772522617047102,9.034493245273246,9.939376649379298,2.8912815622369887,4.369172283875504,-2.1858049827462924,-2.6328718485553475,1.0188910006260645,6.668764654764816,3.102958587331371,8.288286800223524,-5.0724220068454615,8.489117009912736,0.18157843878230873,-1.0629306708172832,-1.9678481726184094,1.1518522789069996,3.4330989559380587,-0.23205611457324649,-2.3131932996389173,-0.8849862623008882,0.5856765247999194,-8.325382031623935,-6.83711119792118,7.636833884960325,4.780885647863741,-7.808950387780924,5.557892501728631,-1.795879763367016,4.2339038336527075,8.597291873053068,7.758308227855152,10.318642994920562,7.730541116172409,-1.8152080439500091,1.1567088359858793,-5.4562710321096475,-4.548704959185846,-5.392274285416766,5.615417928899799,-1.2461242152096639,10.875777403068009,-4.811498238008527,-1.8679690597809113,-1.0618201069853903,-1.4556299883169732,7.948807823678677,-4.4886990401610545,1.8885774449241772,-1.955857169679521,-3.1411777897488715,-4.291537014925379,-2.709499777373326,4.59659601098166,-2.7179568077423726,1.871166301390275,-8.01890375829748,1.3327421493518257,0.6085978426451222,2.7674403296674406,-0.20048457540590015,-1.999680624021293,12.85280503124413,7.008797177294076,-9.07788148360957,6.814462385899122,-2.912171890980817,4.364275383458696,2.957807970174537,2.3979276315253504,-3.0090846998416776,-0.03645113821965573,-5.0582215867496565,-4.311277299491707
neuralNetworkClass 	class coursework.ExampleEvolutionaryAlgorithm
INITIALISATION 	AUGMENTED
SELECTION 	TOURNAMENT
CROSSOVER 	UNIFORM
MUTATION 	STANDARD
REPLACEMENT 	TOURNAMENT
ACTIVATION 	RELU
COOLING_RATE 	0.0011
TEMPERATURE 	100000.0
TOURNAMENT_SIZE 	90
maxGene 	3.0
minGene 	-3.0
populationSize 	110
maxEvaluations 	20000
mutateRate 	0.95
mutateChange 	1.6500000000000004
seed 	1646684373006
random 	java.util.Random@3ada9e37
numHidden 	14
numGenes 	129
Training Set Training
Fitness 0.053127406301843774