-2.7647439809547154,-2.484501765010016,-2.4500720434372774,-2.6347365588263676,1.0674074193545007,-2.7044244731703935,2.453372526330676,0.2946021354900594,-2.1926755979476056,2.263286587871014,0.536993562518739,1.1313779922047615,-1.3757867442051945,-1.4566834094949557,-1.5778193785758468,-1.32645820791053,2.917156992574947,1.4535024857450285,-1.7436073841227797,1.0238734980286264,2.170982011587908,1.1106380513504481,-2.969928774437868,-2.3594839260576514,2.051031086206547,0.41887207081046407,1.8925965159889255,-2.7280976839123774,1.633562036466639,0.4604206228102452,-0.6558026240309149,1.4233596212362967,0.41887207081046407,-1.6012262329115572,0.03375204218209493,2.23263195200205,1.8097816076743776,2.3679437341144904,-1.075447096126702,-0.3869020567239465,-1.32645820791053,2.325047125363297,0.21329462370305619,2.553863640058198,2.8676789150434203,1.1208605800265294,2.917156992574947,-1.4438008078611362,-2.451945068786756,-2.653070200249447,-1.5778193785758468,0.6886447270920835,0.6248225412920645,2.8278957538119975,2.453372526330676,0.7809399718719314,-1.088755556770678,1.1804903777476756,1.3224817916540257,-2.8523174314412936,0.7494870169602246,-2.8919075337357745,-2.0438945611543087,-2.001549150412866,1.2658728922048148,1.6926461970848408,2.4304402239017424,-0.7861046220704031,-1.1288978564510632,2.8989573239863926,0.12863299636574155,2.339917866687755,-1.7639943302927652,1.1655045507152044,-0.6940533918148697,-2.7044244731703935,1.72112525258723,2.1997828854503556,2.724944429050761,0.9136356476140941,1.9640952235946934,0.6916368646193574,-2.4536109964593993,2.4159392241655793,-0.16788611958627042,-1.7325274480006314,-2.9653134472308427,-2.5861261506858932,2.248965692080871,-0.3354029967278853,-0.07653183588479262,2.1423882839220143,1.72112525258723,-0.0053152583548743415,1.804728939001759,0.7895875887849719,-2.002449261328729,-2.695928795704727,0.3341535624498615,2.1083183911433325,2.623871609905616,-2.9553634421605985,-1.8050419250213683,-1.7463821018182355,-1.3135820312698914,2.307768366683109,1.3154648431098117,0.4672640278407698,-2.1114335003928297,0.7421660378626811,-2.2431595447114416,1.4911920241490177,-1.0526043883245157,-0.34724871673055935,0.895492669581512,-0.3599252463185447,0.14356619394106485,-1.5940586232648548,-1.826039640580229,2.514713787586084,0.8159677300198611,0.38613180771500133,-1.8050419250213683,1.782121323612274,1.9792727173641662,-1.4400182479353774,2.721384468951963,-2.2226449751314945,-1.4890545873075127
neuralNetworkClass 	class coursework.ExampleEvolutionaryAlgorithm
INITIALISATION 	RANDOM
SELECTION 	TOURNAMENT
CROSSOVER 	UNIFORM
MUTATION 	ANNEALING
REPLACEMENT 	WORST
ACTIVATION 	TANH
COOLING_RATE 	0.0011
TEMPERATURE 	100000.0
TOURNAMENT_SIZE 	90
maxGene 	3.0
minGene 	-3.0
populationSize 	110
maxEvaluations 	20000
mutateRate 	0.95
mutateChange 	1.6500000000000004
seed 	1646684373006
random 	java.util.Random@3ada9e37
numHidden 	14
numGenes 	129
Training Set Training
Fitness 0.05784854586911739