10.857342483583002,8.95158043958322,3.9837915075626658,-7.903893610749343,7.170471557199818,-6.892174026987636,20.322134959069267,-5.0559596502147315,-14.971774535564625,-10.678894376416068,15.03466258227415,1.1973926649937852,0.9667070887873588,12.202492067157076,-11.643264233122316,2.909074874450436,-1.1835958070574506,3.9149668403856985,-10.816414404788556,-6.737226368113051,-1.1891432007727811,8.497447758901698,3.228161638475079,-9.683155308329184,-14.114663998344296,16.818704780559038,1.981926719201148,4.095469860120069,1.3373971249485948,17.575507621571646,24.403387576544382,-9.400959198822,3.823902963691241,-14.476045230711968,1.3348012160609901,7.36445241873445,-6.286885318979657,3.7554600847266393,2.0805491701509506,4.405799650591975,-4.364322414633593,2.656087712026957,-10.490661823818261,0.6595002877553586,5.833955938230284,-9.459985104596193,6.407992016925109,-5.202910167690506,-7.161340260256668,9.40093901573502,4.559563120444903,3.408554296166793,-1.6210398900436571,5.586214771155463,19.325789419895706,-7.70971852264978,11.191642371375696,13.198630175845077,4.2137484938397085,15.311721774336736,-5.688028061360999,1.6948164055631993,-0.08319528164071954,6.6063616414126365,7.041798237159041,-6.4461481757032875,4.610629729166889,-4.533807074986025,15.334193874090358,-9.179693295988644,-0.2514830022408603,-18.760739416853184,3.7928332126238766,-1.974290778350289,2.95594986350559,6.055133462369502,-2.2556040345781696,-7.81897960066161,0.6831594929912805,-3.893450838583857,3.419699941632201,-3.7585392306404337,2.154537480901759,3.253045459651097,-1.392666716501763,4.061195403858346,-12.770053759712107,-0.9623989938691242,-3.174772681677389,-3.039474470626123,5.1437783113736515,-16.04496727974513,2.2951520946387607,4.1884911725067235,-3.7615489381160057,5.512882671582865,-3.2929872806623948,1.4739576972375765,4.5128386972151215,-4.983300106720268,9.609482870879887,-2.394851150231932,0.09830906959904695,-5.353298091707227,0.7217558570294846,-4.696135726138897,6.689908159400106,1.8910292190616884,-13.398086122295922,4.589741524531794,5.010414234547237,-12.1414597965173,-8.155675819484737,2.370223397213186,5.519566420382388,-5.686246414211201,-13.463480580198121,3.78472558496553,0.19063292924728792,-0.5458343365670695,16.285368659450945,8.920129482095412,6.658065378442393,-16.83214350017083,-9.918931563860932,4.7022092269435065,-5.660655333745955,2.286566902400789,-15.820980486822222
neuralNetworkClass 	class coursework.ExampleEvolutionaryAlgorithm
INITIALISATION 	AUGMENTED
SELECTION 	ROULETTE
CROSSOVER 	TWO_POINT
MUTATION 	STANDARD
REPLACEMENT 	TOURNAMENT
ACTIVATION 	RELU
COOLING_RATE 	0.0011
TEMPERATURE 	100000.0
TOURNAMENT_SIZE 	10
maxGene 	3.0
minGene 	-3.0
populationSize 	110
maxEvaluations 	20000
mutateRate 	0.95
mutateChange 	1.6500000000000004
seed 	1646684373006
random 	java.util.Random@3ada9e37
numHidden 	14
numGenes 	129
Training Set Training
Fitness 0.03260560813165435