-7.579997065975881,7.489586454376671,-8.638527908212577,-15.036468479627862,-20.74798810975539,-7.592829701727423,-4.526976139487016,-12.734071474966562,-10.297091336165012,-6.984797690750042,14.283680069469188,2.569422491380405,-8.209290855455993,-18.355754396002673,-3.103682365473029,4.14037841601805,-1.8978015914305821,0.8638038436669371,15.040596435020317,-2.24575626481002,1.3422582317635774,-1.6841168396337647,-21.858472265159527,-0.39527838518830016,-10.944452865086731,-6.982782373771889,6.023987022060941,-1.4443025775964138,6.485510685032794,17.246599013461143,-9.52657674929921,-4.893927536256469,-18.819377686831466,8.700553067739401,-13.813312770773182,-10.976795649017934,2.290174542839975,-10.895102790191007,10.298075078169601,-2.4262955999230726,-18.888131659599892,-13.088487114212786,-12.845645749528064,20.240883319269905,-12.439139035930216,3.6889648773339605,6.5887086788304465,11.516188872838976,9.12486381920386,16.382392963754214,10.157217270795854,-0.36247889800744115,-21.14770183590759,-6.227599620321449,-11.597354438243755,-8.87963550132111,-10.609560936077232,22.15446164992938,2.099007372171564,7.438213737439416,3.3979011277906306,-10.610335846311266,-5.94347912267277,-6.94317415137909,4.4007424801871835,3.044403468521171,-1.1697406225834737,2.062372820407938,2.143880839193486,5.840937838896021,-13.623034572088613,2.296617167208158,-7.090557123318579,-3.267483739952877,4.34317090835773,-4.477219585150739,-6.668914269566329,3.4960808170531528,-4.606061633589221,2.743820550013443,1.1282541645421666,-5.897651623062465,-12.844793897239237,1.7803814975180963,-2.383242385517594,-0.2726297377052074,15.843899379424036,12.78872473037979,-12.828028306238403,8.111464102460612,2.6986323509141554,2.709500720514468,-1.6216055979524526,10.850713775276294,11.68774761762824,1.1775200763638942,-8.309526973724497,3.720874267192629,6.233177451635372,-0.6718273724623671,-3.9580971941381353,10.305020031309667,17.1465304806295,2.764403588997392,6.906002799581284,-6.372130330016194,-4.1510066418808425,3.098270368303803,6.618154313276988,-4.376600851183667,12.103608082935658,17.25836827884764,8.894153368248954,-3.6448700826236813,-13.972883538506897,-0.44987737290670005,-13.003326117654666,1.1580044265130907,11.096927041942942,-1.762881864054771,0.6821455720425158,-0.16191447544606685,-0.09975644262808014,-11.215956513283997,9.519016649345401,-2.858173193734519,-12.092653298350445,16.991495615584803,-0.5686712225892805
neuralNetworkClass 	class coursework.ExampleEvolutionaryAlgorithm
INITIALISATION 	AUGMENTED
SELECTION 	TOURNAMENT
CROSSOVER 	TWO_POINT
MUTATION 	STANDARD
REPLACEMENT 	TOURNAMENT
ACTIVATION 	RELU
COOLING_RATE 	0.0011
TEMPERATURE 	100000.0
TOURNAMENT_SIZE 	5
maxGene 	3.0
minGene 	-3.0
populationSize 	110
maxEvaluations 	20000
mutateRate 	0.95
mutateChange 	1.6500000000000004
seed 	1646684373006
random 	java.util.Random@3ada9e37
numHidden 	14
numGenes 	129
Training Set Training
Fitness 0.01619637318895436