13.488668195868232,22.316726499617303,-6.730265129128663,-14.76172788705439,-1.4374290263848613,1.1733984106517532,-17.833752100742352,18.941182915128707,31.86639146430489,-2.028562484402741,4.807103615656086,10.649572510476986,-0.9420898764505363,-12.1002612253727,-8.19048622399717,-7.9049373359393496,-1.4145383592456788,0.19323771290164515,-0.8081662739867461,22.260163711172844,16.42550629882807,5.408726802455947,3.094930092876865,-3.6499494006780884,-3.0090841009008216,5.930233396941306,9.187634855205717,-17.049931405907813,31.008639641545713,3.7756475688469653,8.65568425320464,-9.425086600978162,25.60970955675583,6.983788179865961,-4.942468694732067,-3.0662099327614927,5.202273215558963,14.373202903290482,-13.898097947635545,4.141713472457935,-18.53641894779745,-14.986391417125063,-7.889050855884085,5.100474908249797,-7.3104119587586105,8.287986712248,-13.970655396796818,21.903655209477016,-15.968937644044457,9.347957903120239,-4.276367658054754,17.838427870751097,0.822830315175711,-12.72282878560409,-15.862348196336297,-5.2872483314983185,11.628021226791269,4.227048677239951,0.30458459197639076,5.037922270627888,12.765058826005504,7.27988421003052,-1.0098412451001302,12.267185418876965,-10.705335282840968,5.91528826633108,0.09870965199686843,1.1161766042566192,11.361865470370912,-5.063328271639644,3.1595721162884427,10.276240361019545,2.8204344904386343,7.196887659565689,9.08265199822345,5.7070007103711475,-9.558601914112968,-1.0628282467885164,15.63342514864517,1.435565947555224,3.2214066358092204,-4.126454552989967,3.773140959353201,4.572998459702722,12.748101983519895,-7.47711116081404,-16.231974571429824,-6.834582508634885,5.2651405249502865,6.767108760926053,-1.229110437012224,-15.593908100164475,-2.8771013745689107,-5.043439967320582,17.46565929466324,9.242280803328908,-6.3682595904763115,-12.905884084381182,-6.860050685819923,2.4072030287410087,8.603090513054497,23.71901624650946,-11.087082003035707,20.034776942372034,0.5694124746230269,2.939874654822158,-2.9206327383788695,8.103017052888525,11.017554138742312,-10.151205172824417,-3.6548277723342046,15.78636151993497,-1.049221603464904,8.209378910323244,-33.39078616897837,8.662539440628938,-5.186840614379447,9.547936963615284,-4.001868878905075,2.3110306346757916,-2.1341168699228907,8.443956071908204,-3.9014702061944018,-3.78093455514251,17.048349938146153,-18.422590758688223,-5.39257655735819,-5.867304467514977,-7.8621646116192565
neuralNetworkClass 	class coursework.ExampleEvolutionaryAlgorithm
INITIALISATION 	AUGMENTED
SELECTION 	TOURNAMENT
CROSSOVER 	TWO_POINT
MUTATION 	STANDARD
REPLACEMENT 	TOURNAMENT
ACTIVATION 	RELU
COOLING_RATE 	0.0011
TEMPERATURE 	100000.0
TOURNAMENT_SIZE 	10
maxGene 	3.0
minGene 	-3.0
populationSize 	110
maxEvaluations 	20000
mutateRate 	0.95
mutateChange 	1.6500000000000004
seed 	1646684373006
random 	java.util.Random@3ada9e37
numHidden 	14
numGenes 	129
Training Set Training
Fitness 0.012232581005387717