2.5153402027878524,0.21465707978124549,-15.387854381773044,3.002328328765075,16.550587586022203,-3.0180303305687346,-2.617696925300378,-3.771707124044772,7.703108036043149,-14.069190512491815,-8.121183810664945,-5.07761823362297,2.466538948270422,-6.9202950980859175,-4.361692959381932,-11.228631328387559,-2.5861219101166846,-8.412289595005925,17.91580431735676,3.2079250734768863,-17.329809271558823,-9.368481104678462,6.005167137456337,6.976525453065612,2.7038351080720204,13.079434985775617,7.082232428117475,5.671850283229732,-2.1763941729718237,-22.572992248028292,-1.3767536351960317,-5.5295732133878435,17.249137270868538,6.7890159038062805,7.949437919718392,-3.0740752606462456,4.238980437687339,-9.197646553914732,3.185570624569017,2.183878433635945,1.9488469084072166,0.8728831292531032,13.99934669184383,-0.6306405367828436,3.5566383431730575,11.002413192870575,6.869992043990949,2.7907551152836145,-20.646046175359466,12.732504669487525,-4.991041110582088,15.936784626271148,16.17213204803864,6.669549161129819,5.267791615884889,9.365377866825725,-9.08326157196439,3.6207930789799843,8.067813644412295,-7.507981878985001,-3.8722259547697213,-10.976281694254821,3.6733975760774378,2.931640680476029,3.163735380296763,1.5414216361165272,-0.9948043638243949,1.632159901864779,-25.173981660038216,-4.9756256903355425,2.251813299705532,4.55918285502686,-5.203982592849547,8.804170591092166,4.838018943610452,4.500452355318036,2.6006299673093736,-1.212382502926629,1.7446933748272055,6.205045668839885,4.352735543593186,-14.440258809413153,-18.499671040113732,-15.043658472666321,-22.91841973768191,-4.367967643113863,-9.22399623747108,-12.50075111416046,11.073853360051949,-8.312524703311349,-2.0846437216081206,15.201179422615906,1.389605395541608,7.226648672351871,-3.4317945380624915,4.172726739228617,8.948014079363276,-10.84461771530402,-0.21994319408025476,-8.76955344046145,-21.140418084877865,-5.006297903143802,3.847355597303385,-4.2156279297118004,-16.108379461133907,6.158319549913159,3.5047704560561055,11.921161172058083,6.938558695832684,-7.355758991293422,2.79786564861121,-7.747281610913083,1.6965421214115466,13.258719504566027,0.924909629876943,8.670209698994157,6.871954767167532,9.328172929520493,-10.599269101119836,10.794840569978723,11.481301320063862,6.661813748405079,4.4038803110254126,9.740466494773942,-4.418538574541752,4.603226574724634,9.005818222555888,-17.327798901647963,-4.913350066837299
neuralNetworkClass 	class coursework.ExampleEvolutionaryAlgorithm
INITIALISATION 	AUGMENTED
SELECTION 	TOURNAMENT
CROSSOVER 	TWO_POINT
MUTATION 	STANDARD
REPLACEMENT 	TOURNAMENT
ACTIVATION 	RELU
COOLING_RATE 	0.0011
TEMPERATURE 	100000.0
TOURNAMENT_SIZE 	10
maxGene 	3.0
minGene 	-3.0
populationSize 	110
maxEvaluations 	20000
mutateRate 	0.95
mutateChange 	1.6500000000000004
seed 	1646684373006
random 	java.util.Random@3ada9e37
numHidden 	14
numGenes 	129
Training Set Training
Fitness 0.01343283185585625