-0.7252707733650094,8.737378176297415,-7.24699324422374,-2.265934507902479,-17.44312962292937,-14.007876427739317,-12.448107419353503,9.29627491401747,13.343393911342323,-2.606213028295091,-6.534222436762719,-5.414831959546016,6.107230649932609,-8.965120059135083,13.097183098746926,1.788805207782426,-8.397599086081767,-2.3832824541942585,0.42047540370699554,-2.2220637710620093,21.42322516025527,-0.0824497141942846,-9.72260669533154,-7.486322092013038,-12.7100246790367,1.1815567374079574,4.168301416745076,-20.040066169694526,-10.377908300845057,1.8651114467239092,-3.418658988237908,-2.0022885688132384,16.269067732429626,2.9701013243313685,-3.9456088074327997,3.2256030086953835,2.4155929333629578,0.9749209185124936,-4.595017296237954,-13.84469727963671,5.31152774789892,-4.5578580542366876,3.9910435222860885,-4.826853576496296,-9.301232057820059,-0.662296741045596,6.630588286872957,-9.361735078097645,-8.78395822216363,5.689836577368592,0.6111998853672569,-0.37494450667525925,2.8091659264303708,6.196793774601417,1.9603832554238432,6.842281554898737,-5.291727399458715,-0.5891915430780985,-0.5743909615799874,5.673224216015921,-2.2449981094009726,-4.418423505097892,-9.821904179667403,-2.4690857892655647,-14.228360103993085,0.5359076721172551,2.107116456213893,-4.840414182472929,-11.739330706293398,-3.398947158910233,2.8618475554530294,-2.2118980838864175,-3.5428239071297956,3.612922361261452,-3.8449282517873553,0.5519299639243531,1.04420039183701,-17.309354364703424,1.721823725240128,-2.239912009492607,-20.87910158630742,-2.036118816180183,6.934516957713329,10.660026600087612,-3.2268442804295043,3.883958788024474,11.849112205737834,-18.65338982764949,11.059351818291123,-2.332370213943171,-0.9125722260671587,7.499480826271638,-5.3411447212908465,-4.855666033021226,5.2584940379511895,4.560022450088267,2.236224225428761,3.512225259187348,29.01580988872007,6.338997483903924,-14.394837355734579,2.1460299254759434,-3.2794142677332054,-7.409916135674003,-7.184916757140593,-5.734482440830066,-5.481661479691718,-12.086079636947776,-3.612857133575443,-10.866013828244446,1.7034998868787383,-8.775973406487193,7.768984605940153,-4.649894827988517,1.243416135909472,8.277159496764652,-0.8927563542093413,3.505381062820227,-9.04926714308419,-4.805835695688447
neuralNetworkClass 	class coursework.ExampleEvolutionaryAlgorithm
INITIALISATION 	AUGMENTED
SELECTION 	TOURNAMENT
CROSSOVER 	TWO_POINT
MUTATION 	STANDARD
REPLACEMENT 	TOURNAMENT
ACTIVATION 	RELU
COOLING_RATE 	0.0011
TEMPERATURE 	100000.0
TOURNAMENT_SIZE 	10
maxGene 	3.0
minGene 	-3.0
populationSize 	110
maxEvaluations 	20000
mutateRate 	0.95
mutateChange 	1.6500000000000004
seed 	1646684373006
random 	java.util.Random@3ada9e37
numHidden 	13
numGenes 	120
Training Set Training
Fitness 0.01854655289702008