-14.697132145974512,2.4199111692132202,9.307538059340505,-8.547704084643573,7.201924551841799,10.236422324268126,2.905390197247419,-1.4137158800669045,-13.979990009322833,-4.858157565347244,-8.82870791193991,4.021547611379239,-15.53925965829896,-6.958268643651902,-5.504137771997913,13.092412375988712,1.6717360832517434,-2.6203904273403573,7.557629689121081,5.594084807498008,-3.5173450829798867,2.920148623422132,-14.949980155464393,-0.6758891832359737,12.867855650569574,1.2222595245924133,6.287309614887013,-15.971234388892183,-7.999133005618427,-0.02576466224606122,12.78465834072345,12.209148464962484,13.02057196214572,2.450212851031141,10.653801858047197,-1.9773872374243249,2.3692520318076644,8.021828534664447,-2.9100140290642615,-5.766474386773089,-1.5596322534728175,-11.478948934321377,6.247194735713485,21.72320607477412,-0.46080758656272636,4.749785806792374,8.257718465136236,-12.287747255587824,3.7621400163435883,3.868951727478355,16.148585743666835,-11.520667681505884,9.490876109477483,1.674344999586614,-0.7086255261604446,9.228854964088,-3.7249787647852672,7.878708451831375,0.39339249506364204,-11.13417088328978,-4.107499175768483,8.119039124628738,4.897212425836521,-13.720460094771031,11.229325236300802,-5.654726528819152,-3.4979775057483753,-10.031439136465726,4.36081950506621,-5.528899488751886,0.15424268783353945,-2.0920345219249867,14.994053910644523,-1.4702401388570445,-0.5736606435937821,0.6654634543482008,-4.003532243304023,2.527295838836067,-5.788244178159767,6.9165474367759465,12.388403030387622,-3.777158266994853,4.010361228503906,-3.3604033076816577,-12.532491368684912,3.6901254891761095,-1.037197784740762,5.69023996185614,6.710704879039733,20.22648874881122,-1.4363689659997938,10.560141023671385,-6.335368103212984,-13.124671809355428,4.492061599634706,-6.081268221788503,10.33824484688808,-11.035026695442332,16.145695324908864,6.867274203580026,-2.0485532150022188,-5.6583747570351655,12.696539744670211,3.9029912311921287,-16.478610559791377,1.9360887493776175,0.6601276532607576,-0.7531294199912342,-2.4166952585631467,13.55364498144496,-5.672470363521452,3.6321001135704414,15.045462996477541,-7.1864871711873075,-4.993463133378621,12.830954350537011,15.568090596967233,-4.86103693421688,8.052275097226358,-0.6336869812906585,-4.016188059948445,1.461258162217483,1.5889955690930382,8.259848272515745,-6.2075821665179705,-2.849804905053375,-7.666226426009272,-14.637720088333486,-5.934508230547569
neuralNetworkClass 	class coursework.ExampleEvolutionaryAlgorithm
INITIALISATION 	RANDOM
SELECTION 	TOURNAMENT
CROSSOVER 	UNIFORM
MUTATION 	STANDARD
REPLACEMENT 	WORST
ACTIVATION 	TANH
COOLING_RATE 	0.0011
TEMPERATURE 	100000.0
TOURNAMENT_SIZE 	90
maxGene 	3.0
minGene 	-3.0
populationSize 	110
maxEvaluations 	20000
mutateRate 	0.95
mutateChange 	1.6500000000000004
seed 	1646684373006
random 	java.util.Random@3ada9e37
numHidden 	14
numGenes 	129
Training Set Training
Fitness 0.021944255309569928