0.5807116809472035,-3.6442250900388515,12.813746218772192,0.9146796277311973,2.3004686294367342,1.0559091967027308,-0.586855405964652,0.8638876850695656,16.1342797148464,5.554789457748663,1.0483656611994192,-5.77075134903807,4.344140569058741,14.48865223955544,5.463684562788366,-2.262483310305022,-7.741543324421407,4.750250180755384,-7.815615161014787,2.9749808520990424,0.5497204698008513,10.227355422508516,16.728690117011126,-15.047847406023962,-6.427235555185282,0.8475098446051881,-11.164466673609564,-0.7049998814585194,-3.160548178101867,-5.738042439462657,15.384050807173429,8.003980219683987,-17.018569539844613,-1.0416056202998574,-16.637211031538847,-4.202110891846239,18.126799703530935,-5.255373280185413,13.001475916260192,-5.34625189531217,-0.38169008862633724,18.913666229088676,4.156571502785448,-8.625454553552364,-12.031745910778822,-6.133119383697167,11.91931367015205,-6.414091662509904,5.646950864539356,-13.549453516442457,21.105827956722813,0.366740975490524,4.445494327386255,5.891364463573355,0.8177994450190775,-5.188848075059386,-5.575076250456618,-11.647575123011528,10.508228180719005,-4.0759064142416275,-2.3835678675293055,-8.500215813384447,-0.4737364559275692,-6.201388491004934,-9.040760035341943,-7.107194079666952,-4.3505166925351695,12.781695595528559,2.778843324445404,3.2933137428889534,3.105586091505227,2.7197857830634664,1.1049384502750463,-5.223885703210567,9.50125039006341,-15.189191438436538,0.20771319784596365,3.9548096191091755,10.355175489245774,8.985855056036138,2.3079705261660064,-7.2533342674763635,-5.312615975601908,2.8190414898592593,-8.06824834589315,-10.503189698750278,-13.528917181232455,4.069672121103306,-7.156917871639878,-5.757714803195858,9.701930303642115,0.2668752048583638,-9.941392481109226,8.65313763339815,0.1398485571794872,-17.217873402172756,-1.5200771258380072,6.606649945552162,15.406449156092723,-16.316067793991863,2.781518900575457,-7.663742978669189,-10.601767064809989,-16.954252244581177,15.496034805107469,-17.689603101917953,-1.796281930177086,6.077091754984451,1.6854500395455236,-4.070542847790174,5.263422599682173,5.40128716597631,0.6982109288259668,-25.65665990788991,-4.250433271095641,-9.537629800732999,12.542734069285325,5.199570762336439,-4.457484072649683,-6.306937653077263,-8.586370942264093,-4.299338357029498,4.447503891585274,6.459266072192339,-10.546087516935879,5.4010127287586975,-6.580346465819452,13.699202542013747,-18.689968098190995
neuralNetworkClass 	class coursework.ExampleEvolutionaryAlgorithm
INITIALISATION 	RANDOM
SELECTION 	TOURNAMENT
CROSSOVER 	UNIFORM
MUTATION 	STANDARD
REPLACEMENT 	TOURNAMENT
ACTIVATION 	RELU
COOLING_RATE 	0.0011
TEMPERATURE 	100000.0
TOURNAMENT_SIZE 	90
maxGene 	3.0
minGene 	-3.0
populationSize 	110
maxEvaluations 	20000
mutateRate 	0.95
mutateChange 	1.6500000000000004
seed 	1646684373006
random 	java.util.Random@3ada9e37
numHidden 	14
numGenes 	129
Training Set Training
Fitness 0.017233812154916976