-0.22552659180096502,2.8105843698123563,-2.2035794451820667,-0.7146964433730343,-2.370804078245609,2.4215174890374005,0.9769599637804562,0.6773331253045596,-0.13571205570197087,-1.059296564176804,-1.4844229777596387,0.3735600406091377,0.7345507658897716,1.7103519465973775,-1.3346267996002186,-1.669988456261173,0.651884049530099,1.2720986676023074,-0.3742458062046361,-2.77154130538169,-1.5335372770343463,0.6892806424871116,1.0465108042581441,-2.124437597319505,-1.8773304738247714,-1.6805042279143594,2.56711728716481,-2.572156392344454,0.10503048336198173,0.4978551796394055,1.5057317780506914,2.484048508275915,-1.4531475903989928,-1.5513762793177326,-0.12168084597602746,0.09312172056772727,-1.4772090552985089,1.9735535131678912,0.6942974989965647,-1.1939387186720376,2.2359592528216314,0.22523743197605484,2.444893645631402,0.28052987966890086,-2.988708661335003,-1.066594804064017,-0.4961515638253067,1.87029363809261,1.040688513664902,-1.722031825967766,-1.2401514017261874,1.4827823040528285,1.4056056897739806,-2.274680858498134,0.5184299329761419,-0.7146964433730343,-1.490716739471127,-0.20468638528477712,0.9979165568869517,-2.81565552809201,1.4708099238250938,2.659881779947968,1.37234554559436,1.142973249033238,0.07639637325961246,0.6709917974509532,1.2720986676023074,1.4285730692731065,1.3840291320606983,0.8345009644106254,0.5470427347680182,-1.7334347934999095,2.159704016490954,-1.0362126343733193,-0.0036360539339117537,0.8152084509875221,-0.1255009903846691,2.3512604326219018,-1.2429879071113759,1.013353315664295,1.4868671696906066,-0.8807032269423347,-0.40895559685768657,-0.974404032962485,-0.06469715456247904,1.6620549459853606,0.012509811461540288,-0.1953725672453892,-0.8810723479510258,2.9674813494235943,-1.247466324189549,-1.945687157878957,2.53198606253608,0.7571452755363524,-1.9196544719091437,-0.3110981410560836,-2.9964458452444376,1.531678122422873,-1.8707436244468854,1.3712700806172453,-1.2674060003773693,-0.7146964433730343,1.7510306605636572,-2.321699211564823,0.90040080839124,2.9898631824681345,0.25253454282450294,-1.1664783273387578,-0.7282711798001582,0.6087795826237876,0.694076734842854,2.0219472593394006,-1.1885297472397898,-2.382522391372251,-0.9900318058189668,-0.08445988041227936,0.014626240542067848,-1.2203575924447834,2.025342673756276,-1.7588189382627901,-0.08903496341845685,0.25253454282450294,-0.8752887642115978,2.5138055562459316,-2.3874304490048983,-2.345594061667515,2.054400199682057,-0.7642077854670477,1.536789814589505
neuralNetworkClass 	class coursework.ExampleEvolutionaryAlgorithm
INITIALISATION 	RANDOM
SELECTION 	TOURNAMENT
CROSSOVER 	UNIFORM
MUTATION 	ANNEALING
REPLACEMENT 	WORST
ACTIVATION 	TANH
COOLING_RATE 	0.0011
TEMPERATURE 	100000.0
TOURNAMENT_SIZE 	90
maxGene 	3.0
minGene 	-3.0
populationSize 	110
maxEvaluations 	20000
mutateRate 	0.95
mutateChange 	1.6500000000000004
seed 	1646684373006
random 	java.util.Random@3ada9e37
numHidden 	14
numGenes 	129
Training Set Training
Fitness 0.05032438010659463