-24.291288677783832,13.670428193540705,11.721813511506934,15.47550628957264,-5.159651927916096,-5.445098378689484,1.608755202042511,11.23694443404545,-9.506866510571351,1.3536523931780753,9.49868112639467,-1.3706081129964316,-19.359131946083494,5.526029440349662,10.824266992815424,3.0066713146238904,7.923031912614924,2.309073675548432,-11.856742812827306,33.18620066907566,-21.5002362166247,15.864641097019385,4.146954567188202,-0.7478000501282507,-2.4773627226571726,7.02326286554476,6.721344349764301,-11.933179666708886,9.091717907049311,11.378225104784278,-16.139589377710266,-1.8334695064413085,22.6792451309299,-0.5026232625340814,3.244396564563182,2.294494699910132,-4.0248873745933285,2.229917543814338,-4.445706978651971,4.926711440775789,-2.3572118670216646,4.833166211741389,-6.335650415572619,4.230136347970527,-13.827480960310158,-0.7734595633944092,1.5608129859768374,5.224534369290136,3.9764299101577976,0.21297191579180907,1.3258975958447117,-17.99167452222573,-6.600198764841599,1.2555496810564666,-13.293569993366804,2.686431287359577,-5.495234914995372,13.84891917716796,-21.993721454923936,3.4741040527207385,-5.999097056016733,0.5909009231017261,-0.38455256629373746,-4.018783296303688,-1.3808630397287613,-12.01590976440695,-14.853120507066611,19.39978142242017,2.7365970057307347,-3.9564616085476105,4.066629875894764,14.462691952755877,14.128696606039224,6.267274435823466,-3.748422973070433,-14.48152343401651,0.9795234613261332,-14.305133562143492,-2.008129575383844,-14.146829910978148,0.974942569972562,2.9410035979935083,2.0384254159280264,-3.818422893868047
neuralNetworkClass 	class coursework.ExampleEvolutionaryAlgorithm
INITIALISATION 	AUGMENTED
SELECTION 	TOURNAMENT
CROSSOVER 	TWO_POINT
MUTATION 	STANDARD
REPLACEMENT 	TOURNAMENT
ACTIVATION 	RELU
COOLING_RATE 	0.0011
TEMPERATURE 	100000.0
TOURNAMENT_SIZE 	10
maxGene 	3.0
minGene 	-3.0
populationSize 	110
maxEvaluations 	20000
mutateRate 	0.95
mutateChange 	1.6500000000000004
seed 	1646684373006
random 	java.util.Random@3ada9e37
numHidden 	9
numGenes 	84
Training Set Training
Fitness 0.01115626384463277