1.1588766318696635,-2.0220225125588835,-0.031314912265385075,-0.2764441480112172,-1.5814220378568098,2.5232519315120907,-1.6711608496857653,1.9117593993233095,-2.3779246839526262,0.6957977033866509,-1.5470293695505704,1.076170546287373,0.5879944873246119,0.28380255860016135,-1.2134532553830724,1.2130803859755215,-2.3726681677696453,1.7077574045980537,-1.5470293695505704,0.13147875198480197,2.2868971446965425,-0.5915008174396781,-0.10722429531102051,-0.3744966569811017,1.333971572966294,2.9734236424475977,-0.4348786632543824,0.442802115728834,2.807648752005952,-2.2034278965575704,2.5272199193327145,-0.6340721123302311,-1.829121673190047,-1.827423750684575,1.2230694415120196,1.5315373960361098,-2.7414673235968934,0.3527069199086865,-2.201967334614497,-2.358590906367794,-0.3744966569811017,-1.0120545902443707,1.5420980479793522,-2.759876853832324,-1.827423750684575,-0.7752821579316826,-2.606318990633792,1.5420980479793522,1.0657427248926146,0.32864056489448457,-2.8730346335328454,0.22230794339172855,-0.7110203328108575,2.037898724808688,1.6970914038005418,2.796425837435115,-1.4614790556519817,1.2752718510814214,0.41547353437386647,-2.4535183464416557,-0.9334553995207813,-0.031314912265385075,-1.3353633883668437,-0.3445474193711551,2.365928813148397,0.8616806885964721,0.8616806885964721,0.7462361060040683,2.557952171672695,-0.7913899459110927,-2.7066033540625054,1.2148942705541952,-0.9879364289158743,-2.2034278965575704,0.2386013369046407,2.8446120218442834,0.3852909948345622,0.05465875947538379,0.15714796580105617,2.1711902074970633,2.357838348739591,1.077023951654696,-2.7521225977350063,0.17209267109099402,-0.4198349351504169,2.796425837435115,-0.030418974048726177,1.8409593056210793,-0.4348786632543824,2.5033161092497016,-2.1840694639670803,0.39393537832881265,0.4207776480698673,-2.1018802164153465,-1.801918253000581,-0.06875412652233681,-2.714779827920679,0.7499949617862907,-1.2134532553830724,-0.4153280044465122,1.019626228800619,-0.045176147199620154,2.4200121350076715,-0.2764441480112172,2.6914655763476603,2.796425837435115,-1.235012709663451,-1.2285934577912472,-1.1187757203270532,1.762868205820122,-2.4334185991255715,2.5595423950693625,-1.807672612932068,-0.9861757912151949,-2.970402547696347,2.8555220134141077,-2.2114557299704853,-2.953123879258566,0.6997912788445086,2.933614825536793,2.944180948386351,1.6598074164797403,-1.5605925526533433,-0.8889428927890566,1.1112080541524874,-0.6667605224189757,0.8097662756083368,-0.5544160088042842,-2.49968104293158
neuralNetworkClass 	class coursework.ExampleEvolutionaryAlgorithm
INITIALISATION 	RANDOM
SELECTION 	TOURNAMENT
CROSSOVER 	UNIFORM
MUTATION 	ANNEALING
REPLACEMENT 	WORST
ACTIVATION 	TANH
COOLING_RATE 	0.0011
TEMPERATURE 	100000.0
TOURNAMENT_SIZE 	90
maxGene 	3.0
minGene 	-3.0
populationSize 	110
maxEvaluations 	20000
mutateRate 	0.95
mutateChange 	1.6500000000000004
seed 	1646684373006
random 	java.util.Random@3ada9e37
numHidden 	14
numGenes 	129
Training Set Training
Fitness 0.01749980002960305