1.4329461240508112,-1.9809375440312564,-4.626829584929812,0.6614294174537108,-8.733571164007907,0.057638542307470786,2.6458425104114776,10.85858768622372,-1.3890810972169172,-9.248756378330237,-3.777847933836531,11.341013469983142,6.980415078723263,-3.576824789145684,-1.3430062830493399,-7.477643414531369,-7.762099470678024,2.5030106432036376,0.735580473629323,7.491143672726535,-6.049688874937457,-0.9568635965944603,-4.100691259355159,-7.034964539945827,1.009329274575606,-8.592406772908891,-3.907309803572643,0.3897818745566326,6.320185824025063,1.2064179928948175,-1.590877514400268,-0.8574225544148746,4.42120509216077,1.3060850966897215,-2.3574345625865263,2.0756964426577813,-4.855131212837919,3.3415724225111747,-0.9310101858558193,-5.700046005801951,9.416726965524655,1.4879994969803163,7.635756743425489,-7.291286338267491,9.761527065971464,-3.3802948377819106,-2.9711096485787145,5.481834565965149,-2.6535189710829474,-3.4579443469900952,3.117495347321646,0.7851210140982081,8.839636385463846,2.5261960423295653,-2.8086259758723733,-3.305489169018223,1.4468656019000674,3.609379787549133,-3.287808568642589,0.525410153947556,-14.335967898729193,-5.856570114460013,1.7403338027757949,4.436254011249895,6.741441534608157,-4.068686733428977,-0.6210959558509526,0.6515446397820943,-0.4942696549559997,-4.2632739332395575,4.143094195567332,-6.586708936608623,2.219894316369901,-1.2659889242220874,8.967469889382556,3.6709431440189997,1.7852033185373282,-4.564346029743162,4.155502991431382,-4.641409388818833,-3.2507036103921374,-0.30797988775711715,3.8049793890687322,-11.215637287957884,10.832800050487492,-3.597078306435157,7.7597130568803365,5.320641691428696,-7.127643744261707,-0.18697543759039537,1.542286479543682,2.984871582703307,6.750996621388385,1.6330244759387025,-6.935657913430926,4.9894168927497,-3.9526568720884967,-3.7140538035119963,-7.9097599487227495,1.3650986906436593,0.8831661420945061,4.572842748907462,0.04669822979622218,5.026704694192852,-5.315626863830634,-2.465413909469544,-5.674674676468479,-1.200053990320594,-5.406446391063959,4.506375258515561,3.416757570584206,1.667999588129847,0.9827457951572458,1.2189954721154646,0.5444006062402273,2.1219532269067365,-1.1868543916436618,-0.20420431839362596,-6.367416515359741,-2.2868625681210997,3.0240175893330274,-4.7732348933500655,-0.7517806058198451,-2.7434989591192833,-1.4438798721351054,-4.828980875501197,0.7968728226550619,0.12286331606932288,1.2255008046652813
neuralNetworkClass 	class coursework.ExampleEvolutionaryAlgorithm
INITIALISATION 	AUGMENTED
SELECTION 	TOURNAMENT
CROSSOVER 	ONE_POINT
MUTATION 	STANDARD
REPLACEMENT 	TOURNAMENT
ACTIVATION 	RELU
COOLING_RATE 	0.0011
TEMPERATURE 	100000.0
TOURNAMENT_SIZE 	90
maxGene 	3.0
minGene 	-3.0
populationSize 	110
maxEvaluations 	20000
mutateRate 	0.95
mutateChange 	1.6500000000000004
seed 	1646684373006
random 	java.util.Random@3ada9e37
numHidden 	14
numGenes 	129
Training Set Training
Fitness 0.022608380703793104