0.8385231915244113,-5.192519359791873,-6.517507367061416,-11.02294396829989,3.673977748906145,-9.586231120352856,5.49932559924542,11.863280768364147,-4.1005962725678025,-7.164030448666312,5.644353165211026,-1.5079069292786245,-11.627538110286698,1.9727079993498688,-1.5314766061771539,6.649859337402853,-10.839776824111235,4.16749039421873,-0.515839728122395,11.000441391259782,-3.2280575470950152,5.819293763079939,-1.9377680169517624,2.441401440337411,0.8437914594403169,-11.330266789297125,-6.416671028648155,3.386337472825085,9.314892593295298,-1.5396504868727034,-0.17943707170706658,-1.308300885121255,-2.685141126102453,-6.499957669453133,14.913457875261576,2.3491633921649115,8.257650305784503,2.1041627797960065,-6.702240352341745,-9.67011365259985,-1.9388326359537476,-6.974241616754227,-3.619294839747635,7.669682388057712,-1.4758850671365704,-6.641547843883274,9.732147280857191,2.1619148156908463,-4.208726064781647,4.4619197149212475,-6.744705190132114,0.6901163570145346,0.8379326757172039,1.7574118325819783,-7.718318193054666,-5.814906525134031,-12.933665431400401,1.4997589434573313,-0.4216559742820052,-1.8309964109073484,1.8941125725207617,-1.7712296143890702,2.373537581852163,-3.4358755493444613,-6.248214400009555,-2.688066016324959,8.875694951091294,4.271775075375583,-3.06899272268703,1.8868015980927821,-9.952579034903222,-5.351672527994132,-7.862640724132612,-2.4420713948419563,1.5584441543216117,5.20798523763089,3.3760986278268668,2.762226006779139,-3.0152037924940984,-1.1902622340924753,-3.388627452474926,6.375562078041975,-1.1476497118474653,-1.3363642753752756,0.5140239896917129,8.442437959741044,-10.196287523687669,-4.680735405110264,0.20022577244290618,2.657045159850496,-1.3891859570382414,-2.8104703097735997,-7.249718825086269,-13.092001646123945,-6.663581139996239,-1.2718995884110709,6.109048640220626,16.12051862592932,3.6536129111530884,-2.718406188026016,-4.805950692140833,13.313830026151749,12.394455201120177,-0.4909347372672337,-2.300569337221123,6.238013518811087,-15.070168382776425,1.139104884088891,-2.241434998731544,-4.123949172329688,9.438405107631368,-5.499924432418832,-1.7973245315810202,14.443268648510161,2.615923636540076,2.4367604340811826,11.78998714750821,-14.112113773079521,7.757000555714731,-10.264325280514855,-2.632986845102405,-0.944654452739806,0.034842735082827314,1.5340283640907075,0.23569286153702462,-5.749405003913578,-7.402235431324733,1.565062623948196,-2.1877881366397367
neuralNetworkClass 	class coursework.ExampleEvolutionaryAlgorithm
INITIALISATION 	AUGMENTED
SELECTION 	TOURNAMENT
CROSSOVER 	ARITHMETIC
MUTATION 	STANDARD
REPLACEMENT 	TOURNAMENT
ACTIVATION 	RELU
COOLING_RATE 	0.0011
TEMPERATURE 	100000.0
TOURNAMENT_SIZE 	90
maxGene 	3.0
minGene 	-3.0
populationSize 	110
maxEvaluations 	20000
mutateRate 	0.95
mutateChange 	1.6500000000000004
seed 	1646684373006
random 	java.util.Random@3ada9e37
numHidden 	14
numGenes 	129
Training Set Training
Fitness 0.021227425737250845