-7.2644298154619875,-11.245491124921589,20.729352457088794,15.975268756512806,8.584752525548486,-1.1785348147330525,20.640597947702503,0.7880476571001989,-5.966940834602447,-8.151859650325921,18.359440674179965,3.605429794716154,-15.903772872502987,-5.203905912281822,-2.244266675850172,-10.815670530043969,-0.3557519779621785,7.700670564697507,-12.823644145667053,7.406903889469961,10.12353244405797,-8.986816943236295,-4.257753256500472,2.943447112431959,10.293525887228023,-13.590339791037,-5.2181470545362885,-1.927292088521117,14.099739984646586,7.390750345947586,20.35245255182116,-8.169090493719787,-0.41398570152886816,10.187617351208166,-7.474588831587216,-11.205268234511626,-5.732807707963703,-9.133608965750227,10.423543191692596,12.125001873641985,-13.910752728159858,3.888975163268377,1.2483598590803036,4.056822795674952,6.047256625685488,4.090745906507012,-9.427907150543707,9.168354702778204,-13.8875166414066,4.825910984633076,-6.956005911910609,6.944447306235567,7.388178895359982,20.05903197813751,-5.027479765625971,-4.077192782186639,6.01958620283855,-2.6035524590183527,-2.455380445382847,5.269366506138556,6.476976117932638,-12.6459284906666,-13.619549868394342,-1.0239945110499944,15.711413091296405,4.048269820277467,-24.253535693569198,12.307765103420017,7.501304530302514,-0.47574138858936976,-3.1880911664661298,6.098170335173393,4.963646717033271,-13.048300821022787,-3.0666071958417866,14.650268829807949,4.347240334913872,5.36989845763722,11.43929215258718,1.8474745747587775,-14.19399084352532,-1.2947407898859353,-2.7396377488849204,-2.0377099401688135,-2.081088671595351,-2.488640770590127,1.3650442940305183,-1.827534643254019,3.7787961872955105,-1.2527284963563394,16.30755773489797,-12.59686313357768,-5.53408338661791,0.6624724806520916,17.28398267089356,10.609970726362407,-5.447333568552446,7.346920524677245,-6.333857518916648,15.352325437130839,-1.2955281161041068,13.832620218460828,16.645209308790633,-8.723074065958263,11.647626714273944,-19.45177770217738,3.266563118003317,-2.3584685835269816,-5.781782381282964,3.530945589869014,-10.875456479528877,-12.445440330800377,21.68714816867486,16.590336883216565,5.26034531416458,3.04061853391309,9.224627896510084,-8.353874035510694,9.968414933232305,-7.7366252103596,-5.026647894010676,-3.622339371129696,-14.333681877340231,6.646181826437859,-14.457041983626707,-26.574855457052898,-3.429845902868111,-18.672636763982197,3.9692027306561144
neuralNetworkClass 	class coursework.ExampleEvolutionaryAlgorithm
INITIALISATION 	RANDOM
SELECTION 	TOURNAMENT
CROSSOVER 	UNIFORM
MUTATION 	STANDARD
REPLACEMENT 	WORST
ACTIVATION 	SWISH
COOLING_RATE 	0.0011
TEMPERATURE 	100000.0
TOURNAMENT_SIZE 	90
maxGene 	3.0
minGene 	-3.0
populationSize 	110
maxEvaluations 	20000
mutateRate 	0.95
mutateChange 	1.6500000000000004
seed 	1646684373006
random 	java.util.Random@3ada9e37
numHidden 	14
numGenes 	129
Training Set Training
Fitness 0.06020102316275258