16.897019562747126,-2.525729692234096,-1.332105830545875,-10.185764188091698,4.997619790050333,-0.6098260082918316,-6.135768573279957,5.827815754374606,3.0340480436445514,5.557927920755908,-2.379191815343577,14.067597850573849,6.9223840689215415,-6.907333514344745,-10.623891525983904,2.8098279553177106,-3.7309483452477696,6.974913085712622,7.840252000656712,2.735907976919137,5.337866518732633,-3.236081713580619,-1.265786572682659,3.346475623113949,2.205278318609409,-10.024586364216534,-11.804819549761726,-4.476795361814846,9.54801829215619,-1.40413802669522,-8.249071073131843,5.788877303077705,0.07991985516796607,-11.562203775848015,-5.90438517729854,4.828466835305614,9.761166908527349,-11.903860409087333,-5.691910131440368,13.488863588991006,-3.031737603656371,2.892076289493149,-0.9054457861609073,-12.101871084614464,-9.198218314769829,3.7594863298001897,-3.988894565776893,0.5839537775439645,5.855428660941181,-0.1952475153405464,12.475417060283082,-8.928410325919586,0.22382450334934845,-9.261243539047587,6.511967873217467,-15.955756821094845,2.482317021223797,-2.8796355093524078,15.97485171140871,2.1079187087966496,-7.034539524564206,-3.9985606579807325,-0.4706898891023519,3.749170261101744,10.49091228846104,-6.192225448367537,-3.922779346039148,2.628635532174725,-1.5916036357569139,0.6873901153617297,4.488001601985617,-6.938674379012964,4.880213364066684,-8.772856551102809,0.0716001390519656,0.6154666984505415,11.192900228530215,-10.771716257836706,2.1161421614845013,-4.935503971256177,-1.517197372369341,6.997201279654849,-2.748568968732962,-2.4096013402600125,13.172437960588852,2.4201918481568176,-5.498530960429262,-4.20497560238179,8.327984994948807,5.470931575246099,-7.032795196351617,9.683796799147837,-0.6310237602537958,-11.713953218297739,1.0805651814350679,9.400393713562867,-0.07339270620529081,-1.8927031511696137,3.5550036191427345,-3.5511158080842327,3.2091270144015436,2.6285370680313163,-9.515544249785822,-2.9829264652967833,0.8623362506056349,3.0654663890527063,2.7929869683226176,-10.393023231201086,4.036349872429643,-6.412607609200929,10.613781247426578,-0.8566075391748305,4.0784775033513165,9.778742971016653,4.547097693672259,-3.7304092748230655,2.2501038786403367,0.1836119858842853,-10.32322708470365,-1.1066295469804661,4.678582398396826,-9.180502371349203,2.376341165211308,1.883998338141903,8.197289653441857,-10.526354105026048,-1.153456817178336,0.2825991928756144,-0.24615059127314787
neuralNetworkClass 	class coursework.ExampleEvolutionaryAlgorithm
INITIALISATION 	AUGMENTED
SELECTION 	ROUTE_RANK
CROSSOVER 	TWO_POINT
MUTATION 	STANDARD
REPLACEMENT 	TOURNAMENT
ACTIVATION 	RELU
COOLING_RATE 	0.0011
TEMPERATURE 	100000.0
TOURNAMENT_SIZE 	10
maxGene 	3.0
minGene 	-3.0
populationSize 	110
maxEvaluations 	20000
mutateRate 	0.95
mutateChange 	1.6500000000000004
seed 	1646684373006
random 	java.util.Random@3ada9e37
numHidden 	14
numGenes 	129
Training Set Training
Fitness 0.04271665225569246