1.233117724587859,-4.332497727004331,-0.5267875383055731,5.0602593941394005,-9.785265335820819,0.3846032650369038,8.607012304198996,-2.22771030467337,-4.328437381773952,5.093317850822299,-1.7211585705669599,-9.499164323981978,-0.8386506081006551,-6.671977206299758,2.80599554554997,3.8705059512075923,-11.845801526808717,3.0975480692783686,1.5480667807156756,13.783097950301798,-11.834909772988091,6.175584658843795,-0.3292661035468427,-9.006355471926808,5.295606135968912,-6.17692618903719,-1.012375746930008,-2.353756088878103,-1.455240589482461,0.6758165290994627,11.714169131830229,-2.6746280780954947,7.831251974364319,-5.315160168192631,4.468549967922964,7.451424665365126,-11.410597391670583,-16.161146882270593,9.093500953837633,2.4597858232659355,3.208410138645461,-3.7725746403887674,-11.20109244981173,-3.4492404194069293,6.079541322056353,2.1203111345411934,3.438811213197721,10.38325845394203,-0.20174906325697783,-12.15735281520059,1.237604462851988,5.5581800755892985,-2.7118341598417652,-0.2824564562131222,-6.03113086286862,-6.852045432478906,5.571285656940723,-0.07311514680021958,-1.483514697225072,-8.573206824088636,-8.296323786940526,2.1579579210407047,-0.3386913706557113,-3.4082886288002596,6.17835104128266,0.7078158048460059,0.3878878593285844,1.9874509406070526,5.6669598310410345,-12.09091117940137,-2.555638422686849,2.208969078945522,-2.97067451343392,-12.279753999415703,-11.685148216853273,0.4032127826755496,4.414790898025918,1.1401101533883917,-10.872662974669987,-4.222561674888285,-4.238239779150079,-6.6392742866659695,-2.4288350039426527,13.635306840136336,-4.262243124425186,-4.211753151930141,1.393130750212423,-5.188392098663925,-8.46903394176045,-3.8831877748952692,-4.239077449418401,0.06613625439091297,-2.216697349660466,-2.4904649761496387,-7.225117754046996,0.15507929542277132,1.9188942681470342,-11.82949055419877,6.591783454852029,-6.8883925602618366,0.6990239149908879,4.779684510682714,3.528721036081106,9.405681847794165,-2.277621456389831,2.501238104139741,4.375543587627018,12.997837255541679,-8.20128617122723,-4.523683923066953,-14.034432539954581,-4.714151052114392,15.168516802740236,1.2869606686267314,14.313307130019984,5.565841038021734,-2.547622956602658,-8.942647277918557,3.6041638653051082,-5.601461919079666
neuralNetworkClass 	class coursework.ExampleEvolutionaryAlgorithm
INITIALISATION 	AUGMENTED
SELECTION 	TOURNAMENT
CROSSOVER 	TWO_POINT
MUTATION 	STANDARD
REPLACEMENT 	TOURNAMENT
ACTIVATION 	RELU
COOLING_RATE 	0.0011
TEMPERATURE 	100000.0
TOURNAMENT_SIZE 	10
maxGene 	3.0
minGene 	-3.0
populationSize 	110
maxEvaluations 	20000
mutateRate 	0.95
mutateChange 	1.6500000000000004
seed 	1646684373006
random 	java.util.Random@3ada9e37
numHidden 	13
numGenes 	120
Training Set Training
Fitness 0.012505965979159523