4.440760300753674,5.31238686682701,8.601607318802419,8.33317671748138,2.037818555862339,-6.83017250435392,-6.083759533868227,1.293903516020226,-5.4982568998834624,-10.584695740280399,-9.788113864556706,-7.750967423757276,-2.27403162259429,2.6697354884250313,-6.034759769181639,12.522323470925485,3.1780354580853203,-9.901544697267498,10.512524535271472,-1.4192204142722753,4.917856994110682,5.5501375034646045,-7.606832748186559,-3.2945865374912344,-3.8008337209282157,-8.01929232093423,1.589102957247372,10.23870896320186,4.619402648521886,-1.9393480582161828,3.964300997400474,-3.4604874731480555,-2.833315319123672,-2.979035916211016,-3.72309720471457,5.1422946395450495,-5.635329481742623,-6.531439191934652,-10.127125715377993,-12.89731465065456,4.487003519062295,-3.1536708527900226,-2.974649145957126,8.314897476846477,3.852689543912957,-7.073942567529608,-1.5921222582060643,-8.490887397356886,4.672150736564709,7.20433608348041,11.6325201201063,7.228115556862188,-2.1591508302305815,-5.077899105242491,13.145342685068782,-1.557575484261835,5.473272099556418,13.69782745797043,9.55203026487148,6.541874152860599,-1.7652809188838816,4.452471192197771,-3.6045545684196316,-0.11092921138605583,4.36172928218092,6.461083303909062,2.324692051645888,13.286349127766215,-3.6858636167748293,-2.2583809688990932,-10.11822260879998,-5.157178984779845,6.372636621266237,13.285790700190654,16.23723880249901,12.731817840513298,-0.2645967046411517,-13.600096540589378,-1.7698758006548436,8.05148913603,-0.12431900612271418,-6.644551740109007,-6.739510641839789,-7.107469332759807,6.949439606659102,1.949811752155191,-7.055901861006754,1.0769759890514576,1.038067794604303,7.896799568377858,-7.2807143448030684,-1.9893023531006122,2.975733478411554,-4.295245264080965,5.54496708304956,2.6897230946081985,-4.855562628432572,1.5568890727135765,-9.203450823550984,-1.9833166316552102,3.7719343075614544,7.0340317242128165,-12.796975826070877,1.3186721287033514,10.138595283975102,-7.235665674366144,-5.526200298554434,2.21150418080801,-1.3610685867022436,-5.1524413850139545,-9.312158372036361,-1.37217651894803,-4.498099708308584,-11.266591695152465,-8.63951987746802,14.417721439381484,-5.148737748848001,-3.2660473141197377,4.96475266244661,-7.959512492300409,-14.46684602837843,-1.8304745081056577,-1.3355686102869395,6.294824460618443,-3.897305843663159,-0.014431495775772518,-3.1850947854405796,-8.867677405961214,-9.405164702324196
neuralNetworkClass 	class coursework.ExampleEvolutionaryAlgorithm
INITIALISATION 	RANDOM
SELECTION 	TOURNAMENT
CROSSOVER 	UNIFORM
MUTATION 	STANDARD
REPLACEMENT 	WORST
ACTIVATION 	TANH
COOLING_RATE 	0.0011
TEMPERATURE 	100000.0
TOURNAMENT_SIZE 	90
maxGene 	0.7
minGene 	-0.7
populationSize 	110
maxEvaluations 	20000
mutateRate 	0.95
mutateChange 	1.6500000000000004
seed 	1646684373006
random 	java.util.Random@3ada9e37
numHidden 	14
numGenes 	129
Training Set Training
Fitness 0.02980235532256624