13.306948230872825,-15.43150804893066,-2.264331130152481,-1.4526688255735483,0.2396451208601995,3.2077696423956947,-7.789088142912201,13.149317853452022,2.838090323018122,-8.863802979616334,-2.899742225319301,-6.7518449639318625,-2.7795947250175903,-13.360859808825715,-1.7346848263164576,0.6116174187245722,-1.6106437509386504,-15.21311465548824,-14.873023045055788,1.9630343491372715,9.504104585780402,5.912136022584683,-2.191877180517939,-7.103788290234128,-0.14011805008945633,-0.39380011614888133,2.933938274172398,8.887617127871822,-3.176052440004076,6.10834624678745,5.232250712282169,7.254821162268918,-0.6060398130101596,17.82902661092205,-8.871567404428017,11.085773499011912,2.0314190150190843,-3.8173891672906057,-11.399680636339458,9.507828773097188,-1.9718976355792144,1.5090036218988931,-2.1017610455205755,1.3285229645332475,-7.912544026360434,-10.064034255898278,1.6436472530379014,-5.288063253191229,4.295656255888163,4.575176002168064,-23.502986725368856,5.505068717420607,1.118597374379105,-8.294968905808577,-0.31850432203169454,-5.002023181056109,0.3913239495357228,-0.4281095034678133,10.313600463078616,-0.16046755301345472,-4.4345441909499606,0.08893580888899866,10.125409105845854,-5.162531991886926,-8.402076880521664,-6.421976356475837,5.265113598625691,9.646983638719838,1.5508547742435432,5.234872794410041,5.583494222973236,11.496516013094473,7.677736052014864,0.4016373305731138,0.403623954742792,-18.337642871476014,-2.7550250921953476,-0.24662203632681612,0.3794817583404715,-1.7643526918869452,4.680789482974193,-1.1038449564540738,3.6263056865743435,-0.12414749047136908,-4.395146353798355,-14.26557253845122,8.851414914337917,-1.3858277744740937,0.5724096012631072,5.144153069899979,-0.5711213586379618,-3.691590692203648,-5.134418612093153,3.785446265997005,-7.955192300559167,-17.192329368080603,-11.617604547627806,2.2048602940491726,-11.107806450436268,-8.78914856876957,-6.9394617037972175,0.1623222861226612,6.115117652230913,9.897193829701267,6.3781550447543855,6.521459915836521,-12.608197204779794,4.8202949853298644,-12.651984641497716,-0.4854804172896401,6.154375907575131,-1.0612234907595441,-0.6358526175984345,3.9842874295798936,6.770360991557105,3.407412928804696,0.2215634287947239,8.8153843211575,-4.743181124719699,-6.478147397315171,-16.14002555509809,-2.80398173240017,-3.137301283163465,-0.10184953548736031,-2.2685858271994626,5.348737510032045,-8.061634756506939,15.375168541154386,-8.740533129725211
neuralNetworkClass 	class coursework.ExampleEvolutionaryAlgorithm
INITIALISATION 	RANDOM
SELECTION 	TOURNAMENT
CROSSOVER 	UNIFORM
MUTATION 	STANDARD
REPLACEMENT 	WORST
ACTIVATION 	TANH
COOLING_RATE 	0.0011
TEMPERATURE 	100000.0
TOURNAMENT_SIZE 	90
maxGene 	0.7
minGene 	-0.7
populationSize 	110
maxEvaluations 	20000
mutateRate 	0.95
mutateChange 	1.6500000000000004
seed 	1646684373006
random 	java.util.Random@3ada9e37
numHidden 	14
numGenes 	129
Training Set Training
Fitness 0.020826791857125746