-10.671057509292565,7.5676514856601536,0.3729135559929513,7.712831715068267,-4.26128418297439,5.515935099026359,-2.803978337575889,-0.6870256485236341,-2.977658373204044,1.4714371997198965,0.7857151931164505,5.124193236911815,-11.849165737635648,14.263796569492795,-11.29642801337537,-6.649028637041556,-6.3164137726375955,-4.54804171950421,-2.304827032429416,-10.521584482722117,8.637172545891493,1.4118708951915604,1.9265085231993906,4.772244357122929,-1.7213228899706259,-3.8246387760955454,18.512749140893185,8.825091449576863,-9.802517506713816,2.0779419679938638,0.397030782450825,-7.803477721062489,2.876266896850696,-2.6630294407752464,-2.72754173495105,-2.5234121213949674,-1.663760061177042,3.532759624380562,-1.4364265602708763,8.82265840943319,-2.3265454558073153,-1.2960980441039185,-4.155918366425582,9.776701880892796,-10.167675957938044,12.144251417068936,-11.484320706180931,2.8150964743866824,-3.9707297662311802,-5.947329894969698,15.608369815535852,8.615484394044216,11.243730197586292,-3.312176504533067,7.185703073440896,-0.5549011140630418,-8.964461654099441,3.5689794683077247,5.1489205072224316,0.582418399256623,9.827005253511583,-8.060062463489336,-10.567965499746192,-7.8710787073365935,2.4048059008008558,-5.323115242418293,-2.4845821140347963,5.550138794153705,3.951090468786978,-0.6278479691029748,8.658526446300757,-6.994875479658383,-5.8449760345643575,2.814509193158832,2.0629223550329066,-12.819118258734017,-12.864736973923526,1.1128150003776405,5.574817354242274,9.693209107084487,0.3706692776494398,0.623508164038455,0.9718966404777927,-14.252148521341592,1.5408604126526901,9.743594797097202,-11.947765481722787,-4.174239748269763,2.0699939874416664,-15.730534868915484,-0.24634157471635465,-10.336308739548185,7.796476832063066,-3.1519621065148877,1.1299657400693608,-6.203708178646608,4.658090722376332,1.7604077987447813,-5.05405679818866,14.50824619022057,2.436318954134041,9.279340447794043,7.876187164571652,-7.985024596082637,5.995460564087326,-5.169368201378309,0.30326882429522684,-1.9021943568067128,-4.568591577362659,7.814521436207173,6.608835033584591,4.614442828427357,-13.588228097178815,9.207019776399642,-9.513214512910835,0.6380129955354699,5.993317578817647,3.262183913090329,-5.519292402681433,1.6478494350032467,-8.155503718235392,-0.6249570086776686,6.008303102153817,-0.5473705821322596,12.680128725832294,-9.208946245067256,-1.9164135135814426,-7.1786142427281,-4.817889505500414
neuralNetworkClass 	class coursework.ExampleEvolutionaryAlgorithm
INITIALISATION 	AUGMENTED
SELECTION 	TOURNAMENT
CROSSOVER 	ONE_POINT
MUTATION 	STANDARD
REPLACEMENT 	TOURNAMENT
ACTIVATION 	RELU
COOLING_RATE 	0.0011
TEMPERATURE 	100000.0
TOURNAMENT_SIZE 	90
maxGene 	3.0
minGene 	-3.0
populationSize 	110
maxEvaluations 	20000
mutateRate 	0.95
mutateChange 	1.6500000000000004
seed 	1646684373006
random 	java.util.Random@3ada9e37
numHidden 	14
numGenes 	129
Training Set Training
Fitness 0.016941149026143906