-5.8420975733164635,-14.058704152669907,-2.124480150181002,9.001988860056885,-1.2605325821771176,1.5889157219842414,-13.576666164406008,14.027024501946762,-1.3813313070998046,-12.440137466214434,8.922718388027999,-11.015100373066872,-7.98791128046228,-2.3810112012511064,-15.030488988216137,7.523490331605522,-9.948874843789914,-12.855991975095451,8.93310360624434,7.781169083650024,12.276606717368397,-21.847876478774573,6.797809323691311,-1.7956001736739848,-5.894851126203429,2.662633690076998,-3.7196548190897314,-2.086062326413341,-1.12429150547651,-15.65999232497683,7.101616505808529,-17.21458391422191,10.389875009609078,11.845129420578644,18.677317463034356,4.074558919588079,-5.572985841775892,0.7681111829186289,-14.909310295439283,-12.105792742448383,4.04545781076887,10.674280145104985,-2.477890145352667,0.7398037665398891,-7.276487987896643,13.415645616586065,10.134004156169263,-9.8380689522981,-2.350866681661257,3.6433568609843974,-0.8540831242675626,-0.6510467956466401,-1.2152982648531658,-16.74763507494159,-8.416612279935702,-15.640236929976131,6.063396366124067,-1.0522950184616224,0.7956204399072178,3.4360906698399485,0.866258407688969,2.592519245338589,2.7607543709945404,4.725781683648805,2.1841042200069865,11.931142092251646,-2.3161224797641298,-4.437092567862799,-15.06397107887158,2.1262748303224335,-11.958251282648733,0.6775218269962053,-0.5036804246059603,-7.242522277495015,-0.31047542394017213,-3.9526671077012923,8.42417464005748,15.398912093563805,-12.53138602169779,2.305510214552461,-9.104294660215258,1.027467866283593,3.241112503370749,-6.166697192005076,3.9552714213349534,3.4581143143047592,8.375096306816083,-26.006905520985235,5.533283515710059,4.71151636687533,-0.3836167439036755,-5.853022372742691,-10.729819394522153,10.039660119888463,3.9561976676560153,-9.09212112140839,4.091371072984314,-3.381563847708497,3.990502183945102,-2.8152764601187776,-10.704497333953439,9.161831260797534,0.7155899637076804,-4.789921160925903,8.398504872199744,10.770582212907172,6.415856831849357,-6.371831286457914,5.718426610858188,12.39884922756923,5.823502396202801,-12.276893094234362,-1.8588316653078802,-1.8943307068476969,-8.083763559632658,-7.568352930079445,-0.22521262795428587,-0.9463477900709796,-1.2821043686276066,-8.588297222784156,-14.019867259529509,-8.374413230103773,3.9782033540199464,-4.522657350963588,6.3581435784431415,-3.4996743059258293,3.4817338501196655,6.562919653119472,2.7292246423455033
neuralNetworkClass 	class coursework.ExampleEvolutionaryAlgorithm
INITIALISATION 	RANDOM
SELECTION 	TOURNAMENT
CROSSOVER 	UNIFORM
MUTATION 	STANDARD
REPLACEMENT 	WORST
ACTIVATION 	TANH
COOLING_RATE 	7.0E-4
TEMPERATURE 	100000.0
TOURNAMENT_SIZE 	90
maxGene 	0.9999999999999999
minGene 	-0.9999999999999999
populationSize 	110
maxEvaluations 	20000
mutateRate 	0.95
mutateChange 	1.6500000000000004
seed 	1646684373006
random 	java.util.Random@3ada9e37
numHidden 	14
numGenes 	129
Training Set Training
Fitness 0.022885766886443858