-5.3507791807611715,3.043470448592017,3.7240666415927235,3.2864692269171005,-8.56180061846338,-0.34177154698006085,11.830876640770555,-1.3324980472967454,17.59548279990402,1.0526350892816723,12.896393337768068,8.24114978570231,18.585493901103945,15.99870540398164,-17.06964931957627,-16.993473237364064,9.069639739474887,-3.945439961155758,2.111826420144217,12.411630042044033,-1.4479749373918374,-7.179062314177361,4.317315472802402,-21.059163638501637,13.404575173820314,-12.038245658434798,-15.579476832750158,-14.699125616514761,-3.517470905077418,2.945042285133817,-1.6386257060025713,-4.2444548167101015,-14.182106582693086,-4.671415524502031,17.932349809683245,1.8532096012788735,5.423466299809043,10.21438944039895,-2.4769847469105652,20.01570988373946,-10.390584537609714,7.358371186537569,-2.800137139961241,2.5252469295586453,-3.8783323258352578,5.749456615079005,-1.4494985101936813,-1.3104085786170518,1.987354609102578,6.959976131248682,12.12829063029309,-11.82516527456573,5.36862794715697,-3.6983740874701017,-11.196488799346794,-4.938259652711498,-3.3261845555904745,-4.615186994117618,1.6715031106833003,3.3498879737456893,-9.93032930808978,21.56396161324011,5.575494347524801,-16.999880199261177,0.723971398484311,16.915019827763977,-12.580001136770441,4.491454920527239,0.8236522102930355,10.310247433385276,-5.7310700668825945,-6.532669009976605,-11.230599467193207,-8.415701563391536,8.094484411787823,-1.229254230959981,5.702065199105691,-5.521711557862222,-8.408738631833849,-2.8299118301094532,5.978319626052164,0.5121000493789447,3.4840391834379467,-0.38300812040469356,8.078392496686462,-8.467753224512428,-8.394517411213958,-10.21073902224031,-9.840406508272757,-7.362426799594736,-5.9391602719670065,-5.034208491325768,-2.9757222701642316,-12.105040264711105,2.919487807900243,18.75867284865476,-12.247306231307432,-9.132599756275326,-2.617264234727698,-4.2791792077999204,14.683046491696018,12.5259504758852,2.873778676505932,-14.537453737467624,4.267828492585977,10.676668340602966,14.491152034765628,3.0663929236732246,19.075519289575013,10.276063612052326,1.0116621679422657,6.717748152189923,-3.884759586252345,-20.58794028861066,19.009832335890103,5.169653458198223,4.299988712180911,-3.817003624677872,-14.803157567494237,10.32928178857879,0.43025342511675024,-11.714767313637314,-18.009512596546585,13.02886668775152,-6.393623917879651,-3.4397012415926156,0.7454981810770285,0.6948029393643766,-1.2686559698710518
neuralNetworkClass 	class coursework.ExampleEvolutionaryAlgorithm
INITIALISATION 	AUGMENTED
SELECTION 	ROULETTE
CROSSOVER 	TWO_POINT
MUTATION 	STANDARD
REPLACEMENT 	TOURNAMENT
ACTIVATION 	RELU
COOLING_RATE 	0.0011
TEMPERATURE 	100000.0
TOURNAMENT_SIZE 	10
maxGene 	3.0
minGene 	-3.0
populationSize 	110
maxEvaluations 	20000
mutateRate 	0.95
mutateChange 	1.6500000000000004
seed 	1646684373006
random 	java.util.Random@3ada9e37
numHidden 	14
numGenes 	129
Training Set Training
Fitness 0.04827655548417285