-0.4204969863448156,-0.9762582787215325,0.5155701439879022,0.11184589958563274,-0.09632471032382006,0.3223455139435504,0.4343164291099796,-0.22307066887840854,0.2648309252098552,0.8979910270644004,0.5650456532385327,-0.3445872077148502,-0.7901175093039975,-0.8731478672969292,0.7007609541835186,0.9259671240205737,0.6668753543494744,-0.33901555749948176,0.25897268505359994,-0.520631771349219,-0.30279684963574316,0.5124724587015449,-0.5023192251564756,0.3633059662231811,0.1712116356751584,-0.7887749070755478,-0.22168567492759972,0.08402868374177619,0.9893109315166365,0.5892709274494824,0.12441035031591008,-0.12271601645008423,-0.9811932157473259,-0.12860842362053337,0.12211427944961473,-0.1909177856326989,0.02542944863824881,0.7566409150935184,-0.45394919310314163,-0.511772256173773,-0.961617125191801,-0.058727298360600644,0.8841388810208336,-0.2893614588690092,0.6387350941943098,-0.41961013583976103,-0.1373333394457743,-0.5803883202230589,0.1337611045362198,0.13561210879199448,-0.5009913737715608,-0.860259703529125,-0.7703238895546073,-0.17815733076625895,-0.9180847296705289,-0.6576446220103396,0.9395278767016789,-0.4604334547430531,-0.9650149407424334,0.36534392929129444,0.025984999467071224,0.7913836584766357,0.7143753953405897,-0.8889345359153425,0.07813613945334608,0.5989642548624442,-0.06500767433423604,0.5159026801081487,-0.27198219762047393,-0.833565089742733,-0.9110004159656354,0.8986622319474714,0.3595912489595906,-0.9162622507899768,0.8554553571292459,-0.9100940541747103,-0.394882107547041,0.8199319714772048,0.58121491028531,0.9310204617359651,0.05418549506666215,-0.6126871173403068,0.11490067213629074,-0.9274032815702346,0.338468069716943,0.9825521607318465,0.7148192701947008,0.6987013311963516,0.829039245432872,0.3263556362844947,0.35285814582172736,0.5056384286945682,0.9680989347528836,0.8740385994165528,0.6896996403428478,0.7139047733274543,0.999151598857127,0.8999243797312618,-0.7511132713077558,-0.6247404415280657,0.29284402496501116,-0.34391351199394693,0.12876505857061493,-0.5830527745416103,0.80028218284151,-0.2699899758271138,-0.2382797084942445,0.31900974900049983,-0.7206355882215507,-0.5119676013145671,-0.4276282393725981,0.9242518929052631,-0.6479627100459924,-0.4474276360139682,-0.9256617517023783,0.6662518761498067,0.6160672518644975,0.6226378585007634,0.9757677342229462,0.35632216025133545,-0.010081179171427701,0.37399297686280175,0.8165135980627171,0.7884878120415956,0.9728853231461797,0.5372383472553254,-0.03529922247803419,0.3346913684408791,0.7255517317802432
neuralNetworkClass 	class coursework.ExampleEvolutionaryAlgorithm
INITIALISATION 	RANDOM
SELECTION 	TOURNAMENT
CROSSOVER 	UNIFORM
MUTATION 	STANDARD
REPLACEMENT 	WORST
ACTIVATION 	LEAKY_RELU
COOLING_RATE 	0.0012000000000000001
TEMPERATURE 	100000.0
TOURNAMENT_SIZE 	90
maxGene 	0.9999999999999999
minGene 	-0.9999999999999999
populationSize 	110
maxEvaluations 	20000
mutateRate 	0.95
mutateChange 	1.6500000000000004
seed 	1646684373006
random 	java.util.Random@3ada9e37
numHidden 	14
numGenes 	129
Training Set Training
Fitness 0.13737513156226652