5.858035968244824,-1.493109084175492,-14.626693224280844,5.323812910989214,-12.812068137896318,-1.9094022646171451,11.584013865034164,3.507238266025814,9.489366095659891,11.92819442700872,0.9192359161519335,2.9169346966356713,7.497480113419863,-14.001676278911926,6.395194037331036,-5.607901634634119,1.6387651668364391,6.7729246748194285,6.314585203199366,-5.66084553922442,-13.078662059376349,-0.2700925301084798,-10.426272889851544,-3.251279340172088,9.56835151857271,9.815711011883328,1.7515017526444652,4.156733233222404,9.892084338582379,-5.881139001752515,1.5165130291746927,-5.008091761297959,-2.244134943372937,13.124633592891447,9.182228379993608,2.2044513688410454,-2.0919020149998424,8.167415967036808,3.3207382857579564,-8.888843216909217,-10.002736564518955,-10.918665268572775,-2.9358736203471416,-1.7802243566866256,-0.7111236037905924,6.221212519101667,1.8282988232559938,-15.939233621704474,-0.3450019945947065,-14.165105842912787,9.537485644036066,-9.442725484331843,-4.905998466397853,1.7144697746906372,-8.841518146696037,0.3044215667842938,2.8629049330987417,-9.162093959349638,-11.027939850383175,5.8567218225557625,-11.183308385614586,-9.065920157644172,5.314840641578602,-6.562324418340986,7.548650679615939,-5.586803070898767,-5.681732157235045,-4.611677156295056,11.662874879383185,8.151057658650338,0.7522017988133971,-6.238221074980145,4.284668627660891,11.199619373722753,12.29898915258341,6.148502690617718,9.426722434063468,-7.982211172907781,3.2897414165204806,8.632287202964653,1.0785238514915267,-0.12463884697703254,-1.6720948247569485,6.929693416631226,10.023580698785828,-3.270490755041747,10.556068733807694,1.0558861017433356,-7.236354540981241,3.607206438333459,-0.1596891253816164,1.0375580569667067,-3.058763572976069,-2.4015429656552767,-0.6977468169917627,6.108873825926992,-11.19863931697521,9.874186345152202,1.1223411697741796,-0.02091222662288139,-17.079544412482377,-6.110868405761378,0.21873426047067657,-7.949266347196263,0.10517171570649175,-8.085943217309547,8.324548159832652,-3.2549882127715852,-2.2742677569435,-0.6369005593296118,10.592049757302162,0.906238846110976,-8.00178897190949,-5.358958463565131,5.795765523928257,-7.140044663147075,8.06718393857669,-1.9682170519075086,-5.612677890662875,4.839524237345016,-9.885187720677163,-0.8167238731003419,-9.876799999191375,4.223784672457561,12.884533084034116,-6.834329726752906,-0.8575623588348611,10.543563454403333,-4.042864983928968
neuralNetworkClass 	class coursework.ExampleEvolutionaryAlgorithm
INITIALISATION 	AUGMENTED
SELECTION 	TOURNAMENT
CROSSOVER 	ONE_POINT
MUTATION 	STANDARD
REPLACEMENT 	TOURNAMENT
ACTIVATION 	RELU
COOLING_RATE 	0.0011
TEMPERATURE 	100000.0
TOURNAMENT_SIZE 	90
maxGene 	3.0
minGene 	-3.0
populationSize 	110
maxEvaluations 	20000
mutateRate 	0.95
mutateChange 	1.6500000000000004
seed 	1646684373006
random 	java.util.Random@3ada9e37
numHidden 	14
numGenes 	129
Training Set Training
Fitness 0.022261772918217