-6.85378985776814,-8.41036538538987,0.20768724953773443,5.857201502242121,2.199967848830033,13.517229023892325,0.6744310689001516,8.742162538115636,4.023715083422731,-5.459064846619141,2.227534542207513,-3.961008532491732,4.709378743727723,16.51145520284809,-5.291565578313866,14.189453464312095,-0.19959753357677812,-9.26471791907432,-11.881503073908581,-5.936288762981268,-4.701107430091322,-0.17587983406101326,-14.19314833048003,0.9623427464745768,7.635001038279956,-2.5841869165256455,-0.6932928005976198,0.8439260357984875,18.298366007308637,-0.4474101113239186,-9.881082704496535,16.70258959570412,-6.359736293678463,13.024713036169265,-3.8858444185236483,-2.1734723727657697,3.0948939666234434,-0.9803800583522122,2.314866911414617,-4.141028121852065,-3.238213321404162,14.52689788243667,-1.724097913748884,-5.734631213914666,10.409533899838086,-5.690931768444647,2.25087040294916,7.337406920981879,5.883689861084502,14.8809435407281,-9.947111702661902,-0.9360398364806617,-8.80548874531257,1.4618017394475906,9.724263704091674,-1.4357540333586893,0.10981757030147143,4.0736080037088405,1.323013289463594,0.5812348547465138,10.565362346608046,14.354998801577514,2.064970030097242,8.52357888406925,5.279714241553219,13.544726657329521,-0.47140195117152395,-8.077936779049937,-11.227242759540465,19.20974802327531,-8.364509377061912,-0.318181217993863,-15.513471544170455,-1.2478767410069942,0.8128868352592855,-0.685733369044959,-8.105779996501731,-3.62462050805284,0.8074493937418037,0.6846522005725966,-8.130176947765024,1.1557786313133294,1.6102861082482551,-3.363949544390046,-5.82089180260655,9.963411810439123,-2.527001311174139,-11.414233377453225,1.8274865456830565,5.713847865161586,-8.32104078830864,-23.42259028771462,4.3968409183413595,-4.384572482528852,0.7562136775390709,7.708462739197271,-0.9943392242769065,4.303046249862391,2.421675126292678,17.820376597755327,-6.9651829492492805,-5.730552994058131,0.6232732333976374,0.4313749883839453,1.799237084044318,5.439266633529945,-6.829928917968856,-7.552270851054631,5.781334894258048,15.702490645031082,-14.888975012883028,0.8045827918929689,3.8572124426870555,-0.4675505006855465,-0.7003528147417857,-2.9208727960805936,-1.499746441587039,10.094468910584048,5.708706536785947,0.681441951084051,4.988595418239444,13.669687609420263,9.855923850002975,5.078697115397186,-5.638021923292593,-1.316365563908918,7.637772725508677,-13.850766726481424,4.671971366255958
neuralNetworkClass 	class coursework.ExampleEvolutionaryAlgorithm
INITIALISATION 	AUGMENTED
SELECTION 	TOURNAMENT
CROSSOVER 	TWO_POINT
MUTATION 	STANDARD
REPLACEMENT 	TOURNAMENT
ACTIVATION 	RELU
COOLING_RATE 	0.0011
TEMPERATURE 	100000.0
TOURNAMENT_SIZE 	30
maxGene 	3.0
minGene 	-3.0
populationSize 	110
maxEvaluations 	20000
mutateRate 	0.95
mutateChange 	1.6500000000000004
seed 	1646684373006
random 	java.util.Random@3ada9e37
numHidden 	14
numGenes 	129
Training Set Training
Fitness 0.026312491794983257