-0.7615312672843516,-0.7136839957209058,0.6607954513004836,-0.22516582744136482,0.05339362951855031,-0.3218205730369237,-0.5989426861323044,-0.8282046222755984,0.8680745720612869,0.14249599030935023,-0.3343011643505671,0.12402905385897134,0.6980158616740898,-0.7660820213963072,0.9038779779553662,-0.04258433824604868,-0.10641175997713148,0.44965348046873965,0.814897481941859,0.5850631733570858,0.6131478348628913,0.5023179736008715,-0.1316122053738229,-0.015420850834944932,0.25680749704169525,0.7609423214561358,0.779198509623685,0.9553468776233117,0.642652324235082,0.13026700923000412,0.17781281859498355,0.1481058421505369,0.7903933346363486,0.4476785196305916,-0.47360373027433966,0.30061291680455293,-0.09169829329826107,0.6974225948983149,-0.06588777622581521,0.01668744514306264,-0.8623363733403399,0.05073558043088877,-0.33603195755423254,0.26274503282381734,0.771025262880548,0.32966242576823535,-0.9338336101891379,0.7124099723145997,0.10999135101160784,0.7737754604082686,0.1604441368821109,0.16247740721888781,0.8289196886878737,0.268461250036541,0.016824063964248626,-0.6472474280854028,0.3764044690886853,0.972520012841945,0.009674946217957836,0.8692310253476506,0.9181799462948596,0.38544874645549976,-0.5261470963719563,0.23675101852355074,0.26303550337646453,-0.1177518542348257,-0.6853097245677855,0.4378658600730677,-0.9483039336933213,-0.13493488929494246,-0.9797636046670638,-0.5564753726474034,0.30435377725468704,0.2028539672170725,-0.9232831287996502,-0.5939847166825845,0.9542493411419976,0.10093599919265028,-0.8337278819365769,0.8089567497220042,0.4318422035353965,0.1761505377848117,-0.9500289738002315,-0.8812948913432509,-0.44614446979385725,-0.9245403217602169,0.019112199525960105,0.5639693966969878,-0.45392560374532076,-0.3189917184502098,0.39473368939063025,0.9378179836538977,0.33835985178819017,-0.3328280365440901,0.3906895366674036,-0.6563444007926738,0.591330002151243,-0.0989763538648536,0.7399869339391502,-0.8427706999620587,0.505211144577553,-0.21589637149692398,0.8996254964262774,0.2534957516408166,0.46706506985478236,0.22804952182903626,-0.055045590007032796,0.5469968269402644,0.5012855659938867,0.22730653599894046,0.9534326464410211,0.06861675474325601,0.783291334695103,0.4790597669467215,0.9376220276762638,0.5132559840459529,0.8142389198818291,0.946311047984299,-0.8983311529610088,0.34435558013743617,0.22700968216812145,-0.478491955373167,0.3272248446358771,0.3309359601218439,0.7115267990598612,-0.6476695689395455,0.9561000230056586,0.12847836186096961,-0.9562758014837024
neuralNetworkClass 	class coursework.ExampleEvolutionaryAlgorithm
INITIALISATION 	RANDOM
SELECTION 	TOURNAMENT
CROSSOVER 	UNIFORM
MUTATION 	STANDARD
REPLACEMENT 	WORST
ACTIVATION 	LEAKY_RELU
COOLING_RATE 	0.0012000000000000001
TEMPERATURE 	100000.0
TOURNAMENT_SIZE 	90
maxGene 	0.9999999999999999
minGene 	-0.9999999999999999
populationSize 	110
maxEvaluations 	20000
mutateRate 	0.95
mutateChange 	1.6500000000000004
seed 	1646684373006
random 	java.util.Random@3ada9e37
numHidden 	14
numGenes 	129
Training Set Training
Fitness 0.13112018314726628