1.1795167326492964,-1.110472376458266,2.6211010283936877,-2.8897828118698223,0.04110639676971406,-2.3095615452805696,9.934639744544148,2.319832627471918,-14.2072282496761,3.359062873297919,6.883437925001262,3.3336707998933157,2.977083458857491,-3.718181404598563,3.239797607726489,-2.6275426641386552,4.474187476330044,-5.486585823989639,-11.893142765472405,5.57572593888106,7.135065755457838,4.389621871776962,-6.018331123368134,9.68098583214695,-3.41170291142992,8.520761669659773,8.667114814622742,-13.04677538040035,1.6904242898763258,-5.35432788382051,4.277568545583985,-5.45098778979765,5.936517637721074,-1.5432022469275628,-7.6265519425859205,-1.6759215626472557,-15.818493861662244,-6.924612389324114,6.7375369933432445,8.605350842051223,-10.80566187798358,2.5116518893738977,-0.9788117644592944,6.898043774905856,6.276009659609398,-15.261907880198091,0.7912560475054233,3.9855024061877335,-5.781008813108997,-2.7149294357317224,-2.651160609963406,0.8041137026425833,-9.530438169699321,8.33605030676502,0.718651245470924,-3.2622945950346534,-10.923953716281856,13.055793343057786,-0.7769357402636619,-8.52453665806075,-14.085063778204049,4.628166476547999,-9.392381030008787,-1.8854907185957321,-11.016640359176439,2.9610595553668695,-2.9249887524799565,1.2128856626503124,-0.9696537767781104,-1.9157150141499981,-1.337685611965119,-11.439190976787826,6.370822501986737,-2.1778155495781033,-2.738577300446324,6.437657837192536,-2.664745246681382,11.916026927060651,-6.714561173723569,-13.040724557881195,0.10434043751628863,3.60214333046083,-3.1760387802459977,4.244771590545078,-2.1878649790872124,0.4201037954883393,6.107963361316486,3.5441217762782173,-6.6775150404075525,-7.818902099335089,0.5701896017686039,19.317468965054438,7.692621296983907,-13.579956224781377,-1.3102734126158513,9.144142189647267,-8.865746757903485,-4.3641934828657,1.5496457945659152,-5.285981496016623,9.016486806120732,2.992268625911265,-5.685655900410454,-16.484040000225278,-3.8236264443617234,-4.991147115776077,-10.851553617137997,-3.6623295436266474,5.961886314551091,8.662458549347644,0.15186653789015558,-2.6215760651779805,3.478594050844137,-0.2963688276276102,9.575858612671105,-6.699272428218613,-5.654699075126761,8.258142883926771,-7.187375510201909,3.1590890442559285,-4.71460727586574,21.541026265164263,6.216277527746891,6.093670847420201,-7.110377926473145,-6.9965462175958955,4.0656976781374095,-2.3362799277039947,-4.3674542926867765
neuralNetworkClass 	class coursework.ExampleEvolutionaryAlgorithm
INITIALISATION 	RANDOM
SELECTION 	TOURNAMENT
CROSSOVER 	UNIFORM
MUTATION 	STANDARD
REPLACEMENT 	TOURNAMENT
ACTIVATION 	RELU
COOLING_RATE 	0.0011
TEMPERATURE 	100000.0
TOURNAMENT_SIZE 	90
maxGene 	3.0
minGene 	-3.0
populationSize 	110
maxEvaluations 	20000
mutateRate 	0.95
mutateChange 	1.6500000000000004
seed 	1646684373006
random 	java.util.Random@3ada9e37
numHidden 	14
numGenes 	129
Training Set Training
Fitness 0.020073141908040198