11.09594815524081,0.570892586448096,0.7182927504084322,-7.410367804806221,2.079559103241678,3.130060848353402,4.095816973431823,-6.215096171895786,-7.369471550212048,-4.696324759874628,-3.5765345064909217,-0.9706003484651244,-14.867458368174225,11.415634496643262,-2.3603456141364134,-1.3067378332256308,3.556372052350863,-0.8622168044315508,-4.57498231701966,13.179035383274016,3.2512484349479376,7.861637081394934,-13.824772255700925,8.314971357978456,-4.916718376764259,-3.0710570676325784,12.017645989758769,-6.5474722296386485,3.289392622142268,4.126528697039859,6.363488346449241,-11.036060045489515,-2.966451419461869,5.8786370550933675,2.149304209003125,-0.9927596097950655,-4.792031950472124,-3.6148354724613423,-0.12882725272645779,4.035079554667819,9.015320350730285,-2.093031555873565,1.2021328177998019,-7.079812691021795,2.048799713880954,3.9896344600429137,-4.192029610782666,-5.695701011176776,6.305317745212708,12.194834082437591,-14.111402213695664,-2.1511458951106848,6.822913104569224,3.823632928889844,0.9218684376836848,12.72476125238096,6.27684073571127,6.268849873836118,-3.5762223416042005,-7.724997385897263,-2.0003398731462783,-4.726204019619965,-2.486385318164892,2.1178448973722936,6.058999761462257,21.80246081680344,-7.6152654571922715,-3.3201040181558614,-6.267459962922732,-1.2585549254648356,2.1812323200219508,3.7072433024500526,-10.436890723555136,4.256675480140739,-3.882091298635329,3.549382858745169,7.607651617436557,12.768170993303706,2.905527266415464,-7.4053576734564714,-1.0878164246699926,5.083861871463361,-3.7945279376364063,-1.3427228091513408,3.9007148073398925,-12.151298560571462,-11.412476637235748,11.67541141996218,-4.540531031100705,-5.831957472817512,-18.148419967195174,-7.274529121290991,-0.17140068455151436,4.154483415566867,3.2987644778232177,1.8427482064712262,7.031952839341487,7.62512640674535,6.999457697471091,10.309218480920704,-8.61870233055592,2.791422582068238,0.1554194595189724,-8.421288523982918,-1.115214968011827,8.78651394455944,13.34025883978599,4.356029136446006,12.470279825289538,3.315214929832127,-24.972870496453822,-1.5194177112986793,8.202550012832313,2.2395144964010045,-7.9753653675901095,-13.813394716593795,1.1291670165425032,10.427708451599038,-10.158467214128402,-6.029010752731814,-1.466672918765779,7.348012310215795,-1.7120502380477394,-2.3537359807403604,9.15266299366898,-8.67226694617711,3.4954064145787838,-3.459764283545324,1.441476575420248
neuralNetworkClass 	class coursework.ExampleEvolutionaryAlgorithm
INITIALISATION 	AUGMENTED
SELECTION 	TOURNAMENT
CROSSOVER 	ONE_POINT
MUTATION 	STANDARD
REPLACEMENT 	TOURNAMENT
ACTIVATION 	RELU
COOLING_RATE 	0.0011
TEMPERATURE 	100000.0
TOURNAMENT_SIZE 	90
maxGene 	3.0
minGene 	-3.0
populationSize 	110
maxEvaluations 	20000
mutateRate 	0.95
mutateChange 	1.6500000000000004
seed 	1646684373006
random 	java.util.Random@3ada9e37
numHidden 	14
numGenes 	129
Training Set Training
Fitness 0.09964107628820573