11.866899781812885,17.042497110462534,16.408199523582503,5.004817415287663,-0.00778553477221422,1.5119338723080933,4.100618861980301,2.947523285056463,14.435349898532865,8.274048887587464,-7.522047372458982,2.655868286236581,9.109647073642337,-0.907427340987395,-6.066633565414181,2.444669624854199,8.281908975499643,4.288055063118447,0.23291135357610493,5.186603129028326,-4.000823962788852,1.619358970373507,6.17078859897035,-7.582817285572469,4.28353019705715,-5.038518807245492,10.787643723414055,2.5643203916463566,7.934637191297886,-9.44455394399301,0.8113270243033117,7.899500721043603,8.884814280716187,2.439218470868558,5.215883973178414,-5.727943410499092,4.868989555875899,8.564288252399201,-10.106632287485814,2.5649863359467098,-9.548003266872707,2.1607791719425347,2.594394611045865,4.450204873092165,-0.15177316547336872,9.834639828922942,-1.982809035196798,-7.176924491404731,5.523737396417157,-2.4363229480774145,11.411207752800559,7.810521500760904,5.638497386571615,9.104894690162867,3.860207834206806,17.02396976351389,5.016523735869958,-0.21619538410747907,5.521059296645422,6.017832430261316,-7.575755381216746,-10.742920574181987,-0.18170505452948493,2.766185017575098,5.7425013241415215,7.4731197917631995,-0.8691720138389156,1.634752637771487,-6.364819772592698,0.6008119982848377,-5.193959415788802,-0.197730296233253,2.447543107098153,-0.9450449660368125,5.447791328346611,-1.2252693089993252,3.6599030863082955,5.6175390211255785,4.998714338952741,-4.961996206943872,-0.8226289594216238,4.237260666671453,4.123512248475539,1.0087309018867874,8.153976137465085,4.535363575798487,-6.201227085104891,-0.37960777923855993,2.3795413106405086,4.904095535280877,2.8261672715097292,-3.6791343399510157,-3.6997263525059028,9.30477668376748,-8.640285313877158,14.109764443152205,0.5991068607046874,2.6056771183600915,-2.1258698434920738,0.7582906450178957,-10.920588202624971,7.3456041578502695,11.250095113374645,-16.21870683124689,-8.424231129713988,-9.132696352738202,8.763622712544745,1.6206750266699892,0.3080742388996871,-0.06451773715298614,-1.459484003588603,4.651244362602064,4.200330059361188,0.287460966790305,-2.6267544844170883,13.884559635010678,9.003046374780263,-4.139826344011221,1.8464010308311405,-2.226728744987607,-7.561737717370828,-0.604573688452553,13.878200984971384,-2.8420851935986438,-4.421230615009843,5.646037409776814,10.359369431374118,-1.7999350551715994,7.8282010343885755
neuralNetworkClass 	class coursework.ExampleEvolutionaryAlgorithm
INITIALISATION 	RANDOM
SELECTION 	TOURNAMENT
CROSSOVER 	UNIFORM
MUTATION 	STANDARD
REPLACEMENT 	WORST
ACTIVATION 	TANH
COOLING_RATE 	0.0011
TEMPERATURE 	100000.0
TOURNAMENT_SIZE 	90
maxGene 	0.9999999999999999
minGene 	-0.9999999999999999
populationSize 	110
maxEvaluations 	20000
mutateRate 	0.95
mutateChange 	1.6500000000000004
seed 	1646684373006
random 	java.util.Random@3ada9e37
numHidden 	14
numGenes 	129
Training Set Training
Fitness 0.026306505297254583