-6.245427340644769,-5.723979639727229,-5.137605541557283,-1.68232943893506,-2.514419699509781,16.194442140038092,3.898313962317398,6.645507023353922,1.791039673401393,8.699519714500589,4.309974037745839,5.195838544832135,-3.8112872501344226,-3.7968334493356615,-0.0803882499315618,3.6461973130789183,1.41767020311545,-8.985080010621685,5.8346739024699765,-7.2197507878325915,1.5922205189437069,5.038826101010661,0.7685504327241865,-1.3818265974795176,4.339225633777021,-4.206389608572669,7.722715131522361,5.34693576242991,1.399746681989832,0.37409408321561877,10.63446120279511,-2.441160189045248,-8.455675060133464,7.899544452463607,-13.393473872371384,8.028228223106481,8.807060638822351,7.209885970237163,4.0345131046950895,-3.684810694403212,-1.562985699393927,-6.1765685978115625,6.035125276202144,-1.3683939826358014,3.4463106251752587,-5.839973125668178,8.152833025741323,1.3888746745480791,-2.7973115995016284,2.261239446319049,3.5847138802417655,-2.8819025797327162,4.770096650549974,7.754449587906759,12.11280382557388,-7.387455060727577,0.29429829028061594,3.760447348388012,-7.779585099537245,-2.5613373573485347,2.911299688922151,12.784360197194761,-0.6565197876071549,-1.0541159468298478,-4.075213303671939,4.057483507308257,2.9200983272289562,-6.273003321848183,0.5046052051949985,-11.837191182004068,-0.5489429206205187,4.43978845643995,-11.448315553069955,-4.320211562905726,-4.128772046468157,4.597192094545331,-3.4443409667646048,-0.8258966172906712,2.0063293285540063,4.867122830199274,1.5398091269909158,-4.064061366157823,1.1516688109624376,1.1446961614683762,-2.756208144458503,3.4355037149737955,-3.6909188412092737,-0.4315103399065525,9.288001194200264,-1.632730073170015,2.0553915131367813,-9.250997191405276,-2.7557491184766,-0.10536711763174811,-7.109660312180804,3.961451281812102,3.855834779022004,2.3844374494745644,5.42401182974775,-1.9734858807413405,-5.29412363974645,-2.9139551930735266,-2.8865648682369667,7.06164176217894,2.4262435424472777,7.862348583570754,-5.604897414929865,4.53201145127749,3.7201585295350874,-5.679616351298399,-2.81520085130924,-1.0857941869814378,2.6399952822854615,0.5169090076824956,6.3282160699812895,-15.892828350082777,6.967615721685135,2.679573629211145,-2.314555580903466,-0.6659983108650689,7.437955349013956,-2.1629837191382855,10.469552764923217,-9.375433298680122,-4.172572247333691,-3.3585226419038072,-2.415941454999958,-2.846992541924064,8.39707627235012
neuralNetworkClass 	class coursework.ExampleEvolutionaryAlgorithm
INITIALISATION 	AUGMENTED
SELECTION 	TOURNAMENT
CROSSOVER 	TWO_POINT
MUTATION 	STANDARD
REPLACEMENT 	TOURNAMENT
ACTIVATION 	RELU
COOLING_RATE 	0.0011
TEMPERATURE 	100000.0
TOURNAMENT_SIZE 	90
maxGene 	3.0
minGene 	-3.0
populationSize 	110
maxEvaluations 	20000
mutateRate 	0.95
mutateChange 	1.6500000000000004
seed 	1646684373006
random 	java.util.Random@3ada9e37
numHidden 	14
numGenes 	129
Training Set Training
Fitness 0.019665587282694543