11.688953767894684,9.169055985978552,-6.717023943070599,4.754399243488589,6.111529575427508,8.886226146630241,-2.952267799336214,0.10915110810344153,-1.2841097699164745,8.967285918096982,-3.896625011021789,-0.9504653694383833,-1.5034577137688236,7.320727298153741,-0.8087617616327165,4.44108464219022,7.917164062930853,-2.1206213458586047,-9.227473171483505,8.850949518630113,2.7671659481244752,-11.141485982540475,9.213636638059388,2.498233674439117,-0.3997845652362111,-13.398632077803077,5.359901328554464,-2.9826973646183355,-12.633614201549408,-1.0201317462604207,-3.3884238445148362,7.177445859516895,-4.06174241017132,13.328941007031101,-3.1767161701479516,5.03158972488227,-3.042526903316767,10.590793846640155,-3.0069266567530937,-4.266447704349716,1.5419192067481085,0.931126755509152,0.6396636887331884,2.717623947636004,7.944882228502411,-11.337730864923845,-5.813633271513217,-0.7739399605718731,1.7461927042076297,2.768785416170595,6.027601891371829,6.4993632618242785,-5.818451651741118,4.779143975517982,-4.301155139598858,-8.988964277841626,1.0798778158884472,-22.037416318961988,-6.096735142427281,-2.0172279514133997,10.529774267170524,4.2533666053578845,9.368234347715592,3.207867094783021,3.484708527316376,7.665145830266081,-4.737686126590191,-2.6100960016642984,-13.557106828821587,-0.6437701673717182,-7.801764004444909,0.8205893507056761,6.101349701509965,5.992066985207321,1.7298361275651146,-0.7251050932230108,-3.6651035430486534,-3.875676447698993,7.220797799343826,5.2934659592613205,10.789451173173743,-2.033524250479645,0.870504779074146,-1.248448630554952,11.155211168902719,-9.556120461135354,3.877209820628564,-10.769492582985343,-7.701052975872602,-2.4181653868181723,-4.54884324176672,-6.737775931869352,10.135817890330431,2.068199046984203,-5.239789358766428,-10.791379534063882,-10.440212224986551,4.537664996696453,-2.302025478618935,5.417652576784136,-9.172105936717825,5.272847158283504,-4.240707746516416,-10.235928680247634,12.557292356607967,2.502884461000093,-6.2095400304294595,-4.562530111469689,7.295171489192905,-10.74669519161412,7.151389372513657,4.631951915945153,-4.989692180705679,1.511443988530499,-5.865612219975269,11.871052473793629,-4.318804735225473,-4.730236807787182,-2.720856171801338,5.368337070933281,-4.680635596016164,-7.65504816721951,-0.34407386312510724,4.6784056357907176,4.21767125117583,-1.756250082945885,0.6089283686922675,-6.1651807239661425,7.952012368421246
neuralNetworkClass 	class coursework.ExampleEvolutionaryAlgorithm
INITIALISATION 	AUGMENTED
SELECTION 	TOURNAMENT
CROSSOVER 	TWO_POINT
MUTATION 	STANDARD
REPLACEMENT 	TOURNAMENT
ACTIVATION 	RELU
COOLING_RATE 	0.0011
TEMPERATURE 	100000.0
TOURNAMENT_SIZE 	70
maxGene 	3.0
minGene 	-3.0
populationSize 	110
maxEvaluations 	20000
mutateRate 	0.95
mutateChange 	1.6500000000000004
seed 	1646684373006
random 	java.util.Random@3ada9e37
numHidden 	14
numGenes 	129
Training Set Training
Fitness 0.0170667656403719