7.895847660200227,18.33336377349294,20.686526103582437,-4.458517248101967,11.37019509015946,-6.633334789124634,-6.114443476227102,1.4220972130917513,21.127539856198126,-17.74241858123812,8.4688284752424,-1.2511360081323204,8.49219794624355,20.164685197871044,1.9736840690300514,8.80847294868373,-9.049968996645816,-0.02454531419016348,17.686334277038632,3.8963176674871516,0.6621664876694817,3.845644422698081,-5.208658818688696,16.111152526234427,-11.849786073740837,-6.573968297966619,-2.9758670153633755,3.9328699858683223,3.697203455504037,-8.110976387513517,3.5065209501580767,-8.451184837346323,7.401832907327746,0.47035066076368803,-7.917706006710654,8.290540769856982,-1.2955341826505329,-8.468700561045148,2.3945805949055936,-0.023112764078002,-3.635456771013266,14.700172350175817,-2.003735844858781,-7.367737815486382,-2.4927032984355533,18.311299814474864,6.703465770328561,-9.454041632601013,-4.800748823070803,14.039624873862348,4.486589133503461,6.126893745699464,-2.851043903412436,-0.9544989347813608,-2.0481190448687876,-6.841975091493486,2.0356346722078165,-5.801433682830702,2.8862195498500345,-9.268686000407309,2.639379113203514,0.9722329481518504,2.1713796552045643,7.868998319563053,-2.172154111120962,5.008820980140532,-5.505869665331847,-2.874545535717134,-1.2015864576631596,8.866375459450758,-10.284298601099133,-3.690090476161151,2.8551466019567853,-0.5067696191314752,0.7784010479883108,-2.7987144692273045,2.160343779656559,0.7447623005713506,-2.7936245145009444,10.381213325417741,-12.492046174491637,2.4295065328989445,9.637457903796165,2.2086410609734664,18.433159780632664,12.823207092411156,-2.766626480566547,6.7994717558091065,8.329988116581234,1.0409179009082177,11.627874545912508,-11.045418693053113,8.192474049868792,3.959280690288786,-8.253990747479902,6.24639948341432,5.5864736318484045,-4.593563003766345,4.404538997975815,-1.0188037356489499,-4.234080790626209,-4.884674012141155,9.630168055186324,5.104394014923049,-2.8796556931694886,5.66140123574421,-10.400439003541939,8.944188543886327,9.289385680918429,3.4765806341834304,-3.891488357472282,-9.84496912832225,7.236755265288798,5.462721221143778,0.8563583940479393,-0.2889974870559726,-0.6293596063728426,-5.666016338581849,9.173875750427948,-0.7400396424664875,-7.5357863612192535,-0.8490329772079797,-6.934376879768569,13.86050845873776,-10.988896131392574,-9.525275917421578,0.2707090397273859,-1.7143954755070991,-2.055962538650273
neuralNetworkClass 	class coursework.ExampleEvolutionaryAlgorithm
INITIALISATION 	AUGMENTED
SELECTION 	TOURNAMENT
CROSSOVER 	TWO_POINT
MUTATION 	STANDARD
REPLACEMENT 	TOURNAMENT
ACTIVATION 	RELU
COOLING_RATE 	0.0011
TEMPERATURE 	100000.0
TOURNAMENT_SIZE 	10
maxGene 	3.0
minGene 	-3.0
populationSize 	110
maxEvaluations 	20000
mutateRate 	0.95
mutateChange 	1.6500000000000004
seed 	1646684373006
random 	java.util.Random@3ada9e37
numHidden 	14
numGenes 	129
Training Set Training
Fitness 0.01693208032200131