4.1044890293416945,7.431892860489713,5.333899544235659,-5.3741143327917476,4.849560080412588,-2.02121392080336,-6.595556677585206,11.848709013046207,15.55646802117002,6.915738239389627,4.190467166637016,2.6462869421310913,14.912337170824664,-2.372049109740571,-4.082436755197527,2.782345510113756,-5.399776755631525,-9.536996766770475,-6.091576887978114,-10.792536201343795,4.639409698536857,-3.656911417782017,4.217569963913226,4.794462454553816,-4.479861408320895,2.7998945722266697,2.961448081712337,-0.3974186004971454,-5.986569088710266,4.869321239160618,-13.781922690393179,12.530885375052387,-5.129369593385281,2.6015922859944407,0.5482121552063468,-1.5165579208946856,9.24879271150255,0.4981723014940278,-14.74481747647301,11.168429969913667,-4.692975367118785,0.43026400726238023,-16.746676244276223,3.99043902268558,10.065362009106707,1.4245152997701713,-1.2448581488314021,-2.130157693384376,5.601761639189556,14.269931751287247,3.6650908425985307,-4.014782161900152,-2.8657370120510333,-1.594158607292723,-9.916923945852657,14.18441817399551,15.444364955536185,2.9941257781507895,-3.9264698077960185,10.196987003488879,-8.30585788583573,-1.7402156042064325,-5.853856272808214,10.355237976812417,-3.5263871384084187,-21.097736166822664,-4.777935235828773,8.243413099916786,0.5363550618511717,2.1858390587840226,-10.07537958386388,-0.006043733005289376,10.190348839758324,4.560694351276828,-16.413656997069566,11.08703756519746,7.557510998641839,-4.152787156899304,5.2543199462186845,7.484081630767175,0.29937005705568076,2.3843395511617693,5.003621725363672,13.738155303737932,-6.972186101762092,0.6987453928249892,-8.266204266552833,-6.126313750516953,-6.671170245718205,-0.855123307680528,4.376146489303094,-6.1349119111981665,-3.2763643480481193,-1.70316445203897,3.0297611258410386,-8.581519996010291,-10.424407874534916,5.141395074716815,8.771969350226918,-9.027204181065134,-7.32723778905277,-26.122687000614974,7.604163641585707,3.73619063082383,13.674977220084825,-2.7805335270263765,-0.15335981923525033,7.960757894402963,11.660746145409034,-10.51280873978765,14.186352732054228,-2.8668172115920507,15.443332081787956,-0.37543471141903595,-4.740790014850226,0.021065674321492978,-3.353193997028013,-1.6437600082295294,-6.136222319833035,2.964257586247875,-1.8081328687029656,-3.2742226811055835,-3.044017125032375,11.537662616564104,15.03770947361989,12.344314655310388,-3.3853469284257134,5.436567089331671,7.260194588381626
neuralNetworkClass 	class coursework.ExampleEvolutionaryAlgorithm
INITIALISATION 	RANDOM
SELECTION 	TOURNAMENT
CROSSOVER 	UNIFORM
MUTATION 	STANDARD
REPLACEMENT 	TOURNAMENT
ACTIVATION 	RELU
COOLING_RATE 	0.0011
TEMPERATURE 	100000.0
TOURNAMENT_SIZE 	90
maxGene 	3.0
minGene 	-3.0
populationSize 	110
maxEvaluations 	20000
mutateRate 	0.95
mutateChange 	1.6500000000000004
seed 	1646684373006
random 	java.util.Random@3ada9e37
numHidden 	14
numGenes 	129
Training Set Training
Fitness 0.04188496371541163