-0.20063070083710954,10.036315701718268,11.725698740966545,6.408784386376784,-4.8805006719229915,-6.893265943964762,-1.7706302232749813,10.252279786815475,-3.322207930835768,8.591783288825956,18.210272218216524,-11.8143552575965,-11.192152216462775,16.295379895587914,1.8896192222949875,-0.3903259579171001,-11.73610053948451,-8.13773489365072,9.728716783899722,-2.9477987961115115,-11.52446475867108,-8.586723642622816,0.27745173432382764,-6.461198779222668,-8.529426588617637,-3.092653175357544,4.80305409258164,-4.85576248636956,6.831153555056076,4.974398073771955,0.14896258263634898,-3.5307913325160145,4.923888574117317,-4.879677942297047,-1.9880960847166094,16.306482014406498,-0.1542966440607607,-0.3627199466051585,-0.16142283362012844,-9.79496798336641,7.852767679962585,15.209577350885525,-4.868383519841612,-3.2396669205691726,-4.9592886398109775,-1.8625963486913744,9.817785776881333,-0.24651277233145308,-6.679908095703155,-10.142239518685075,-5.280358847846605,6.681398849083964,3.6318651327086897,2.9239282870114893,10.235177395555455,-6.435260585883572,1.4233913682589279,-13.538143162345413,-9.731743539917586,3.239976610539328,1.556290474251686,1.703893958530169,14.915897197036072,-1.4137261655100755,6.793240581776165,1.8072991257055682,-3.393213612845302,4.807596456559036,-7.988403648199299,6.297019210489696,11.398652979045696,11.584893629131034,13.517484148605234,-3.6207647917836536,-0.11957186991937263,0.2827544587575517,8.334812461808008,-1.445779876990843,-1.6116046618129616,-5.160530323120991,-9.630582586756697,9.664079140603492,6.833815986496829,10.088960390956293,0.2993442924194687,-3.2570252769977754,1.8527966999227425,-0.2924326833875046,-10.231952731010573,4.6444704315007606,6.877446748687737,13.2482247432093,1.2580708875709004,0.05265831916675445,1.7406541828595756,-3.330925008359344,3.1485579798674603,-0.35923346380737975,15.015091364672823,-14.716889729260682,6.460710018146523,-14.577025652983414,5.150341328117321,-13.550040026734173,-8.57889287755837,-0.09780650139911273,-9.73968213087252,-8.049526961098442,-4.926423899821117,17.89860605238647,0.3764335248869859,-3.3707240944121093,17.94607655388029,-1.5992201845544454,11.570250684953287,-5.339982143252949,0.12985557124055624,-1.6367860962532665,4.8126324669422615,0.3325473457542274,-1.5460963982942255,15.231198503813664,1.2746913277678287,1.9807931377889982,-1.6614751078466297,-6.244096504485217,-6.5608857254864885,3.464656357630151,-9.962382898555733
neuralNetworkClass 	class coursework.ExampleEvolutionaryAlgorithm
INITIALISATION 	RANDOM
SELECTION 	TOURNAMENT
CROSSOVER 	UNIFORM
MUTATION 	STANDARD
REPLACEMENT 	WORST
ACTIVATION 	TANH
COOLING_RATE 	0.0011
TEMPERATURE 	100000.0
TOURNAMENT_SIZE 	90
maxGene 	0.4
minGene 	-0.4
populationSize 	110
maxEvaluations 	20000
mutateRate 	0.95
mutateChange 	1.6500000000000004
seed 	1646684373006
random 	java.util.Random@3ada9e37
numHidden 	14
numGenes 	129
Training Set Training
Fitness 0.029336928178565973