4.451542041730438,3.289356702989844,-4.74866834131098,-14.263932074249302,-0.1417243143184228,3.4057910546236156,-7.214983126994262,-8.360156653293105,8.623736169836409,8.454469825124148,9.783943807714042,5.326106151474839,-2.0552650861985597,-9.261528646800377,-1.0494643661408931,-8.106419822389878,-2.039020142723694,-3.6081057259885014,5.572144767736403,-18.600090469590093,15.013803471369696,-7.138285635000679,2.7452168702260744,7.083456986865784,-2.286334838293074,-4.471055440282173,-4.60749797397081,-1.6427395348892668,-1.8401242109466773,-5.700444193351576,-3.009998496685248,-3.6539647445248935,-5.605634290222815,0.0016586062626107179,-4.015473490330352,-7.568565728161774,11.876452274891687,11.03110525504293,1.5693330501698197,-10.298087659276343,10.786469385022606,-12.122966237648125,3.9354660953499927,-5.232498254105147,-2.588176703076826,6.922585113273913,4.055654630433168,-8.494567203961077,16.108121784728855,4.093979963098816,12.458716621133025,-0.5743461071226328,4.163349501951625,-16.057683128163426,9.396501209187587,-12.68583362502974,2.956857819545651,-5.931041474108823,-7.486215005806175,-5.983896347894759,0.7528276205880378,-1.8098877381480545,5.748152005399646,0.7550862977476669,-5.311941751848728,7.058257407138607,1.6685144136963581,7.167427888386662,-11.795068552193317,-0.3101650556881159,5.5937544251632305,-5.642611917719689,10.026210837154526,5.778188787453603,-11.196123026694252,-10.55681192938691,2.110430173570002,7.480024516579277,-5.419328423981337,8.247485780511699,-10.355009986706643,2.7413928560301706,-3.8230057140400184,6.107496169462662,-3.0600635578537094,3.8444336950870044,-4.4988360409069355,2.117973580905373,-5.503182244678451,1.2271977038486952,4.065689039284156,-0.22361804254477313,-7.4629622797448985,-6.464911723727045,6.106269087934443,0.5123751819431952,25.781881940577883,-0.07679727606018005,-1.142742613392814,3.8140709608467507,5.404301204015123,-9.756371793827189,-5.575055801099311,0.3162926889652877,14.940935472750267,-2.171613999488372,-4.6544008295584725,12.659634017865049,10.434769847993538,-0.17240930636875262,11.386687351730782,12.765899813779258,-16.497671364341322,1.2797062610703005,-4.9081221288364,7.316592320645016,1.3866005962925474,-11.077409849127184,8.318227543409794,-0.10287011360229181,1.2609132653902995,-0.875991231332824,-0.8207595752606416,-2.2763545814205974,17.71579831335015,-7.9130146924463975,-3.0604365767422133,-1.9946384192242697,-2.8700110052496823
neuralNetworkClass 	class coursework.ExampleEvolutionaryAlgorithm
INITIALISATION 	AUGMENTED
SELECTION 	TOURNAMENT
CROSSOVER 	TWO_POINT
MUTATION 	STANDARD
REPLACEMENT 	TOURNAMENT
ACTIVATION 	RELU
COOLING_RATE 	0.0011
TEMPERATURE 	100000.0
TOURNAMENT_SIZE 	10
maxGene 	3.0
minGene 	-3.0
populationSize 	110
maxEvaluations 	20000
mutateRate 	0.95
mutateChange 	1.6500000000000004
seed 	1646684373006
random 	java.util.Random@3ada9e37
numHidden 	14
numGenes 	129
Training Set Training
Fitness 0.017448267406727024