7.737609681772238,-0.7198505836368847,7.52694344372593,-2.856806862121105,1.0218936184818368,-4.6168907431545785,11.604278065464953,8.036531706107306,-6.516624655985817,-13.745633965351312,-2.265505227821752,3.182376481873707,-7.289220722182009,11.96965260999325,8.616678412495252,8.491045150089912,-9.52707752029145,3.3807199167507234,-1.377485784260728,13.743604776314353,-1.2657720026732804,6.233060901881893,5.1570849383736075,3.5937044480428098,-11.287242307185037,-1.401203833571997,6.223072701517278,15.486613220369312,3.640714078114902,10.83808651325739,-3.5393860639731587,-4.599178595656216,-1.7911572971755483,-1.191700661781006,8.600299339602952,7.5171759917921985,-13.214844828586601,3.78351370227462,0.8195397907355302,-7.942375026812682,6.394871288087385,-5.872190659533455,2.782753068954494,-3.1397403021375165,-18.71752970588296,0.684143597099828,3.2235656256523892,6.669450025948339,-2.701782220962789,8.696480275708307,-5.507548899666965,6.369480011544856,-0.28947254082554075,9.626192438579823,0.6459681750943389,4.927197127040406,5.9919931697508275,-17.89537770937072,-3.406010239069497,-8.516199390473208,4.410918207438508,4.732039982403009,1.999053529606396,10.198003295470045,0.5316476208470817,-3.9608983872582817,-1.9128048441768328,8.042409259611272,-3.8640025771766755,-5.229732951110705,-10.617637435085555,-14.557940182266043,8.174556450344355,4.179498443657436,3.56674215661946,-9.131288618881843,0.34062424216379306,7.09691720758412,17.797062654061612,-7.133485190616815,-0.6189731791431914,12.730958646076902,2.7721781042551683,4.63437731157928,4.917044363873227,1.3139227917877427,-9.100036910962778,-4.472601218628416,-3.954837556732329,-0.32032275966859824,6.00179022804288,2.1143793565497475,-9.528652891896495,3.1806307219334062,2.1705929122569287,-4.5594903878882285,0.8540251592880086,0.10695148044538971,2.4637518715278004,-2.756040271499762,11.389939365346287,3.8143671259513923,2.2147765725460804,-6.837804237498853,-4.176471288617391,0.3977406761891098,-7.212011550493402,3.6884624564794324,-7.005529632675261,6.365976459050016,-3.4218525976140004,10.400973374881836,4.409504501244622,2.079670218164286,-7.177803606081432,-0.3130289569364937,-4.216353578018829,4.606275049823776,-1.1069662500699557,7.120916406121671,4.292375315852752,-4.0715824464617825,2.735456862331958,-9.069314289758807,-5.789626653794058,2.7593537469395244,6.382157539031521,-9.202242910191098,-6.816125636398882
neuralNetworkClass 	class coursework.ExampleEvolutionaryAlgorithm
INITIALISATION 	RANDOM
SELECTION 	TOURNAMENT
CROSSOVER 	UNIFORM
MUTATION 	STANDARD
REPLACEMENT 	TOURNAMENT
ACTIVATION 	RELU
COOLING_RATE 	0.0011
TEMPERATURE 	100000.0
TOURNAMENT_SIZE 	90
maxGene 	3.0
minGene 	-3.0
populationSize 	110
maxEvaluations 	20000
mutateRate 	0.95
mutateChange 	1.6500000000000004
seed 	1646684373006
random 	java.util.Random@3ada9e37
numHidden 	14
numGenes 	129
Training Set Training
Fitness 0.026442397447478023