-0.38518302844477326,3.5842992224731223,12.037713233670521,7.107717769184834,-8.17339674712056,14.21261563176311,27.410830463568352,3.664576142942119,-16.850442001210567,-1.154578945521461,-11.050802859650146,17.84130418134489,8.832165098096155,4.337597639843985,-6.33227999790925,-9.191588959667307,-1.1869954147539605,-1.970766906922825,-9.26094172648058,-1.1611587938107206,-0.43360823235526524,-5.95035770451863,15.635512718596273,3.9161095624950812,-23.538979525934472,-0.6251948114043024,-0.8212159180070966,5.716260455422535,-1.846724227848977,9.032060094816185,-13.480926002520585,-1.8630255379664185,-7.066630374836398,4.226742543343073,6.805235032956606,-12.038266441049043,4.661660061066909,-14.820819819002145,-12.174925281477126,0.7197456373146167,3.794586987243944,-17.123072147710886,-6.90580884266768,5.57641083378112,-6.289222291307819,-13.121365151280157,4.462403113134215,-4.314467588565662,-4.678206866992667,0.5055706654642265,-19.910584515477566,6.0841526869033045,2.261080559765595,2.511482904787268,-3.850901747600835,-1.0249712281923955,-1.7349646029507593,-6.115426443000117,2.1212915811548383,13.964163453674251,-8.6829477489214,2.87036102886675,-0.8555996954784515,-8.552757157561045,-7.621030209105758,-5.90362679953061,12.746730279076246,-17.20083232290773,-0.9817060087179481,2.3479746309797767,-7.34773785114497,2.182976509164458,-12.688928118628008,8.60792261117151,-11.344719684088327
neuralNetworkClass 	class coursework.ExampleEvolutionaryAlgorithm
INITIALISATION 	AUGMENTED
SELECTION 	TOURNAMENT
CROSSOVER 	TWO_POINT
MUTATION 	STANDARD
REPLACEMENT 	TOURNAMENT
ACTIVATION 	RELU
COOLING_RATE 	0.0011
TEMPERATURE 	100000.0
TOURNAMENT_SIZE 	10
maxGene 	3.0
minGene 	-3.0
populationSize 	110
maxEvaluations 	20000
mutateRate 	0.95
mutateChange 	1.6500000000000004
seed 	1646684373006
random 	java.util.Random@3ada9e37
numHidden 	8
numGenes 	75
Training Set Training
Fitness 0.018134323241334283