-7.146911807458348,3.569096255742852,4.543891607938337,-5.898194172364441,2.9444347348898177,10.27409437855213,9.037827598159215,-5.081848588358577,-9.963776935207536,14.076738859364495,-9.606396375262701,8.437423659666372,-9.564579979133445,-5.810747329249562,2.4204340972097116,-4.39675473782304,1.236554079500757,7.939074303836556,7.067090343358434,-2.41294913098059,3.689686085961716,13.8385828497931,9.383761063762282,-11.4363111611347,8.101750126506612,1.0663067047868244,9.879373075948356,-8.979584458854152,-0.42997841280630933,-0.9609717041805892,1.3968052751646542,-4.581453162745216,-1.743149216881175,-7.848861791790581,-4.486172676173969,-10.530189048510739,1.2978575310283151,-11.859401094739297,-0.8877887654048173,-2.9066876819462486,0.032444598686865334,3.7300420558157663,-4.1213247424223285,-10.543882673055231,12.291966620564153,-10.277616129849863,-2.35844584210197,8.425089485885064,-8.785121163283128,4.64869600142668,5.274824682033685,-0.03029318618514054,6.129675624907411,15.621937135183067,1.516349223272874,8.055204377029733,5.755407874073929,7.693503395214558,8.549933246241395,0.6024957485652171,7.566060102155003,-4.1095816299751196,2.241030696016992,2.515933361043369,7.6990445109657095,-9.170659378839972,0.3436602162585265,0.4920820181115264,-0.1904389910534583,1.6594297749321107,0.911335169505632,9.472283633170068,5.531550561896902,-8.62053374512192,5.947540733681507,-8.711095396535836,4.202458549770329,-1.694516125499991,-2.5284727907381894,0.2297657082829634,-4.706995449353191,1.133531801668493,-0.8970768621867737,-0.7426373088696252,-10.645356798684587,1.5980407847596032,-7.916093664832774,1.5190950884095198,7.206383728825726,-10.030369411060324,-1.2395957703191378,3.6218333683506563,1.0291185945026076,7.567052567129076,-1.2159690088400863,5.618759046553779,10.369599269242624,-12.22367850108651,9.424201670000421,-5.031476099239026,-8.972322603519517,9.125951411006515,-9.554901517826213,-5.123612021248731,10.559419841982999,-8.88943360436236,7.904900043327428,-3.0859047607270966,1.7251831317834743,1.0360205549099941,5.6249163041483055,-8.560132241192857,0.8957234526095146,-9.92248211249014,1.5540083946825254,-0.34800255137096947,4.950899844897301,-4.1519166978559925,8.118905769113168,15.859130893624338,-1.7354872049122374,8.61809534056733,7.703767693141144,13.787450709292385,-0.3346952661005185,1.9074501584852745,2.4925716971474063,7.569562779461868,-11.251865777632768
neuralNetworkClass 	class coursework.ExampleEvolutionaryAlgorithm
INITIALISATION 	AUGMENTED
SELECTION 	TOURNAMENT
CROSSOVER 	ONE_POINT
MUTATION 	STANDARD
REPLACEMENT 	TOURNAMENT
ACTIVATION 	RELU
COOLING_RATE 	0.0011
TEMPERATURE 	100000.0
TOURNAMENT_SIZE 	90
maxGene 	3.0
minGene 	-3.0
populationSize 	110
maxEvaluations 	20000
mutateRate 	0.95
mutateChange 	1.6500000000000004
seed 	1646684373006
random 	java.util.Random@3ada9e37
numHidden 	14
numGenes 	129
Training Set Training
Fitness 0.033892032931440226