-3.822631202498595,2.56008652643248,-3.738400360727372,0.37151015655138586,0.898115440478195,11.838744260452302,-7.48991982149798,4.297726080776942,5.446011075373539,3.7137490384605005,-5.457460008743624,-5.011332339521696,-6.070529292603602,7.797722252769002,-0.06530725777886026,-19.14085803566013,-5.645746276112438,9.260738259377968,5.766070331208495,2.9479141085087726,9.577746563186842,-29.23038748774031,-2.553133908003656,5.7292050564355606,-4.673204405503411,-6.46359870315203,2.4970909148783216,-6.3120620104817,-10.546607536933086,15.39680760595405,-15.480662234057581,9.863603034635828,-5.741621464841036,-1.3955870832566575,-1.3939380960623122,-22.27340601517328,12.806687133182518,4.579400889779752,3.8593916905688372,-2.2026396973879336,-12.711489853653445,5.640661527584555,2.5260921860850143,-7.997307233015829,-7.60087195633116,7.0279079829635585,2.9124196597968846,-1.4150439634278786,10.866004606433664,6.585666339671636,-15.806793610551564,1.4390565456624067,0.8451087497028755,4.133737674864248,-4.38337016261986,-8.751574442393895,13.839280521076006,-8.911038562337332,-1.7692706579419903,-12.724723738545979,4.459822395780542,-2.2691508682470953,4.7198396224242245,0.1318825065417002,-4.241646031121719,-2.431114611273811,-1.261276684397835,-3.7813920399403465,1.4993273762222525,-2.4779662760806422,4.169292028193102,6.110899946109901,5.474462076977583,-4.538786042137142,4.099416276058351,5.9114475110200235,9.328714028285177,-10.106742776966795,2.9354316174970103,-11.544813608193143,-6.276742868316084,-9.51992736972604,1.9595603696161232,2.363818476560289,5.804310004914759,4.989502165353199,3.030577312006354,-8.757003360311366,-1.2224933974913021,2.514566825296505,-13.749345827383172,14.44931341229079,-15.994139881026493,-4.574453645769163,-2.466568707266026,6.525711738455579,-1.1447616752368095,-8.665431754781741,-1.1920288027175445,6.712923986476817,-3.2953798611775778,0.9551147494033576,-4.669640613219618,-5.408970908349724,8.61926671079606,2.9790928742079643,-6.900672488594497,-0.5608008285584711,6.203300461203456,-11.378155751902803,-12.115618334153972,-8.676802739156768,0.20403901153466197,0.4507100094471417,-1.5254701538145712,3.1291661338552377,7.5337991860019295,-10.584504121475389,-8.107188889703211,-13.141265108991778,-3.2442622780834025,6.939419046692835,1.3464384361914474,5.984456430236534,-7.151341224598552,1.2068548495676659,8.144476247967267,1.036069804176484,0.8215777495448107
neuralNetworkClass 	class coursework.ExampleEvolutionaryAlgorithm
INITIALISATION 	AUGMENTED
SELECTION 	TOURNAMENT
CROSSOVER 	UNIFORM
MUTATION 	STANDARD
REPLACEMENT 	TOURNAMENT
ACTIVATION 	RELU
COOLING_RATE 	0.0011
TEMPERATURE 	100000.0
TOURNAMENT_SIZE 	90
maxGene 	3.0
minGene 	-3.0
populationSize 	110
maxEvaluations 	20000
mutateRate 	0.95
mutateChange 	1.6500000000000004
seed 	1646684373006
random 	java.util.Random@3ada9e37
numHidden 	14
numGenes 	129
Training Set Training
Fitness 0.017359683996107052