3.683923890301468,8.325047384921815,3.8874134672065424,-4.4622638887524,-6.885977347117041,-8.720606009597079,-12.881408000010323,18.535587962583918,0.6400050244170945,-9.096574602928747,15.727804159010935,8.750855034245095,-2.2346301367346015,-1.366563188531627,-6.591089265731561,-11.947421777704054,-4.603037960274042,2.339867783115814,7.17268615255929,0.7132934937760238,2.591199662495943,-4.602579026624012,-14.009554923277834,-1.8506171597272107,2.364482379352504,-6.802086499860183,-14.835997653800106,15.889501077970188,4.8755810462349904,4.2436362727683345,2.1076966421065926,16.541476529886978,5.690543452508759,15.746117849500237,-3.3253091275727247,17.00894251321001,1.3808847730749072,-7.820213971514153,-13.30625074201998,7.127316707485569,1.2335678511841355,-12.697858917702655,2.4541742318917734,-3.0053956948445073,-5.5834920884152375,-3.448343651149461,24.33556929967086,-6.984139599126446,-5.853922094330901,0.8217336776057778,-15.274418139114134,9.21100682377052,2.0933170400465615,-16.06634728310679,15.452759613563662,9.85405685862035,3.9932865358352725,16.54355760011515,11.283143787721615,-15.98233767076994,7.687246396429108,-0.18186040963270322,-8.161798031618394,5.090254535401964,1.8300623609228293,-3.0992208889110593,12.63819189347484,-17.0860862641061,-8.3145110027702,15.314521596767081,-7.44097253315662,1.3094564123741028,-6.39029446698054,-16.539627605412566,2.962208175946465,-10.78890704280253,-3.561282127903361,-3.6309971304404645,2.366351153773171,-1.3736343194499323,-12.25202582076848,-10.048929756584558,-0.5746443170496844,1.4179364449648215,-1.107224790656704,16.465963686992943,-6.1877910433592085,7.772155165033343,-16.784204272739085,0.04089887627009414,-0.2710696932162877,-4.324805603290189,-12.876733396026907,3.971889395069443,14.07213377575606,7.460901400491742,7.734103222905858,-4.624762533212699,-0.6698283459111467,14.925372540831495,2.6464981586212195,2.8827919830388797,2.1718100670883285,-3.4283818784690343,-2.705767163551277,7.486334672689377,-6.292131275730373,-3.8464570714337167,5.730194120769285,20.936059158890586,-25.933758723756192,5.381828513732483,1.0773205653855191,2.23522511501708,6.2672002647007545,11.435161346201893,-8.02256822153846,2.1476704438342376,6.119870673565572,-5.7113877145853795,-16.303864909580668,8.596979839084417,9.53224486534166,-8.573170837776411,11.307231968429063,8.735716429647539,-8.713908486489164,6.15306703999229,-0.167214716089366
neuralNetworkClass 	class coursework.ExampleEvolutionaryAlgorithm
INITIALISATION 	RANDOM
SELECTION 	TOURNAMENT
CROSSOVER 	UNIFORM
MUTATION 	STANDARD
REPLACEMENT 	WORST
ACTIVATION 	RELU
COOLING_RATE 	0.0011
TEMPERATURE 	100000.0
TOURNAMENT_SIZE 	90
maxGene 	3.0
minGene 	-3.0
populationSize 	110
maxEvaluations 	20000
mutateRate 	0.95
mutateChange 	1.6500000000000004
seed 	1646684373006
random 	java.util.Random@3ada9e37
numHidden 	14
numGenes 	129
Training Set Training
Fitness 0.022151339748201177