0.678070851599097,1.0062117857479995,10.950608034641952,-7.32530573929148,-0.4065086874119359,-7.955846651410943,5.999367478586718,-10.697979205983577,4.66330783781997,-9.15766705534024,12.858586667576269,10.718780767788935,-2.3754869375623695,-0.6165708046469298,3.8760116907684603,-2.5528484249616463,0.5968537702516725,-10.567996639369552,-3.3367582818916492,9.129678231808036,-15.060419585946986,-1.6540400030583093,-6.9847973230878235,1.9545631806730164,-14.4751932844117,2.9545549530150996,-3.5246231149364062,6.11702832704694,6.141138364521703,-7.344035903796568,-5.717873104409605,-6.953869990462055,-4.56853235926138,-2.4879613562989142,8.015436087831624,-7.855229849909259,-2.153441566694089,-0.6200208346431246,9.834875673487664,7.446502682593778,2.411288119798945,5.82027399666725,11.908590082570527,-7.513901280796086,-2.1968589722499923,6.857351785708957,3.7795771283813293,2.261686754685581,-17.867214117930082,1.3440133857097853,12.449524759846696,-0.11535024013500639,0.3943038738419631,8.692811781628102,10.731950001043,1.8193167453073729,3.417865750360873,-9.16283851662493,3.8853693714458997,-0.9921534987566885,-15.689605167392342,-4.027930256296375,0.23371591153628835,3.256561537472754,10.559983272956194,-2.2510152825892993,5.165201525931465,-11.221652014155096,-4.892434075049836,5.4113741420143615,8.922306756552175,5.341599093472791,-1.6954111779950445,3.7572499231529637,-2.345432844018311,15.769535108848656,4.278146214760369,-6.448033937893398,-3.3476935992369157,6.014598369246956,4.865289417004744,9.28922947566755,-5.636547032365366,-2.4490275858551698,5.50595211654708,4.160367830493889,10.467062350656954,-11.715854920252836,12.99916519677457,-8.908490060408967,2.586147384001718,-0.4302176446645323,-0.02002950246469437,-2.004553889622769,4.61890723438456,3.365049778166079,-9.68532027916221,-10.290458792434444,-1.1485702265441038,-6.146128923111217,0.5398539898469004,-0.6968164560723284,3.4364238538316343,-3.1065250538868927,-15.614380093977182,-4.712134107873297,0.8815241089663504,-10.977058157438167,-2.0233341950377888,1.250097778393867,8.487196448768536,-2.5946812023498627,-6.972158192899873,0.09028409810941174,7.681638154646758,-1.8414566815037912,-8.771237488439219,5.571796723098484,-9.365519357112117,5.413794058892338,-1.8711065124386823,-5.717351365947243,-2.755160909494321,-2.5380764528281885,-3.81891503170102,4.188752301623093,1.8862328787402065,-6.377862317349866,-1.2459487172642856
neuralNetworkClass 	class coursework.ExampleEvolutionaryAlgorithm
INITIALISATION 	AUGMENTED
SELECTION 	TOURNAMENT
CROSSOVER 	TWO_POINT
MUTATION 	STANDARD
REPLACEMENT 	TOURNAMENT
ACTIVATION 	RELU
COOLING_RATE 	0.0011
TEMPERATURE 	100000.0
TOURNAMENT_SIZE 	20
maxGene 	3.0
minGene 	-3.0
populationSize 	110
maxEvaluations 	20000
mutateRate 	0.95
mutateChange 	1.6500000000000004
seed 	1646684373006
random 	java.util.Random@3ada9e37
numHidden 	14
numGenes 	129
Training Set Training
Fitness 0.013542210639195008