-1.4938360872171472,17.284356527469853,-10.94310565519828,19.990487371075275,-2.175918160358753,-5.501794732760683,-8.972301325678082,19.401081816742234,4.841472820221968,17.84087798116837,-3.937062422314101,0.5391745294285091,3.591426111227669,-1.6829562916581864,-6.403085436194349,10.43672416852312,-14.208096481168388,5.705103910480743,-17.669098941049988,-4.554338590524065,-17.081934568689952,-3.869195682378744,0.48249235188084505,-7.70357353327971,11.280521605319676,-10.470078242082444,-1.4278927784318967,-0.20449623446035048,-10.420731563293744,4.9689118927292455,-4.426768282784424,18.248610275227357,-2.473873236930043,12.962322330513976,-8.855198928521125,-0.1151323229804273,-2.51096879120042,8.133201166648703,-12.05658562809263,9.383460594881303,16.159581155441597,-0.04235125041086185,-3.4201290182541753,-7.782048044031757,-9.019201801126377,-4.682913768219047,5.9888154452428655,0.8346037933790731,-18.90490690627955,-2.4482671515404384,-4.577926361665434,11.669717787120462,15.032981623671324,-19.23379054774695,-0.4944374025796785,-3.612813535261729,5.861144969256769,2.6831034171514174,5.816448511647304,5.281114475359139,-6.706030863449337,-25.977243311345504,-1.7584712150074342,-6.960456342575666,-8.754248131127449,-3.6425440988872424,11.01961002192188,4.80398653226491,8.26130566805502,0.3456282745660353,0.49994623146488504,7.1856432338860206,7.310738834892888,-3.9534300353725396,10.715606572431385,13.562852183724782,12.219737766055609,-18.00134971078778,-1.02506974828208,0.5354937724414093,5.329724217064804,8.613863497751668,0.01603063998177312,-9.449261603863068,-0.10719237431494655,5.299016951408223,15.498599902544893,2.1407047859130337,-4.095503324613575,-5.041231193077673,2.9740708400792926,5.226261922041795,6.0626851839230955,1.0181490814638519,0.9294818280954562,0.04238483511149482,0.4144725211509419,-4.477879403761259,-4.0078088155546965,-2.22085804554536,0.3129234573965256,13.127157355151928,4.511886552393252,9.458566356269658,-24.846076675487346,0.5947411666422981,-15.696874725697032,7.331334024840405,-2.201172043053841,-13.720902870753614,-8.364055473507491,-0.3716555654442857,4.411657301932364,3.0214125741057583,-18.296125016648688,2.690970689302456,25.450124597563587,7.620203875661838,-12.222012974983096,-1.0700827748199258,3.047846065838252,1.7424206823189934,9.272397842275863,-25.42370212203322,3.310615283221658,-14.327706186770781,-20.54903691115095,0.8397143154512428,-3.277318632553447
neuralNetworkClass 	class coursework.ExampleEvolutionaryAlgorithm
INITIALISATION 	RANDOM
SELECTION 	TOURNAMENT
CROSSOVER 	UNIFORM
MUTATION 	STANDARD
REPLACEMENT 	WORST
ACTIVATION 	LEAKY_RELU
COOLING_RATE 	0.0011
TEMPERATURE 	100000.0
TOURNAMENT_SIZE 	90
maxGene 	3.0
minGene 	-3.0
populationSize 	110
maxEvaluations 	20000
mutateRate 	0.95
mutateChange 	1.6500000000000004
seed 	1646684373006
random 	java.util.Random@3ada9e37
numHidden 	14
numGenes 	129
Training Set Training
Fitness 0.019005146005343164