-13.74566256351527,9.370927444371715,0.06880118173339689,10.622891727609158,-3.067061458297071,-2.902601531318629,4.212570569068816,10.729559877552555,0.5317170554865758,-6.2644461066263615,5.002916566806467,4.04390939513519,6.439686611686147,-6.708087520107322,10.326090816817471,-19.92148448539907,-4.0201785432288535,1.4933053638004257,-9.675615442730502,2.070404925221828,3.5731496273228824,-2.9287384581216367,-4.69284170728052,-8.800534020613668,4.5274278696609755,-3.9938356118348874,-11.497489559164286,12.96213219517071,-12.921488611196047,-4.348228316060881,-4.01937048782832,-4.871450584467247,-10.634735712939733,7.347804885451296,-9.373644718051619,12.242295772874932,-3.890905988874019,-9.397083899341006,-2.5275408485454047,1.4900844646618214,-6.45307563702066,-4.5075438777267,0.5766423820372939,-10.625261839675519,-16.518343163495764,10.61507402075916,7.534228901020678,8.61808134709707,-4.133092480087647,1.9892881616963303,-7.534980185555295,-6.698739943547283,-4.866964443389678,0.695778646606195,1.146755208151136,13.118354050612044,0.9892188537062774,-1.566741223081845,11.139120310417335,3.7250085482681055,7.351563340709188,-3.244604103811656,4.451209731072138,-2.8428296198148586,-0.9500309214503364,11.243356911982564,-5.348146016540108,4.625873525985194,15.206708903785476,0.34316747628373445,0.5561937697510952,0.7123779851803302,-9.042589156845061,-11.640819255523622,0.0933722627204574,-11.806172992418416,6.050370136786422,1.0445591692678349,2.0192010766090736,-9.527057374821771,14.762849112664268,4.316789410990335,1.8841393720691948,15.316145534384367,-7.736739487051102,6.050849158685274,-8.099091609879693,5.972837908463891,-2.374137650315978,-7.58523600839607,-0.5724487992442455,8.6044516195138,-6.38017440406316,-11.538104109774814,-6.709269893808424,0.7952228985061627,-5.002725799365253,16.081415428366636,-11.279463751721975,-1.9024887631594831,-0.10487264450506384,-8.166978320966734,5.652076117368022,-10.217155278628743,4.793310140943904,0.10407850561074339,-7.129422002390864,5.57572677445213,-11.412866160137728,-4.673049378773513,-13.71425161460799,3.0406054751318505,-11.015620901807338,-4.5185723551815276,5.817595500479182,2.773260786256575,2.4278519553552957,-7.918263292380647,-6.740085482797584,5.266227668487818,-5.37808357100605,-4.540247565115468,-12.040879499321578,-8.82627007898521,1.4067397847766312,-0.24437845310621498,-0.29490327377967507,12.894960663607435,-10.873274547606607
neuralNetworkClass 	class coursework.ExampleEvolutionaryAlgorithm
INITIALISATION 	RANDOM
SELECTION 	TOURNAMENT
CROSSOVER 	UNIFORM
MUTATION 	STANDARD
REPLACEMENT 	WORST
ACTIVATION 	TANH
COOLING_RATE 	0.0011
TEMPERATURE 	100000.0
TOURNAMENT_SIZE 	90
maxGene 	3.0
minGene 	-3.0
populationSize 	110
maxEvaluations 	20000
mutateRate 	0.95
mutateChange 	1.6500000000000004
seed 	1646684373006
random 	java.util.Random@3ada9e37
numHidden 	14
numGenes 	129
Training Set Training
Fitness 0.020415065890465482