0.8437005684107156,-0.9830211381235731,-0.585246207708543,0.03390685584701025,-0.11467986702458477,-0.6494116006284201,-0.24930921715796628,-0.43663223765074477,-0.14042749327333715,-0.57962555982752,0.777476373919406,-0.5164532249214311,0.271305956435156,-0.8108676871254471,-0.5724284071507417,-0.6670542466734515,0.3598157465732136,0.8128482600975372,-0.8581382920842074,-0.3145405260987695,-0.6092871481909536,-0.42289144524268485,0.4645032925729301,0.5853625619491484,-0.3552908942978623,0.05043559440951684,-0.837495989396848,-0.7508913552490758,0.2430398184869108,0.9484565894917428,-0.10645979475640899,0.8564479213764032,-0.6508900188893776,-0.03270522433069045,-0.24138338375927382,-0.2923694801670689,-0.7675650534122037,-0.5543551292571305,0.4144443789494284,-0.1102557101905064,0.5669199427333113,-0.8744463831876087,-0.476505750253009,0.8005415236684054,-0.2408138414338319,-0.039887898700074365,0.8597381509498333,-0.7596172343194635,-0.5738231502164728,-0.23391445385401632,-0.04009657923694365,0.5015351098373592,0.5648129354723134,0.41011396813071255,0.23439019845895082,0.3302976863029855,-0.46423105132624776,0.3283630221877031,-0.7364352870394828,-0.7717036785986299,0.8109513245270682,0.42640391476353734,-0.07815470623463483,0.5526223689113136,0.18465518223485755,0.08034851671370957,-0.42506613146318584,0.7449854457864503,0.5678119730129841,0.22697066509540498,-0.44953379723983056,-0.8387731926240577,0.7315168578447057,0.9128904639007419,-0.46415345598219737,0.9701912419001012,0.5355330086768916,-0.032545463286834275,-0.2752016762182623,0.515715649208455,-0.3535622895956816,-0.5818563382140287,0.6198919061542737,-0.40921393333782086,-0.5211456610181113,-0.3713560737893362,0.27868002449956564,0.24779561876185185,0.7813846978657973,-0.024429792982907372,-0.47463866588302683,0.2736669249661633,0.11539665834157453,0.15276256344631578,-0.5998780424327543,0.18738701404688995,-0.9223719470548158,0.636440296288514,-0.1290510790120465,0.040950428718264376,0.8686564886486631,0.6515074975873182,-0.21769488693894745,-0.04613227596795588,-0.8642315524349243,0.8815074424145807,0.7646551716003797,0.2141283452210193,0.574023353744738,-0.6347241027605839,0.034742200829330216,0.415674160624408,0.23685780716070182,0.566920209028127,-0.7382433030610416,-0.4727103965736623,-0.4546737267038188,0.9324774073174443,-0.7754942445262588,-0.012077559211203903,0.1696169035765417,-0.45545814362679615,-0.8418798628575587,-0.5301012078535832,0.6084349092751825,0.31390050712775663,0.979966953192054,-0.47961212709204815,-0.6950253106319972
neuralNetworkClass 	class coursework.ExampleEvolutionaryAlgorithm
INITIALISATION 	RANDOM
SELECTION 	TOURNAMENT
CROSSOVER 	UNIFORM
MUTATION 	STANDARD
REPLACEMENT 	WORST
ACTIVATION 	SWISH
COOLING_RATE 	0.0012000000000000001
TEMPERATURE 	100000.0
TOURNAMENT_SIZE 	90
maxGene 	0.9999999999999999
minGene 	-0.9999999999999999
populationSize 	110
maxEvaluations 	20000
mutateRate 	0.95
mutateChange 	1.6500000000000004
seed 	1646684373006
random 	java.util.Random@3ada9e37
numHidden 	14
numGenes 	129
Training Set Training
Fitness 0.14839063375160522