-6.756838710380704,-6.7747161358670045,-1.7809570846913783,0.18761220069815376,6.662454306685179,-9.857321588639188,14.945149962406987,-5.148183403363118,-6.488159994970903,16.391680010582654,-1.686780839478752,-0.0930029652159714,14.849849892577444,-9.772913768156817,8.12146879457528,13.172810929684378,-3.3148325801944516,6.4515598500969285,4.790567198483934,6.478790441254768,9.891890403042563,-19.634881624073508,-6.621695844326401,-18.311415709767893,-8.361090133032626,6.484529111019505,-8.207655374345036,-1.7363332677186127,3.399481674331282,1.6769089438159455,3.308743061484643,1.5289772924759957,-3.1941039833253013,-0.07121860307943173,4.883974648772531,9.81115743245216,3.2754774698599514,1.661296494335594,-6.759182089417935,-1.609245817734645,-6.742023225992995,-13.295727928274559,-6.536498632422802,4.892963098539919,-16.409256597972494,8.156168409433912,-3.4448951756253328,-4.912813309864557,6.696896317880585,-8.065938879477008,-19.909715692944403,1.6738872503858335,-4.876961793186931,1.7571303429129355,-8.061032524678785,4.857916126538104,-6.663113196892089,5.0091374478929005,-1.5082553082220311,-4.909295139789967,3.241524941585424,8.239813502067376,-3.1647410318406797,-1.6905936300181024,-6.638200846275775,-4.907962887156252,1.605976039838903,1.6592779027938063,11.669724594599277,3.3311319759683595,0.09329420935155763,0.10630013802265559,0.13958253812903632,14.804568024785887,3.168031416982192,-4.819769535492246,-6.790275558828787,-3.42519712602053,-1.4700947270322358,-5.016008930373829,-1.4730750964961246,4.994953548967004,6.797700038687619,-0.1865040178240216,-1.8395460282235092,-3.4635584074521404,-3.1916077213269753,-1.547275827243178,6.44686724648084,5.029707620300284,9.996585575701756,-3.1579510482016735,-14.88715944281371,-6.7564551662128824,-10.056817730821384,9.713537031603362,-8.127796106785006,-1.7944462664532597,-1.8377012535174462,-3.3548661937292064,3.2046575596576323,9.80567375647965,-16.66199134651061,1.6063543958409827,-1.6025184596588993,-5.073299582277724,0.027576656347858552,-3.1486967008541322,-1.7321226913848218,-6.689850137846474,-8.084576442726503,0.0605485195188864,-16.517590696854448,-1.807214333000715,-5.117858607708168,3.291579013106638,-3.348658520036011,-6.7614239226720745,1.5954557748378706,-6.5317221012055455,-14.900507486506633,-6.707197233899992,-13.014889645878927,-11.626953654902382,11.35156131237362,-1.6505044995284166,1.8312266729761273,-4.899083226876927,1.5687025585445493
neuralNetworkClass 	class coursework.ExampleEvolutionaryAlgorithm
INITIALISATION 	RANDOM
SELECTION 	TOURNAMENT
CROSSOVER 	UNIFORM
MUTATION 	STANDARD
REPLACEMENT 	WORST
ACTIVATION 	TANH
COOLING_RATE 	0.0011
TEMPERATURE 	100000.0
TOURNAMENT_SIZE 	90
maxGene 	0.2
minGene 	-0.2
populationSize 	110
maxEvaluations 	20000
mutateRate 	0.95
mutateChange 	1.6500000000000004
seed 	1646684373006
random 	java.util.Random@3ada9e37
numHidden 	14
numGenes 	129
Training Set Training
Fitness 0.013408459961292606