9.135447397170656,-7.352380987830857,-0.5871153998083933,-4.8701796754565585,18.796922087438155,12.105859365707383,-10.289655674135819,-12.381416822704718,6.923080214657942,-5.554297940581289,-2.8655732798254014,16.086570752127187,-24.39091697162101,9.364912855416112,9.368090987878624,22.471026663449905,18.15765315149506,-10.340185103356314,-20.24646085944763,-10.797754666755502,-2.731496369394958,10.279042472395624,-3.129305611719378,-18.678218083139285,-19.707981622460935,-3.042918079489543,-27.349764004912878,14.4469961374524,5.314262094636206,-2.3104960407800377,1.2396379382634786,-14.26261281366596,18.51500483769211,23.19576935007838,-4.390987025072414,4.595911323959202,9.252561000686555,5.636983397309853,-8.310571900726591,6.2037053795292785,-17.121155858151937,-2.835049228730597,31.129713274413504,9.189378457056284,16.675156947394868,-8.424628560673568,3.988644723996269,0.12426364588702832,9.97383782912019,15.972001337410019,2.8977463450532674,-2.4372406249502347,7.24299935458421,-22.02991467011295,4.885810086985714,-5.137876631295917,-10.58879744744114,-31.22364430036626,-16.150407186827152,12.5188147095535,-17.553983000907365,-8.220627139206005,-1.0139847086786062,-11.201282174973732,14.325032524536622,-1.1820315710301035,-7.430464534205322,5.866313223926504,8.399989891591918,9.21703824077195,3.2142409718980947,1.033094257940137,-10.445685259170562,15.23891365793587,2.903554085889189,6.998267241663603,-8.958557127034542,-7.404974230659233,2.101309238298523,8.89500025744012,10.965936100054014,2.5965624799408964,-9.923680384087154,19.583228305342246,-18.36849998662243,20.394299551383583,1.0284059683213815,3.395248825167421,-3.220381392957764,12.316774700208432,-37.40277193171888,2.7930822358705383,6.12963605849459,-6.38754356156209,7.766108741088514,-13.46319731025047,23.105721285074367,-23.26445746224811,-12.258591813525081,20.940780727772882,-17.50173764803891,4.486510656787038,6.493860101948041,-5.639987349631978,7.45684565610434,10.0275244367326,3.891643409539866,-7.248553271991549,-2.9509137944955945,9.889285743757588,4.085821939835611,2.795449576510295,-8.555817614281613,4.0699056479618445,-26.022856023480756,13.79029194105299,-7.2078203294444965,9.497853012259654,-4.65094946479973,-15.602233951472938,-1.3304633774869394,-2.1099765740487797,-18.254892645704402,-3.429217588661974,-5.301304524234485,13.482453550783465,-3.4000742207206907,-14.515973761228883,-12.07603041607001
neuralNetworkClass 	class coursework.ExampleEvolutionaryAlgorithm
INITIALISATION 	RANDOM
SELECTION 	TOURNAMENT
CROSSOVER 	UNIFORM
MUTATION 	STANDARD
REPLACEMENT 	WORST
ACTIVATION 	ELU
COOLING_RATE 	0.0011
TEMPERATURE 	100000.0
TOURNAMENT_SIZE 	90
maxGene 	3.0
minGene 	-3.0
populationSize 	110
maxEvaluations 	20000
mutateRate 	0.95
mutateChange 	1.6500000000000004
seed 	1646684373006
random 	java.util.Random@3ada9e37
numHidden 	14
numGenes 	129
Training Set Training
Fitness 0.019995826135090797