10.924861593249473,4.725266965982358,2.583112805026282,2.51076914078861,3.996368971288783,2.6722207945150807,-1.260009690112991,-8.281532183348233,1.4029534449731358,-2.2809458549091404,3.5850172875489363,-1.0914124413454402,-13.180996568969089,-4.666616633477805,7.577902084746078,-2.329852338589812,-3.022090293983303,-0.9827237740132793,-10.3826797151101,1.7964510976219872,-1.8826579821528462,3.0973939141342637,-7.006926934651586,-0.08754766906166545,-8.761530594727367,6.51942653824713,-5.165665936286045,-5.371248381236567,6.178083055717889,0.0816278550409173,-1.3480277912637164,6.7544818470021575,-2.874992290735227,-1.4034554979122973,0.9241049244122426,1.2243952579997197,-5.3178924005774,3.011839226829599,0.3627153200864077,0.7060085227245736,-6.067384902530991,-4.349602740756469,3.7753308085758785,1.6007093752815118,4.564431556709451,-7.103289841434575,5.949440161911333,-3.9617244977645534,-0.611528769934166,-8.03918116271502,4.238491547765545,6.237304146986276,-8.892954970686601,7.892903504923799,-4.533010092285206,0.714594748434374,4.79569539259875,-0.44910251465668116,-0.40161795210600104,-0.5754213148656646,4.506823718902813,-1.3096947312869656,2.773091222280443,-4.354567682714346,2.7858662426075167,6.8996960301199675,2.425232556809493,7.601558191914744,7.710702004955401,3.897145873964285,-1.1747850281426748,3.272668779416505,-5.227605245632925,1.0821949513812976,3.071606443507532,0.4877485015494436,-2.43970643117639,0.9546859766528675,-2.7306920525147778,-9.962278221928331,2.596939823446756,4.966143785772008,-2.717738083563412,-0.5863015034034706,2.838148053403211,-4.238844080068228,4.287580698996787,-0.9617824439845952,0.41105279650524995,4.445509351154897,4.484164488343057,6.004953934401585,2.307831197287057,7.58463492327283,-3.4274585724385016,-9.272098385618705,1.285239359855864,2.4902090378156583,-1.5761616414430937,5.174094914233731,3.240014921161107,-6.25544102171422,-3.005537222255713,2.914472340927496,-2.912373919602353,-3.6081858728347083,-3.430755004621716,-2.4244605967716444,2.5167667275744154,7.24154331709345,3.729467766554637,8.46002808362224,1.1244182890110128,2.7849141111912328,3.893374183740095,-1.7721957976930875,-9.743775957525996,-4.034791261042497,2.9154243279645984,6.938813429266981,-4.265661656550648,0.7738262133305795,0.7567378324635561,-0.3420904300081524,7.249842099677101,-0.29030238367039374,-0.4471657813667873,3.906953151425304,2.5292299326451175
neuralNetworkClass 	class coursework.ExampleEvolutionaryAlgorithm
INITIALISATION 	AUGMENTED
SELECTION 	TOURNAMENT
CROSSOVER 	TWO_POINT
MUTATION 	STANDARD
REPLACEMENT 	TOURNAMENT
ACTIVATION 	RELU
COOLING_RATE 	0.0011
TEMPERATURE 	100000.0
TOURNAMENT_SIZE 	90
maxGene 	3.0
minGene 	-3.0
populationSize 	110
maxEvaluations 	20000
mutateRate 	0.95
mutateChange 	1.6500000000000004
seed 	1646684373006
random 	java.util.Random@3ada9e37
numHidden 	14
numGenes 	129
Training Set Training
Fitness 0.025664287248643832