-9.362179445446632,6.4122003805543635,-6.142547168718957,-4.6070524100713355,-7.782250412033235,-2.9665579899916485,2.499270846751986,2.184830507487339,2.236538812156959,-2.4284137520642757,-7.403467072982428,-4.395067871845469,1.381221767679687,-2.0360050208213254,-0.654436727449573,1.5652895096905892,-8.874003726054557,-1.898604710814455,7.579567341933326,4.388951729779542,-2.128634272693133,2.614597111637816,-3.707539257402641,4.9391887213954675,14.260441221101885,-4.356690188238844,-2.4879797134420505,-4.707827715571173,-8.25212078432721,0.7307985522624652,2.6835754163032393,-9.350204501113003,-5.059709170530226,-5.259148463815977,4.062568114375331,5.085784440095648,7.457819374742752,-3.066235488573044,1.8889170526628964,5.3522368787217,4.184936175133503,0.9157843378856185,1.228233640702519,1.5452088762757645,-3.9156270281857743,-0.8083143480050716,7.164545302703907,-9.563044845490397,0.39146052079911975,6.002891851057662,5.266290919651514,13.578910947256242,9.087007347422986,-3.626217861917117,-0.6780368724472541,-1.0865092341298954,-2.9847908664948957,1.6165663996908979,-8.196118560147863,3.4542607863510835,1.2689417264772898,6.0603370619965125,1.4181891400255737,7.403028825047448,-3.8418542226994443,2.322647442070771,0.2862770893270845,0.6688767723674482,-1.1421249243862768,-6.417801882663811,-2.272554025253577,-0.911850973511811,-6.249064125143768,0.6889453233618914,-1.2252714296802285,4.815890371344656,-6.314092304403536,0.2631844416666187,5.155402708217058,3.768214683721152,6.064691973384269,-2.2121096446074926,-0.7951644467607784,-5.558431130958324,-4.54540400489224,5.9888362897529435,-3.1430922367109773,4.518838805999347,-5.9116796087551045,10.774742794753468,-1.6336223471460762,2.393733962511938,7.621074639618058,-1.6750548686894673,10.518151794677104,-5.746135655147597,-4.0425940229830175,7.464801905480009,7.6155421135675905,1.1094143802699072,-3.2088120196248395,-1.990699462130185,0.664194799494024,7.238298266444847,-1.9294283330599447,12.733051331459812,4.5804870633913115,1.5901687559525213,6.355563213764993,2.7400941796157827,7.602799408137217,-3.7993666834655677,-3.0207482158386387,2.759679277760008,1.1711766257763965,9.013517237904274,-1.2954322427714073,-2.8155853407019666,-6.2844966968935765,-12.257001927300937,16.98681625743398,-1.5550907491983814,1.004426704218905,3.978918640734298,11.608084051947198,5.080274174623271,-3.6431285753180074,2.69757143050414,2.5929819757869907
neuralNetworkClass 	class coursework.ExampleEvolutionaryAlgorithm
INITIALISATION 	RANDOM
SELECTION 	TOURNAMENT
CROSSOVER 	UNIFORM
MUTATION 	CONSTRAINED
REPLACEMENT 	WORST
ACTIVATION 	TANH
COOLING_RATE 	0.0011
TEMPERATURE 	100000.0
TOURNAMENT_SIZE 	90
maxGene 	3.0
minGene 	-3.0
populationSize 	110
maxEvaluations 	20000
mutateRate 	0.95
mutateChange 	1.6500000000000004
seed 	1646684373006
random 	java.util.Random@3ada9e37
numHidden 	14
numGenes 	129
Training Set Training
Fitness 0.020754561046987106