11.300443950188738,-17.168189477228204,-9.713599310075887,-1.0564006172624243,-5.669187079710005,9.783359675696524,-1.4704185190178478,-7.836498958529477,4.906040811698102,-2.375147415412271,0.9179873817358342,7.190674117225848,-5.32461784357638,-7.0726735880827345,4.220284496877289,-3.132720842602531,1.593990503866042,-10.558064515114443,0.6334819914509957,4.142253697325945,1.9560186010711007,-3.3604436040499523,12.00661660787776,0.9662392724580151,3.001633891616164,9.779052779319027,6.48980983963626,12.2027111664731,6.200765359611797,-20.530970744051608,-4.965241860263342,1.260569166545146,2.1347629384834264,12.615642294439592,18.53482931711735,5.974938093928321,2.6530081329366695,4.214266784454879,-10.307455865977284,5.3719058331939715,-4.575126803083318,-10.554445357892506,6.039335099170261,3.849413487423849,-9.511713650739727,-3.573347558389715,-2.942919928839494,4.0904977517484085,0.7645194098999166,-14.353916264165392,2.463021385680742,6.2965672992284905,-9.335325057251378,21.12603176064492,-11.880713042954842,-1.6626193103802196,20.00670677472761,6.458496422443714,-7.584657247162882,-1.5391215167232328,-2.3073288261829763,-15.447969622118704,-9.503687747614306,-18.309994471757932,0.36425920400417944,-11.896502261068045,18.772210134866683,11.005142934195154,14.110528060861146,5.224527057677992,6.492745292049879,8.61975680749426,-16.754899512535793,-2.8949282757573176,4.3594588508285455,12.953350684723949,-4.999032209904735,-2.463280090241277,-5.828427801650266,-7.11020242353182,-11.140614288926693,-0.8038676264165501,-8.385973134474717,5.630608273513444,7.935215555673962,-6.295777501195634,-14.1041879799189,-0.5883207993512833,12.48442075925619,2.279423994442258,-4.166219487529224,13.598545525682463,-8.619710880979156,3.1936284460832383,-4.948233446842307,20.759152920378853,11.923308016670974,-6.5828910952989315,-5.773074891982741,-13.815358548876222,-0.44451568397672947,4.8539798371892635,-2.1851743806434483,5.387621944786925,4.343254083719571,12.17247757457464,13.921937997503433,-8.69608930658465,-11.126009048349523,-0.6754196844587614,-1.881237192886025,0.8576694008335792,3.829479365649033,-5.522778030906769,12.698961775451025,11.071384384955541,1.405578818915668,29.192586789904638,1.8894598299065857,18.411102307463743,-17.5093354105256,1.447706701118916,5.953594281898502,-10.746175259882419,0.8962898463614621,10.323819786223076,-5.346002051675143,9.597946760410686,4.051873348618877
neuralNetworkClass 	class coursework.ExampleEvolutionaryAlgorithm
INITIALISATION 	RANDOM
SELECTION 	TOURNAMENT
CROSSOVER 	UNIFORM
MUTATION 	STANDARD
REPLACEMENT 	TOURNAMENT
ACTIVATION 	RELU
COOLING_RATE 	0.0011
TEMPERATURE 	100000.0
TOURNAMENT_SIZE 	90
maxGene 	3.0
minGene 	-3.0
populationSize 	110
maxEvaluations 	20000
mutateRate 	0.95
mutateChange 	1.6500000000000004
seed 	1646684373006
random 	java.util.Random@3ada9e37
numHidden 	14
numGenes 	129
Training Set Training
Fitness 0.014247246468660588