-2.3977147969934656,-12.859365219076633,-12.178374287709472,-6.202420187914576,-6.000185804228258,-2.33263715931515,1.538151200927845,-6.435743770181977,4.1378417636120775,3.5343608918542397,1.9456689955184299,2.5247238971150283,8.832699830134466,5.948300749300146,-0.43516435241468265,-0.37265734350446866,-1.9149529138488992,8.636142879139786,-6.195948450033134,-6.191235967068283,9.374556756114714,5.910791683455777,3.858289714655325,-11.302495570262398,-0.4920849529801221,2.864036751253898,4.019409646453724,1.8748010411726197,4.625053022799808,-0.40293395037330537,-1.577789204563044,-7.76668531158436,0.9665745304310893,-1.6062315942391105,-0.3827204329681422,5.9879147141959255,-0.5591028931905706,10.824454921506064,2.1659767286868505,1.2439541485592072,2.3526638018174637,-2.7624411754354177,4.794713922803286,0.2671147395008697,3.4145317688460706,6.104290563820477,-9.775040703277641,-5.024926905533654,-1.6875045616698863,11.726147314070046,3.6122142709614202,-7.515088361555918,4.980439684783034,3.1475996229503895,-2.9185029465192276,-1.0486315888718591,-5.387324133769323,13.586199759753352,-4.611333901894746,3.6696952307774096,4.203749919055186,-8.300225644298447,-1.0337850981412853,-2.8569397697614276,-3.547130968846881,-2.7947079837696647,-1.4210355950118227,1.428107980070144,-15.894169424623325,-1.9035872562498994,-0.4806223168062136,4.373458864086274,3.380391335574651,-5.62334795044156,-3.9859823862258494,5.304601670313946,5.78155727369607,3.9325113898920927,3.9419656899509006,5.534807627779366,-1.3386757150687494,-6.534148644806012,-5.91718362106488,-4.254637153476455,7.312943101337501,-4.212798090490287,4.866159051550913,1.279589407780486,5.412834077781023,4.0916319952515,-6.8637443959923825,8.83379792832316,11.183818748465209,1.2962152051232954,1.924919127921509,4.004484946487845,-5.598615195031789,4.113056693946976,-3.907603441733176,-5.035238671732058,2.5002500404418937,-4.635735707262208,-3.6996465416234505,-7.205830774375551,0.21153158746474254,-1.8348300110993012,-2.7271422915395576,4.374717260373012,6.0213801914103104,-1.5404693510017653,4.880553875618798,4.292135393386307,-5.410016955245413,-12.267231366449392,3.142344025918186,-4.0867263470035375,0.2289708323355697,0.5203082119201081,-4.457626165063031,-1.4173072209890432,12.867572537370483,-4.492624319483767,-2.348192787402061,4.727214350125813,-2.51725568000212,0.4399363098007463,12.618569377586407,2.2852921806535544,-6.985316578703248
neuralNetworkClass 	class coursework.ExampleEvolutionaryAlgorithm
INITIALISATION 	AUGMENTED
SELECTION 	TOURNAMENT
CROSSOVER 	ONE_POINT
MUTATION 	STANDARD
REPLACEMENT 	TOURNAMENT
ACTIVATION 	RELU
COOLING_RATE 	0.0011
TEMPERATURE 	100000.0
TOURNAMENT_SIZE 	90
maxGene 	3.0
minGene 	-3.0
populationSize 	110
maxEvaluations 	20000
mutateRate 	0.95
mutateChange 	1.6500000000000004
seed 	1646684373006
random 	java.util.Random@3ada9e37
numHidden 	14
numGenes 	129
Training Set Training
Fitness 0.022238264970214177