-1.979665137600934,-9.385052672105402,10.228549748798207,4.086979439205213,7.272537319350025,-5.796393165970301,-10.620298600067196,-4.725616166007791,-2.1910380505002807,4.078959290296147,1.8583003241976828,6.345878405901773,0.0746967930470861,-2.433403803883694,-4.938255106171264,-4.015854575951756,-3.5940797556992896,3.15488164890197,-9.534496511685186,-11.401215104114222,3.0251991313755404,-17.61051692131521,-5.778041543693247,4.568773355725655,-6.080405663454851,7.049998634529436,5.196371460366545,4.716989297074813,-7.525439900238618,-2.684056507148904,-0.2036426868471528,-5.7690978102539905,-7.162206054832671,9.202406276634129,-12.228830626801807,-3.6146755254631753,7.375867563340005,-0.5437680365240771,9.714527645430406,-7.597583709376714,4.462639874308123,10.201635824883866,1.0996368755517572,1.25093394125477,5.102125285563346,-4.64030217915559,1.4574678642073655,0.1910092380225139,2.6896633817613935,-5.510764017452088,-2.170704421449429,1.7125424426605402,1.6039053059544042,-2.742896947301843,4.931909021463724,-2.8554110379875137,-0.15169217634299503,-4.106002959624307,8.518830142910293,-3.1200820052362594,-6.625505267846496,12.22742535291159,3.5033024330859934,-0.3867828832279221,2.6210180640728256,-2.2434940771493395,10.1287288587844,-4.766788065342597,-3.7102747822592717,-0.056162106730650585,-0.6203378348278994,4.938271408475327,8.508106647491735,-1.6022786401291,-16.928625937147373,11.011862402243926,-0.010326759143407749,12.303550304002858,11.638448269082657,5.898514519235159,7.255584234452837,-4.81374685575145,12.412767037566617,7.5627540257475845,-2.180583271807123,-6.603800784404701,2.8886812327815186,-0.8572372315241967,5.963141107842181,-5.840963389670711,2.7680767983878587,5.827314625398102,-1.0039617595605757,-5.534522726841811,-4.389528120127283,0.5888364995848239,-14.560532973345255,3.3500866964554143,7.13319969381009,-1.202757263968266,-0.28094040679347465,2.4186861595692326,-8.785842950233791,13.718483410965064,-6.577901306635377,-1.4179778545715527,-5.405483413504449,-15.231451761790682,-4.158502541043513,-2.2110983106915807,1.9112260503387097,-6.7020392914595135,11.478979831857469,0.025044071584338745,9.459036551973988,-0.22640229187295624,3.468725941551101,-0.24556058509138268,11.089227456562906,5.603964035481956,-3.491076723827403,-8.67194032784538,10.697113192681693,2.4208490557970386,0.15233437254754456,0.12030679630069407,-2.31715727831377,0.8345905314217861,-2.9418381895552574
neuralNetworkClass 	class coursework.ExampleEvolutionaryAlgorithm
INITIALISATION 	AUGMENTED
SELECTION 	TOURNAMENT
CROSSOVER 	UNIFORM
MUTATION 	STANDARD
REPLACEMENT 	TOURNAMENT
ACTIVATION 	RELU
COOLING_RATE 	0.0011
TEMPERATURE 	100000.0
TOURNAMENT_SIZE 	90
maxGene 	3.0
minGene 	-3.0
populationSize 	110
maxEvaluations 	20000
mutateRate 	0.95
mutateChange 	1.6500000000000004
seed 	1646684373006
random 	java.util.Random@3ada9e37
numHidden 	14
numGenes 	129
Training Set Training
Fitness 0.02700967320817939