-2.1930704852075644,-7.9313337235079775,2.309129517727648,-2.7306913084812034,-3.49033319826695,-1.3507903296223613,-1.217317117243189,-4.39000272010899,-0.08851036670163381,1.5656549972637464,6.616960032261828,1.4850071060541503,-6.29246753048075,-2.2040925644638687,5.595002905607431,1.7442201831581077,-7.856420300944011,7.19386896856509,2.927347256446504,-0.7659347031362032,3.1403309995021083,5.118323965792832,-8.180143250853538,-2.069614412518911,-9.378376075643608,4.341269874109685,-0.9291525022170251,-6.073007998394347,4.511681754645785,-2.847193594959137,0.08123283894279498,5.0328832652028215,0.4908705063075729,1.0606554629692013,-3.2268640480486,-3.8567386787483926,-2.3617409375059784,-1.8909639493709582,5.564732487655781,2.283109942471885,-3.7757832622930225,-2.1240626490480086,-0.041031624401143496,0.36890165994163304,5.166553509721329,-0.6706852927542681,0.04834028317631667,-4.036093862602976,-7.355132726879922,-7.15513475000128,-10.664117792163708,-3.3451003302137985,0.2663504044325471,-3.2566222758158228,2.0718027499148652,6.165704016305675,3.517795814826302,-2.6093755289401557,3.4747266884510744,-0.8877973542911768,-0.2822386367773859,6.435792408112962,4.098476986319255,2.47951489813469,-1.1758289629594172,-1.4662300930304264,2.424139500340811,-7.482356891941359,0.4027364743338584,1.5724483086661643,-4.180225270508315,6.01944378204976,-3.7707595808292718,-1.3821064265046932,6.114641186938492,-6.851227156045704,9.978465904731728,6.41514258532338,1.239322714895299,4.491346239342338,1.2018817346666886,-0.5253142646507634,2.226520581902024,17.003820850011067,1.2694963034132751,-9.377089629609596,0.9760270827465467,3.7465911173712634,6.862155216913473,0.9716719745024149,-1.6398804598180088,-2.0943550243221996,-0.7396043378064494,-2.8955804918970314,-6.491075467460204,1.4285137066899285,1.989484914355872,-2.7010262791092083,-3.5195973800731344,1.5301033491350635,1.6649199654373357,2.4201505418359845,10.968440696339185,-9.155586053512948,3.0082895210694978,-4.8171952284888615,-2.8134216132319096,2.4995446513350843,-3.8730130590158165,5.699220141373157,-9.418887400012807,-6.425896079337773,3.601391551925854,1.2677314570274163,6.841426129340796,-0.10658369532272705,-2.642370083222101,0.30182938657075375,2.7868841610918365,-1.302241037583709,-5.862738176205416,4.236554263174628,-0.23337358881485182,1.9311580831940827,-8.340233577311603,4.447690342366064,0.005950818211373665,1.7544619212587573,-4.131806785868507
neuralNetworkClass 	class coursework.ExampleEvolutionaryAlgorithm
INITIALISATION 	RANDOM
SELECTION 	TOURNAMENT
CROSSOVER 	UNIFORM
MUTATION 	STANDARD
REPLACEMENT 	WORST
ACTIVATION 	STEP
COOLING_RATE 	0.0011
TEMPERATURE 	100000.0
TOURNAMENT_SIZE 	90
maxGene 	3.0
minGene 	-3.0
populationSize 	110
maxEvaluations 	20000
mutateRate 	0.95
mutateChange 	1.6500000000000004
seed 	1646684373006
random 	java.util.Random@3ada9e37
numHidden 	14
numGenes 	129
Training Set Training
Fitness 0.04316517951708971