9.651767499839254,-12.638467727284524,15.692251483331662,12.288955583332703,-7.415884241488659,-5.186743567381936,-8.505233046657448,-0.907338140413728,4.905431982539197,12.844175401533477,4.6502935992289505,11.076169073361074,11.863515647105048,0.1060769063981386,2.6392283440558746,-16.316056266084722,27.352078434891915,-1.3209160108572,0.48430518700994973,-7.326206412925275,-7.940885198221894,16.803890175286263,-0.517265249186762,-11.156418866304252,-3.713946202481571,3.5482628231627107,-5.6379507759398635,-14.016442231225012,-5.358118348873428,-0.13379991601020436,-5.541042549390241,6.7500072226826955,-2.621472093820927,4.729612907304144,-5.423626513155463,-8.378874923986984,-5.666575452920335,-6.678613875235641,12.567141513730743,-4.301207906674556,7.582250681954847,-3.124840651866956,-11.726160786916651,8.510137730746237,9.829487561260875,-7.018850252738858,-24.22759824146285,-0.7094796752469277,-7.9234800002116845,-9.051173914205384,-9.07683217786767,-4.155211652858787,-5.143376071969607,-1.9237741321381128,-6.9736937051539565,-7.763581769763368,-1.686703967189839,-17.427807133412976,-4.440553921311132,-1.405638409108903,-11.92701424086981,-8.788203984254034,13.543685772324938,-1.4948325171701118,-4.924599157341192,4.776674705601074,1.7900241170296045,1.5731793959777747,10.074168587797718,3.3410418998670464,5.671606204450166,-8.215657454502427,-1.1422589751240633,-16.139441969679716,5.44804630856917,6.799389813869288,8.615045656880346,5.705275163531528,9.136441204570714,1.8799099802408668,-8.417510994361962,-4.400665754863687,9.029551043974795,6.116036195029967,-3.1414682841892745,6.989082602494584,-19.445016215494945,-6.872773339802237,-5.040836652994706,-0.2922346899946504,1.9000771327486916,4.94784369319344,16.912213073817874,-15.76107698440265,-3.8044673865605496,0.23697402045485916,-0.39945692419729273,4.252121402648271,-9.793284739202383,6.167161446304881,12.863780947321654,11.69361375686702,-7.025108140624949,0.6494672937980264,4.255354560471939,-1.9889732672648233,-5.568459713348318,0.7424969328443343,-7.8737936758994245,7.725144901539194,9.477221343735119,1.1707754813305185,2.7686684991073456,-3.2166500435251937,-5.97763579734017,14.543081617396721,-8.746406215488218,-1.2117422908836204,-8.869324449765582,9.214090512447681,16.030944425427556,13.091580311543199,-5.413255843983912,-1.0770965545928295,-2.361349509303598,-11.972775285223367,4.627766743407131,7.919783266346529,1.2766599829716654
neuralNetworkClass 	class coursework.ExampleEvolutionaryAlgorithm
INITIALISATION 	OPPOSITION
SELECTION 	TOURNAMENT
CROSSOVER 	UNIFORM
MUTATION 	STANDARD
REPLACEMENT 	TOURNAMENT
ACTIVATION 	RELU
COOLING_RATE 	0.0011
TEMPERATURE 	100000.0
TOURNAMENT_SIZE 	90
maxGene 	3.0
minGene 	-3.0
populationSize 	110
maxEvaluations 	20000
mutateRate 	0.95
mutateChange 	1.6500000000000004
seed 	1646684373006
random 	java.util.Random@3ada9e37
numHidden 	14
numGenes 	129
Training Set Training
Fitness 0.10796441873227654