-5.092650537320874,3.1514469078905245,6.37157270850175,-1.8159718811210608,19.678203866477944,3.374384623987046,3.411488352179875,9.825832822395258,0.14488098748232758,-20.027670978031182,-12.950615188175714,3.4187744516619074,-6.797677617885592,-4.884594060708321,6.615302576230594,-8.430540055190356,7.977122664112211,-1.6095937273509922,9.791145678737154,-1.406602072491447,-6.860377525157418,-11.508832939952072,3.5386643306270624,6.451282735560939,-6.53682763301622,4.819213801348408,-9.926078191086665,-7.984370634809123,-0.0810109269520356,8.38831050855524,3.105475639738833,-3.413691782423152,9.988580617934579,8.049805639884916,1.6939332405931342,14.86864515475188,13.063021161676717,11.37265472258726,-9.67527862526893,-1.6333799727295748,6.429411361885384,6.772742445716726,11.313838862414666,-3.573686344948883,1.669664557863137,-5.159380943461404,6.388041430210649,-8.458879292175881,-1.384686057972905,14.66500847899622,1.5963375238501634,-9.949637032242583,-11.385659651867195,-6.558562687209809,-13.381146880661388,-0.27319532792484136,1.7220751723694825,4.891076385394763,15.142053972282744,-6.543811142059879,1.4280376268545565,-6.505621381292869,-5.18400735331184,6.463280758263155,11.774119969628718,6.4173388694506315,11.4496780658482,4.884021557882827,3.0568394013671316,0.2751943953922922,-1.4651556137481894,4.8222629733302576,-9.912570347604133,-1.360874378768937,-1.4836737590971758,-1.3878297891399551,0.15835030792401916,0.1460101665543263,11.34892666741473,3.2837482978609644,-11.766653706432677,-1.4304754055282238,3.546093893348086,4.6990636602082265,-6.359505081054339,4.852880815032575,19.78490292593805,-0.25939977665221825,-3.146267797313209,1.4892261554470902,6.584767362100491,4.890806461130973,8.248155451125498,4.8652283527321725,5.123986775247582,5.093256828814672,14.85795300911655,-13.243391054075863,1.8486644108660526,10.030968673048429,-8.096882438998385,-10.168619389653744,-4.737289997406722,-3.403717901223109,-1.7678466354269249,6.527286243204911,-8.334428170547628,3.159328421689377,1.7527929973074476,-3.475570145495972,0.0760220319638023,-6.581520768545376,-0.10870629534774512,8.082331405799671,-8.304251043099562,-4.713714296200605,-1.5668121630536413,-1.7473700958755902,-1.5743103249627222,-6.571715204318762,-1.445582791421331,-3.435598584276655,5.0509659041313775,10.179666392371166,0.15158511413667775,-0.24144937602598837,3.3569659668624503,-1.383837742564244,0.02361524034201734
neuralNetworkClass 	class coursework.ExampleEvolutionaryAlgorithm
INITIALISATION 	RANDOM
SELECTION 	TOURNAMENT
CROSSOVER 	UNIFORM
MUTATION 	STANDARD
REPLACEMENT 	WORST
ACTIVATION 	TANH
COOLING_RATE 	0.0011
TEMPERATURE 	100000.0
TOURNAMENT_SIZE 	90
maxGene 	0.30000000000000004
minGene 	-0.30000000000000004
populationSize 	110
maxEvaluations 	20000
mutateRate 	0.95
mutateChange 	1.6500000000000004
seed 	1646684373006
random 	java.util.Random@3ada9e37
numHidden 	14
numGenes 	129
Training Set Training
Fitness 0.01564797230759031