-0.3423372169147241,-2.913751376101504,-10.418312487542101,9.284861128360294,-9.185826851931925,-9.934087844203125,6.379615875445905,4.3485603612201436,4.877883779148561,4.509967145148739,4.559122934909665,8.825311623469183,6.244454054239901,-9.856453641648267,1.0214383812209054,-13.130527057652186,4.509879544690586,9.00105347586587,-1.8212051888554397,0.9527570559848262,24.128477107711944,-3.644535175113152,-5.420380410664658,-6.586635918608103,-3.012615255271731,-1.9689390662582547,6.201491583522801,19.32207645732496,-0.09045714316812159,10.906757591246178,-0.11580318633657427,19.602677767274805,-1.5453043124926378,11.671909635809609,-1.5258185593216025,-5.580550259275441,1.038919438183492,10.020082040142848,10.386444541852883,-11.372246551167054,-0.015275764800962932,-8.463033951998991,-3.4015472822390036,2.794919298569271,10.718340872094524,-7.041095525547718,-15.351385180350915,5.851861546971801,-3.1013528562342687,-12.527793888269459,20.775511673277776,-15.898555519741526,1.8056547376026826,6.130364350301756,11.883691611835358,15.908603518343508,-7.788928150136757,-2.733335964731954,14.109935291247952,-2.405403840524202,-4.310497004827366,5.225718888887505,-5.296214752365387,13.392756277264258,-1.3686947747050153,15.072034995453633,-10.635071847022273,-3.203019022266007,3.373687956706533,-8.6455107171147,8.065184113275071,-2.0848257081684736,5.2111425706099705,3.932097946728936,2.6279469322154583,6.306298837290436,-6.306953593870727,-2.3719381783292004,-12.876564386879366,4.35170187039565,1.5315532233199853,1.0531192367918303,-3.2210081931254493,-2.432809910670885,-2.6451016571841475,3.7886098401590704,-5.1818314070929254,-6.603724426235933,6.483547318011934,7.397602432707032,-5.406666741809939,17.278828935216268,4.517223686086876,13.030704212566773,-9.523662682153798,10.974408329069123,-6.746031270700676,-2.162509143892022,-6.283756701323268,-0.5120369550771642,-7.618283153787409,-4.9971995970627265,10.24671883689763,8.804720710123224,10.982149407298088,5.143492134128085,14.454509589595547,-19.230142453568547,-8.450933362070238,-8.801055875994193,-6.7705662867772,-3.647496479525733,-6.897740241014398,3.5824257230966516,0.6887463189406331,4.853098140139183,-4.902361323415308,-2.468546248449867,-2.998816937633597,0.9373391068549317,-4.609663101032947,6.905393144051047,1.4764816502886342,2.2096115671357417,-0.15495840541503103,8.993376545552366,13.17505005939597,0.9986177036380628,2.9984727383074876
neuralNetworkClass 	class coursework.ExampleEvolutionaryAlgorithm
INITIALISATION 	AUGMENTED
SELECTION 	RANDOM
CROSSOVER 	TWO_POINT
MUTATION 	STANDARD
REPLACEMENT 	TOURNAMENT
ACTIVATION 	RELU
COOLING_RATE 	0.0011
TEMPERATURE 	100000.0
TOURNAMENT_SIZE 	10
maxGene 	3.0
minGene 	-3.0
populationSize 	110
maxEvaluations 	20000
mutateRate 	0.95
mutateChange 	1.6500000000000004
seed 	1646684373006
random 	java.util.Random@3ada9e37
numHidden 	14
numGenes 	129
Training Set Training
Fitness 0.04523473576337634