0.6179634129129585,-1.4016552361453556,-5.686379530227258,-0.5304321473273239,11.7544727040684,-5.643939823921487,-0.31333205213389625,-8.155415977197508,6.090254091409538,-1.9392958973296999,6.280135248647891,1.0705807601361572,10.545168164483654,-10.511242703108133,-0.675649338663316,0.3000582878271194,0.7493884446031336,-3.1589844660522353,9.295850445279651,-0.016710123883528105,4.358377234012297,-4.16955815688824,-5.229528740032043,-6.963980535135409,-1.208495278318332,-7.125152490144464,3.991729524188547,3.8940112606703465,1.4329677890151196,-1.1275852343096364,-5.885174381783632,-6.891164978282216,1.7739051777750579,9.712687190911542,11.920596017462671,-0.44237207643330567,1.7523361031062752,-1.2622387898651937,0.465224473147158,1.5954336859516545,-2.6372147841461464,-6.931978827381013,-6.609499443910591,4.372080424949071,6.7601910666815535,1.9438721835426742,6.315906449858729,0.21641636389239016,-16.07706950739367,-1.3904686897615424,8.167790420913153,-11.040917724233445,3.3675232535308224,-3.7729504210915286,-6.727626613016843,-5.429139196948066,6.422818822281991,1.008344736003921,-2.1516804966733867,-6.913001633849038,-5.72580105694726,5.090135405620619,-8.168916684552073,0.46875872906987137,4.0285654335735,10.701275576116986,-0.304765915239698,1.5718244040490053,0.07861601029075427,1.4840996601186394,2.112439416465546,-5.052978471592564,10.91014783237981,-4.219005712120225,-2.658225216230634,10.642204295886264,3.048857545477592,-11.215473700177869,5.895513128255626,3.554993431403134,-7.466651129774139,2.3740635995156314,-4.442471216618735,-0.3955770401666965,5.678783378661583,-0.4760660552281273,-0.29706299944641845,-5.504591330744002,9.110855120547898,-0.7322207470842859,5.526573805090676,4.293312084596048,-1.747505388857249,0.6908692948796507,-6.465593326595442,-2.1932694686340897,-6.414051954967363,-4.153249893784123,-2.1140525495733264,9.99500708425996,-1.209389430667184,1.756710200151634,-2.0027712137091775,-8.377189996408942,0.5222247392949857,3.3501584339473656,6.172882437705521,2.077491912743996,-3.9482064043085785,4.141116327078337,3.6823516459926493,3.6958007068578436,4.022787483518397,-5.83936425837509,-4.720756991077066,1.0648683343649799,-12.237037879467145,7.727064850294301,-4.065681992670478,-7.431731333950421,-10.697662051430653,8.585692205603394,6.211601737998171,-1.4087095285077202,6.251625507105812,4.436408620962279,-5.686425574102954,4.880434120347594,-5.5643855661560355
neuralNetworkClass 	class coursework.ExampleEvolutionaryAlgorithm
INITIALISATION 	AUGMENTED
SELECTION 	TOURNAMENT
CROSSOVER 	UNIFORM
MUTATION 	STANDARD
REPLACEMENT 	TOURNAMENT
ACTIVATION 	RELU
COOLING_RATE 	0.0011
TEMPERATURE 	100000.0
TOURNAMENT_SIZE 	90
maxGene 	3.0
minGene 	-3.0
populationSize 	110
maxEvaluations 	20000
mutateRate 	0.95
mutateChange 	1.6500000000000004
seed 	1646684373006
random 	java.util.Random@3ada9e37
numHidden 	14
numGenes 	129
Training Set Training
Fitness 0.10240326504033083