-5.770493145053809,-2.5467892787334456,11.525183739115562,-2.022528038672231,-2.2889485903420486,3.965979735690137,-17.44749383053577,5.720339249591714,-11.000258180164135,-1.3680423083924076,11.168551873856877,0.7869298627403012,-18.11650454495787,1.6818330253053277,-3.696040729158428,-9.079409113113007,-1.6328393225460527,-0.878858828819963,-3.2346503480288877,-9.474572243706874,-5.251131222141222,19.933122082850396,21.37755105646653,2.268046857549802,0.18916173363084576,6.779905975507305,-9.63204263759128,-9.880291167972224,-2.6245763774818007,-1.8639043608250638,-5.110895466885605,-16.153794297402982,-4.531874775114553,2.6071757811903913,-2.7467211075012514,-15.985118666983817,-17.61312034639384,-3.2089635644170045,-12.481791149026208,10.787828143207667,-13.996713255288544,-5.665740833425223,4.41562460062759,4.057398341088669,-11.145968215348384,-9.48432529120573,-3.245296478645593,13.154780390907062,3.9716880504897984,-0.5419449270953081,-14.539843588427056,21.224498412750577,15.602153223369127,5.224671135284908,-19.780058030739035,-0.1426951260698921,-4.613357976452339,-0.44920350471217496,-6.92966954026164,-9.638958210170102,1.6326317240666093,-0.25889404555688156,-0.21372528065859786,2.6736587928241375,-8.06784954521698,-15.067729658924291,4.722777902896503,4.4846840843073235,9.35727741788863,-3.8740870207200366,3.11818547291843,-14.168945317783985,10.8717102213811,-6.909550372522601,0.023058024692533152,-9.779679939192771,2.1937385575567863,-0.588805009386911,-17.84147797135862,3.6588437941354943,8.9299482704774,-0.16352310521535696,5.385724472033155,4.3247387456489115,-7.129536497425919,11.373359357574186,0.3832563326476741,-15.52512338607019,5.595519857706835,-22.270064680049224,3.332139863199709,-23.937573893081343,-13.910354584334721,17.582008994550037,13.698212883858186,3.8659811006441807,-1.756290214058783,-3.9396543530577794,-12.170524008171208,10.143451214747417,2.896588756379252,-5.789470580342353,-2.4487983868611938,11.673493454641475,7.57717283559051,-10.529174357877833,-2.9056597282797023,4.9843770883414535,4.303933908514949,5.244305817869339,-9.867005582751018,-12.855219292065325,12.883251388334262,11.509851219265556,-1.215539046249507,12.253129412038067,11.719176836826293,0.07251145503349044,-17.90941822076622,19.66169195166227,-2.7436917314985254,20.897054467249873,-3.0981260496791716,-6.841235985990517,-12.22607653757109,-10.400599056424484,-9.573853444883328,6.706875573930217,-4.216489297098439
neuralNetworkClass 	class coursework.ExampleEvolutionaryAlgorithm
INITIALISATION 	AUGMENTED
SELECTION 	TOURNAMENT
CROSSOVER 	ONE_POINT
MUTATION 	STANDARD
REPLACEMENT 	TOURNAMENT
ACTIVATION 	RELU
COOLING_RATE 	0.0011
TEMPERATURE 	100000.0
TOURNAMENT_SIZE 	90
maxGene 	3.0
minGene 	-3.0
populationSize 	110
maxEvaluations 	20000
mutateRate 	0.95
mutateChange 	1.6500000000000004
seed 	1646684373006
random 	java.util.Random@3ada9e37
numHidden 	14
numGenes 	129
Training Set Training
Fitness 0.00998099123012262