1.2712630221339545,4.611324467065961,0.34944210982069457,-1.4033521719660826,1.6708353255956703,-5.322000379357487,-9.9205346474191,3.156272594070531,5.82496467934093,-10.236320418749369,6.1442662816113085,12.033799296910017,2.303596923814464,7.8427975106755845,-5.859309062022527,-12.747609026636258,8.458311883521196,8.847586852208472,-5.936463631527289,20.893439894942702,-2.0556889144804025,-11.60915683885958,1.3407754216471863,9.391358294774934,-1.9872796331072076,-4.02138544054494,0.17907822827314313,-1.5739929609290373,-3.5930141928731523,-2.7218585012484446,11.246965924487723,-15.648677325643035,-5.3688785338875515,-3.975276695648481,-5.349339493457872,-2.739183228052079,7.5790566538083155,-12.442947965078522,-10.077067807394368,-15.459773185382044,-5.426687547419179,4.51391029354745,6.297978451344754,-2.2552923664753326,-2.8922797272878773,-0.2440092514368306,-5.114397070710954,1.71256598030957,2.922883637082778,14.59495411300091,-4.314299806113693,-3.510355737558342,-10.285435874308726,0.7177016936990555,10.149280810852131,7.6880728958621045,12.684160094167003,-0.16280236039211538,-2.9049881964306365,10.140219385676604,12.186929806383448,-6.367963965211557,12.180476931894095,4.983269709306008,5.967595337579077,-4.394693150767393,6.355098879088472,0.271990016226491,2.894447239428298,5.9491745363046125,-1.263101168248344,5.766823077150772,2.412055462704612,-14.255058038822918,0.5080017442437406,2.981586025534318,1.129176545518889,-13.34076767293941,2.814032892391202,5.949641665694706,-18.007571013727173,4.215280063689227,-1.8697170511683208,1.3795299055715287,8.567796971137424,5.924183083402006,13.872755661850922,1.1206505586146323,6.16100300034091,-2.545674741783367,13.634943383335292,-7.6032983595441515,2.3542782808639373,-6.901960023449021,-9.878585866480051,15.289183341523978,-8.278959710335805,5.312944349418227,-4.122975409815275,-0.4346087870953461,6.75147378759077,11.521230662329952,-2.724189794082937,2.9949273815283517,-2.0690035351492932,5.643566130297622,-3.363664050404828,1.085871726630331,2.8100707314557756,-6.174895402677438,-5.7294714067033325,-9.153639565038365,0.9378142190965884,2.129480724848502,6.800742042875537,5.889433211286272,-1.046662236027574,2.2825091997412486,-5.954955023633376,-0.6013845128603581,-3.612267356686165,-1.3593228283136956,8.673451061685311,9.108813801459041,-5.623894796533733,6.340373183762148,-3.7219484376180816,-4.968287640354356,7.313047858080841
neuralNetworkClass 	class coursework.ExampleEvolutionaryAlgorithm
INITIALISATION 	RANDOM
SELECTION 	TOURNAMENT
CROSSOVER 	UNIFORM
MUTATION 	STANDARD
REPLACEMENT 	TOURNAMENT
ACTIVATION 	RELU
COOLING_RATE 	0.0011
TEMPERATURE 	100000.0
TOURNAMENT_SIZE 	90
maxGene 	3.0
minGene 	-3.0
populationSize 	110
maxEvaluations 	20000
mutateRate 	0.95
mutateChange 	1.6500000000000004
seed 	1646684373006
random 	java.util.Random@3ada9e37
numHidden 	14
numGenes 	129
Training Set Training
Fitness 0.012442716375802987