-6.119751619302659,7.6379586824959045,-6.116909294414025,-9.354131321372213,1.9789725060623482,3.8072227575928856,-3.9153801669841224,7.635386281632629,-22.604716339715786,-4.417222115618325,-16.857314211595032,11.762651231708452,8.348435112006028,-11.235151078525606,5.174459929055935,-7.569461216350023,-5.475926100472826,-2.6727275044553576,11.114185176398182,18.035565103566213,28.064233387498255,-2.8256809130506495,-4.532205390207158,-9.148710986599276,11.60930442409641,4.516638750251193,-10.557583516732658,-4.083335489751823,-9.199230710507283,-25.697308672616295,7.930010350393415,1.0763404624291741,12.43812856085446,7.596627134954392,10.051545642403552,18.173577164797386,-12.687093938784178,11.042594792427703,10.516140053180274,0.0791170805996897,5.723859202172993,-0.8066921126214002,4.109498168987624,3.8342314453406523,5.305085065409891,4.621722554183972,-2.043794058679117,6.128892725014406,5.860607114763202,-4.2122979631153825,7.658093321653329,-11.006423436654453,4.142644086640069,10.306320101054267,-1.8233040488587156,3.2456138131671395,5.796107899784497,3.9607220773751486,-3.389630930653775,1.5779892988763713,1.3261513243645773,-13.801174684783446,-0.7753057358918021,1.3582651024303498,0.2092275169473039,-3.264436141297506,1.519415141936033,0.7851181651064287,6.153167004149854,-3.044657339026296,9.269888354949343,-1.1432199381736066,-1.435317978557582,4.585503782781988,5.649258205718516,6.631860254423801,-8.732145058196567,9.82543559386808,-5.505938147979245,7.592088471424589,-13.897776391195103,5.630442315854481,-3.188379126761001,4.90101985502567,-3.4678354876721444,2.561542093988338,0.6036685145160217,-10.697491072410088,7.097744029874029,8.428253326098849,-11.133413782612239,-5.325799427930358,0.5447805166900928
neuralNetworkClass 	class coursework.ExampleEvolutionaryAlgorithm
INITIALISATION 	AUGMENTED
SELECTION 	TOURNAMENT
CROSSOVER 	TWO_POINT
MUTATION 	STANDARD
REPLACEMENT 	TOURNAMENT
ACTIVATION 	RELU
COOLING_RATE 	0.0011
TEMPERATURE 	100000.0
TOURNAMENT_SIZE 	10
maxGene 	3.0
minGene 	-3.0
populationSize 	110
maxEvaluations 	20000
mutateRate 	0.95
mutateChange 	1.6500000000000004
seed 	1646684373006
random 	java.util.Random@3ada9e37
numHidden 	10
numGenes 	93
Training Set Training
Fitness 0.011654892308750811