4.956007512316209,-7.028466781118774,-8.532345422729051,17.242942904224797,-2.0815573838361043,8.337601902513157,-16.4760105374058,-7.527181507551573,-4.083734999100041,6.215536045062483,4.864480877562826,9.806176157802494,10.897899873124603,-3.8410072353041187,19.844283884282575,7.549274104025029,4.130989318266984,-10.726020567409888,2.1011626949023317,5.261219965099038,10.81060810527322,27.337808880916377,-5.253979364468002,-6.705903676184432,16.11542023730236,-4.468626859071671,9.298608432738758,2.977964358414038,-10.580178822764104,-1.0268475069210314,-16.354212385681805,0.26943789382746974,-15.031842846246962,6.88829625310049,-0.433471134207319,-8.553812714753239,-7.447340991218063,13.128534357916775,8.27211730663748,4.330906421220901,16.85977725658431,-7.421398050273202,8.301838409178254,3.8169465983421773,-6.1398516415358735,0.14227876228409286,11.54370956187331,-6.10600547297151,-9.884527629100367,15.996069236930245,-11.633376627327385,-7.764157265223483,4.011127028840644,-0.9190301093079203,12.65456523340419,35.31347191113635,6.41357266209763,-4.302233068643655,0.34476407195407877,2.383798608695578,2.7396922059288755,-21.31089419706501,-0.563090816864058,-2.189880732437592,-3.6991528808915692,2.97517274005482,-20.063621708690533,6.865711413564556,17.41184986993737,2.287750393431601,-1.893133538237004,-9.044916671536006,1.7906441842703744,5.9107777132978505,0.4455326926865215,13.683479015958355,-19.433043740421716,2.7605346777490016,3.452984301086871,-5.309758172700576,-12.034546000933895,4.022844322703281,-1.8863716681442666,2.606072998845173,-11.299192098483774,6.648889035228274,6.760535769891979,9.374390270289572,-0.9692579387644198,-17.73527352085482,-19.052275998452302,15.503010253621275,-18.123364574254715,-0.47223802156815786,-3.3423908539485883,-5.025353298724511,-12.652059748581443,5.318712563620473,6.263267243684863,8.066791790025487,-2.47513085091769,2.1025851205605424,-5.772999249768349,6.920690096715582,11.111835227957501,-11.072020940200439,0.029844171649729745,5.949163434258056,-9.725652197259679,4.134853319515107,-7.751543510076408,16.488468461430422,3.4538885857087234,-2.34889441925512,5.893798295677554,5.621272121332421,5.439617323799979,-5.3182754788405155,5.203258770993963,1.195547669072532,4.646001894549707,-5.036606235182237,2.84833525874755,-7.659382288583975,7.808169749845813,14.444282892504907,-12.893330796406257,-19.434211777141186,-7.035557033417641
neuralNetworkClass 	class coursework.ExampleEvolutionaryAlgorithm
INITIALISATION 	AUGMENTED
SELECTION 	TOURNAMENT
CROSSOVER 	TWO_POINT
MUTATION 	STANDARD
REPLACEMENT 	TOURNAMENT
ACTIVATION 	RELU
COOLING_RATE 	0.0011
TEMPERATURE 	100000.0
TOURNAMENT_SIZE 	5
maxGene 	3.0
minGene 	-3.0
populationSize 	110
maxEvaluations 	20000
mutateRate 	0.95
mutateChange 	1.6500000000000004
seed 	1646684373006
random 	java.util.Random@3ada9e37
numHidden 	14
numGenes 	129
Training Set Training
Fitness 0.012714528683411953