1.6967389151034356,15.290070699466597,6.723804331994299,0.8047073844563482,-0.8977062454580214,4.093081419913203,-15.57298459595577,-2.428275893042489,4.29982921853672,3.4307998550484538,-1.9148846208387766,-5.78340623135194,-12.507741055394204,-0.7510456400472609,8.299520272121082,7.469900071028141,-3.031558916680546,-2.6434108909366696,-3.3268312459676483,-4.870979389920976,5.325784674959584,-0.7031747225198615,-16.085837871089936,-16.516791599148867,-17.313433481999667,6.6066607923499845,-1.473080313836792,3.7178540833864346,3.0323853082807783,-11.088183239593077,4.1529715204979,-0.6980541177569215,-7.140305651313222,8.296779591252456,13.808275432150165,-5.636866374243597,0.6503708340570569,4.096828437472537,7.4112113300334705,3.1676940945020347,-5.795205329029372,9.477977951615692,-6.144828514007768,-0.9519136798792558,4.550925530257905,-1.2475927087424359,1.8019301458575026,5.75867439430127,12.071382606446534,-1.178913017809431,0.10674312094032246,-4.309411957621968,10.231547194092528,-0.7080449496471592,4.233391876367378,2.339580335314082,3.845223447638157,-5.058864115306685,0.42715370776181594,-9.803866998962572,7.130409029394652,4.266334737980246,-2.164056015857673,-11.685049413794937,9.086241938249191,1.9756815743080391,10.154643198950042,-0.12862493652862783,-1.9867931183282916,20.561939415486158,7.514886331874683,6.125143688538934,1.0521982344903016,-14.418868199000531,3.152358238707656,0.7373022438558445,-3.9659454508911214,-7.513714757293005,-3.844096257210791,0.6739783877943823,-6.040307078130031,-13.338876281453295,2.1875276309601976,2.581108059908729,1.6719891602109556,-1.4448087173199404,-9.0903754487817,2.7771012813655185,-1.5659363518984533,-5.208979011852449,0.8655446997346274,-1.664178702582256,3.8446496294945263,-3.454391097143917,3.981867426451192,-3.4298554518371747,-5.750264268386753,5.902590931370666,5.645519245978992,11.47675721911619,-7.499309803185371,0.32816318538554734,1.406139535286469,-0.9842637363445679,-0.4874102615528466,-0.7570745399449912,-1.6861377704176794,15.723852665868836,0.8924923150581057,13.143468528082858,-7.175052284541481,2.148425603030656,-2.1640923431229857,-18.278332716967384,-2.3575354753348226,8.438947028743769,0.6307361616308631,-2.113718898039779,-2.3435139319061804,10.196585808841604,-3.738538964940055,14.010604476524307,-4.1419664525477735,-17.49292731267809,0.9223957686282689,9.911551136696895,9.123261656268895,8.970356942696771,9.427303143185497
neuralNetworkClass 	class coursework.ExampleEvolutionaryAlgorithm
INITIALISATION 	RANDOM
SELECTION 	TOURNAMENT
CROSSOVER 	UNIFORM
MUTATION 	STANDARD
REPLACEMENT 	WORST
ACTIVATION 	TANH
COOLING_RATE 	0.0012000000000000001
TEMPERATURE 	100000.0
TOURNAMENT_SIZE 	90
maxGene 	0.9999999999999999
minGene 	-0.9999999999999999
populationSize 	110
maxEvaluations 	20000
mutateRate 	0.95
mutateChange 	1.6500000000000004
seed 	1646684373006
random 	java.util.Random@3ada9e37
numHidden 	14
numGenes 	129
Training Set Training
Fitness 0.02639065778219954