1.7587013533143816,-4.704659497561254,-4.29516285427599,-9.206810858369911,3.2532900631948305,3.6034406696530272,4.274131098041561,-17.730858980647078,-15.444609136088138,7.257728577226066,13.541050464763414,15.097720056699288,1.4938806669743219,20.455908757808274,-6.228120144819528,-14.278340470377684,-12.217567162257575,18.628119563014955,12.627789396268684,9.45349601432024,-0.7076799387664252,-8.2789296753652,11.225539260553456,-0.6195091706299074,8.793138111735013,-5.04996811822825,2.318045168801099,-13.006393615080778,-4.8496313929055646,1.1797834631206063,-5.756725247174228,5.474070882613487,9.59446766381506,-10.979802346671933,2.681749641294344,1.9597350065526236,7.736711418070739,16.629564956891677,-9.10778139448132,0.989597127177321,9.755077117577152,23.063683507175043,-15.68813260845909,5.53854713965638,8.558986790662644,-5.9588377913633215,19.161727468889453,-10.644454044722275,2.414784086866896,4.165302845153777,4.089740990979957,-13.042864707087597,6.224365291454862,2.3003547084404214,-0.9867621165474851,3.754341644724976,5.047429959171929,-7.105147538475247,-5.260622477864647,8.904708235457981,9.743365014556934,17.27717159801405,12.696404077573812,-10.017635177760098,-10.318178357163918,-0.7316410747102999,-9.649638801246182,-12.90228594027553,-3.2684076099249157,-9.78528567684982,-0.5887907317414953,-5.5255142982927,3.085442580555222,3.7375244435254924,-2.850916144619056,-8.744417272281378,8.764095353854902,15.879771153908438,6.995734822267812,-4.9396869154127865,5.315619850569698,-0.9004434175765663,-9.65202420285968,19.10427659574802,-1.2629842889142573,-3.832588552727703,-4.580722889122946,-22.43065675227963,-0.9571652642377861,4.0195735764503295,-1.5475709106218947,-0.6251641743810712,8.19122978388384,-1.2482535235135863,5.160497801218617,9.102198588161647,-1.249136283813475,1.407768484737522,10.205097879001817,-9.535893493243975,5.752662521416049,19.77504519355351,3.100296031714029,5.235142251341504,-2.681560991328496,10.49352209227152,-4.135900427744423,-1.6805791555824268,6.1645819235669315,-11.463711110621292,6.253480811591003,-6.666093204043365,-15.720191524852252,5.181803833471802,-7.657183980021584,4.056208044415557,-3.343492961281611,3.5333683930939106,5.498596896799705,-2.8100485953259966
neuralNetworkClass 	class coursework.ExampleEvolutionaryAlgorithm
INITIALISATION 	AUGMENTED
SELECTION 	TOURNAMENT
CROSSOVER 	TWO_POINT
MUTATION 	STANDARD
REPLACEMENT 	TOURNAMENT
ACTIVATION 	RELU
COOLING_RATE 	0.0011
TEMPERATURE 	100000.0
TOURNAMENT_SIZE 	10
maxGene 	3.0
minGene 	-3.0
populationSize 	110
maxEvaluations 	20000
mutateRate 	0.95
mutateChange 	1.6500000000000004
seed 	1646684373006
random 	java.util.Random@3ada9e37
numHidden 	13
numGenes 	120
Training Set Training
Fitness 0.021869482207384498