-1.6490069846851618,2.5111400999714837,-15.161170494408116,8.143773727865517,2.0878432205819966,-18.476607127346462,-6.075050937298387,10.328464317336941,-20.357958247268854,-10.473708020843107,6.974247826919537,1.7283802908872206,1.733878009917139,-18.709822567517307,-12.216479986570935,3.186608021382911,7.679864122967935,3.7636772671536063,-21.172963576884214,-20.417938352081578,-16.00498858733898,24.95044639622123,6.507290929437449,40.615769627365694,5.949012069344121,-6.042248500758401,-4.394012547779093,-0.265936339211545,-3.5752809353804924,-11.671028626338165,-0.2625570461040514,-5.426580478536767,-6.152180751245462,-10.401735538131257,6.663768965689474,3.6933451064178513,-11.19528091579918,1.030760761453787,-9.169538961942491,1.0472490906243284,6.985983693145855,-20.037135972858607,10.44782332908069,14.454905779244411,8.878217606107553,-7.3103245497310905,4.797953791474441,-16.191166559364408,-11.736481234009599,-6.810725827166779,-9.165625411189287,-5.054719967450321,16.990614751656096,3.9485603124447968,-0.34383424397048756,-6.972273552939438,-13.550674523490027,-15.411113618585402,17.831103727585287,8.8224005366445,1.8265719168199546,3.294917508463996,0.14490027419352458,4.614766681819583,-1.2902686033247175,-15.833743959517063,-3.1040172345294055,-0.8981204435028154,6.946569785397786,3.5559147815826364,-0.332644379638527,-1.8764292780055065,3.1440623433127524,-11.009173024509368,2.030750331080866,5.242876924085389,2.1385642270078566,5.113674300682457,4.777836940632772,-0.027246422954741334,1.901093151092076,7.80414561429634,-26.097304746833082,0.2127963540113278,-3.9933369075036484,-13.707540287262905,1.2554729361330512,-6.251953255763352,1.436912825320121,19.40116032024578,0.5211477284559987,15.044217650950719,1.5580239668462106,-1.276796845040515,5.540849417782802,0.2729346134709507,-4.153872810410849,5.793701059331944,0.8937756730903894,2.189507442890207,1.849955376477638,-8.985836773778022,-9.300577865833286,-13.731371269999727,-9.020836277142662,4.5812900489621935,-7.918255936808423,1.920859601177602,-7.58417592803497,-8.653200118058958,2.6820469309796238,5.470732769328023,11.432919962763044,19.47912474192332,-4.64771743651896,-2.133667935470527,14.64897703741863,-4.019766899648635,-1.93527441304947,-4.363435380287526,6.966672634414998,-5.627987216811253,-18.59663594630502,-19.39560540993334,16.13102701052584,-1.8974751345307395,5.884100797989326,-5.260110032962736,-4.246166918379376
neuralNetworkClass 	class coursework.ExampleEvolutionaryAlgorithm
INITIALISATION 	AUGMENTED
SELECTION 	TOURNAMENT
CROSSOVER 	TWO_POINT
MUTATION 	STANDARD
REPLACEMENT 	TOURNAMENT
ACTIVATION 	RELU
COOLING_RATE 	0.0011
TEMPERATURE 	100000.0
TOURNAMENT_SIZE 	10
maxGene 	3.0
minGene 	-3.0
populationSize 	110
maxEvaluations 	20000
mutateRate 	0.95
mutateChange 	1.6500000000000004
seed 	1646684373006
random 	java.util.Random@3ada9e37
numHidden 	14
numGenes 	129
Training Set Training
Fitness 0.017300650403809036