1.8586164826634644,-8.917736152490384,16.255294848927235,6.975352493714288,-15.468964407294498,9.058921264595764,13.61430918248235,-7.053083727144731,8.281924981605902,7.116361718731088,-7.973674598329762,30.5043941283689,2.86586466020999,1.675753985453655,-11.059360604920093,3.9445882117027598,-12.393842409140117,-13.098365167040987,-7.214646199168518,2.9941643083743976,9.578272008348865,-5.69708888372727,21.814015001125895,-26.027112085032357,-4.439093778377243,-9.957590014666058,-3.7684162309311624,11.27961240037885,22.4670612218357,-13.125309090508408,-26.861504210611756,-14.110715170944632,-12.10787311643058,22.115818328370963,-8.900070320779905,-0.22302353604782255,2.628083747205686,-8.179721877113348,1.003258156198184,-6.799827146620773,-1.6074556204985377,-17.10079452438527,-11.939982086339917,-0.026702763669741003,-7.741541259336099,-10.689424211429534,0.7895927058519412,-0.29132674849228213,-9.805078202219123,4.635994685110896,13.390164712379713,-0.5741317379588082,2.291628789172581,-7.119791632958151,11.558346076397164,-13.203408264173397,-0.2608644044113051,-3.21156122237236,-5.588659987325823,15.34007830465096,4.164783863443512,-9.451737046329558,6.100185459729279,-10.910747158345405,8.618214284517315,-9.474300403843685,5.6735392630527475,-8.966043732114937,-11.154584370895238,-6.039705183244141,6.909533977041452,-6.7503381815537065,-3.94528530820139,0.07239952007390826,-12.588948907334398
neuralNetworkClass 	class coursework.ExampleEvolutionaryAlgorithm
INITIALISATION 	AUGMENTED
SELECTION 	TOURNAMENT
CROSSOVER 	TWO_POINT
MUTATION 	STANDARD
REPLACEMENT 	TOURNAMENT
ACTIVATION 	RELU
COOLING_RATE 	0.0011
TEMPERATURE 	100000.0
TOURNAMENT_SIZE 	10
maxGene 	3.0
minGene 	-3.0
populationSize 	110
maxEvaluations 	20000
mutateRate 	0.95
mutateChange 	1.6500000000000004
seed 	1646684373006
random 	java.util.Random@3ada9e37
numHidden 	8
numGenes 	75
Training Set Training
Fitness 0.012576001967715631