4.906514742186346,4.38366599953256,-4.133768144595823,-4.537738769233178,-9.142850928612916,4.400555636721051,-9.598190164022142,6.6202534662094,-17.629812032227427,-23.701155685262968,0.9182788752434332,-2.350696231535588,15.249454185039767,-8.32318701499621,7.641855131303341,-2.1142514622746225,3.498563141143361,-18.66128640280148,9.307109464127805,4.252958866862274,-10.973385628015329,0.8268538431426382,15.250136956546646,-2.0811076683225167,-2.0872879079838587,13.931255955920689,-2.466336162291194,-15.262382106978597,-7.2061055706494255,-12.765345871956946,21.294048560383878,-4.472974224114976,-19.96122677363435,4.567471884373051,-3.5960971315789525,-8.093683442866912,-3.595229179727132,-14.896058968543018,-3.220922387396258,-9.347938224917062,-2.700109454845366,-11.295091318657938,1.9851930572808012,12.828287286740458,-4.369497941113545,-6.4095444055786555,-3.460274752357977,-7.930078250206341,-15.285329974742835,9.486599683166922,-0.9477387258331547,5.687905940654334,-4.873897151102501,23.622782019090444,-3.3501650240890957,-2.0345636202801565,3.5068428661987046,0.23265868380397414,-14.702184316571945,-2.4253196415979446,6.928332107427012,3.725048242941149,8.44806605671414,7.387965403694838,3.872882215899775,-5.876633872683838,-7.006161163681588,-0.8399105010215155,-5.776366245106761,-5.89530717549799,-2.95414226508705,5.138447083253934,11.867839888647854,2.093144185064073,-7.318090696677915,-12.597973958907694,4.640963216521731,-3.3655366478223474,-1.0653995328645163,7.254497678153074,2.5473544199146065,1.3126143527991,-5.28968947011985,-13.723889966701055,0.14044514433212374,0.3758708829198909,-1.5400143918891533,4.778359899736506,-12.70158859775708,6.154808765401362,5.6600290067151455,-10.89695283115574,6.307111029633388,-1.4855227719001256,11.116451987218756,2.1421615704356194,-5.742669384192688,10.195320630051247,9.68110049950441,2.2398999232592898,-0.6415760672841602,-0.12036108687497382,2.023783279793367,20.544043055595026,-22.41535981369512,2.336521141533183,-1.6274515909655172,5.003090683960707,-4.285853710729515,9.24970819622843,14.198806828982814,-22.51724827741745,0.8012372655307276,3.7278624030898317,14.013105787882711,17.47086451335604,-5.755801746123004,0.593376030332772,15.429061372319365,17.54942231608301,0.14903595842041284,-0.03854849568286234,0.8726551225449315,-3.271397085911305,18.9660675383829,12.375561760497213,2.6923891237364934,-6.0070249467393495,0.2238657606601553
neuralNetworkClass 	class coursework.ExampleEvolutionaryAlgorithm
INITIALISATION 	AUGMENTED
SELECTION 	ROULETTE
CROSSOVER 	TWO_POINT
MUTATION 	STANDARD
REPLACEMENT 	TOURNAMENT
ACTIVATION 	RELU
COOLING_RATE 	0.0011
TEMPERATURE 	100000.0
TOURNAMENT_SIZE 	10
maxGene 	3.0
minGene 	-3.0
populationSize 	110
maxEvaluations 	20000
mutateRate 	0.95
mutateChange 	1.6500000000000004
seed 	1646684373006
random 	java.util.Random@3ada9e37
numHidden 	14
numGenes 	129
Training Set Training
Fitness 0.04133942880327581