0.7675346523269128,0.7635251953251175,0.7370214687103022,-0.7903130904225698,0.34454016958164624,-0.26126162556509014,0.018294613596737785,-0.2901247390315336,0.5107091746730902,0.2685156337519611,0.257416914996628,-0.9190542156981262,-0.9991874270579334,0.7751040904965435,0.5202194463145892,-0.918067605098536,0.5376723494651453,-0.6264351310791907,-0.9027775595764626,-0.41183036562947684,-0.8791668968903125,0.507340971567609,-0.7924939788394282,0.9667849381119954,0.11433961886921751,-0.7326047423344979,-0.016563387387955153,-0.9809530108628407,-0.5178389411240827,-0.4025833512445611,-0.873063823723721,0.6426461946185408,0.18326493201526406,0.9591042730415987,0.08997161858486902,0.0949931639987559,-0.4961981959470465,0.7151776521591976,-0.5196385874152394,-0.5454522418316221,-0.6787497910979474,-0.15199203095263414,-0.2109036891521967,-0.8726958166124862,-0.07965674638832976,0.05510890250198919,-0.06487936410892936,-0.628196212170044,0.007970307890604489,0.441884555716182,-0.07720769668200655,0.13565412492623896,0.9505073637895124,-0.11599874608135474,-0.9934793762279378,0.018684744308840595,-0.18449955478265667,0.7779320930957473,-0.5681453087100734,0.0968994731131031,0.4843800978230469,-0.4871420888848932,0.26321236436884543,-0.8494735836351196,-0.5974987688536411,0.1522634072943606,0.5063855219871031,-0.5309444054881687,-0.6200081165775966,0.7502235820740636,-0.5260019105169182,-0.30337984781618643,-0.32506271301244727,0.2919313005622516,0.22076015441660546,0.8417382715987404,0.6239437961111908,0.2930830719115022,0.49318790510225574,0.1725870289113841,-0.240454364555738,-0.3838015199848921,0.3879510673422081,0.8812235007976762,-0.6975389590315568,0.17906379240142478,-0.10794414031809518,0.17143737838207362,-0.20345496819796804,-0.7488492382045646,0.13071768686119356,-0.48325889969639624,-0.1584987590982303,-0.09962451944670492,0.43784482956043347,0.2111751327660344,-0.5305128405328896,-0.5590963374881546,-0.8707474873255131,-0.44211931540071525,0.8720652836720563,-0.10314373473677341,0.42915916107321717,0.07968023396943769,0.6979077548746971,-0.6072448988269032,-0.6918369844144319,0.7340518504723349,-0.5860592374531854,0.42743850975494213,-0.4956268187138151,0.22889055709714812,-0.8290411357565591,-0.9538184448659871,-0.3272230709467321,-0.1602846986562496,0.1993510512256319,0.3778586185180036,0.3875918787388818,0.8519610124177085,0.09561381155425053,0.9549563341773685,-0.007800546929216612,0.7579900469893467,0.39974452948492567,-0.7847096026622421,-0.8737006909063286,-0.11371166342212757,0.9909570719469704
neuralNetworkClass 	class coursework.ExampleEvolutionaryAlgorithm
INITIALISATION 	RANDOM
SELECTION 	TOURNAMENT
CROSSOVER 	UNIFORM
MUTATION 	STANDARD
REPLACEMENT 	WORST
ACTIVATION 	RELU
COOLING_RATE 	0.0012000000000000001
TEMPERATURE 	100000.0
TOURNAMENT_SIZE 	90
maxGene 	0.9999999999999999
minGene 	-0.9999999999999999
populationSize 	110
maxEvaluations 	20000
mutateRate 	0.95
mutateChange 	1.6500000000000004
seed 	1646684373006
random 	java.util.Random@3ada9e37
numHidden 	14
numGenes 	129
Training Set Training
Fitness 0.151995240966571