-6.770200640788326,-7.216934416025623,10.694341499626761,4.325178872524966,-15.279316881757072,0.5434691851010829,-13.58749508810879,10.38591656378028,20.46339328001241,11.201491043600388,-3.5884850351277873,10.771193248265385,-4.0592153903144474,-6.846975674487153,1.4179303640450502,-15.83878391487954,6.744782162725388,-1.6752304170199004,12.577809010819403,-9.774686416224926,-0.09671919495851711,6.13975157585392,-14.468958487044807,-7.456922755702125,-12.148898221755054,-16.011139068943358,4.047211679604457,8.700716429993633,14.886103545111878,-3.8072135755309287,-13.100168413623543,17.549912528023086,-21.255090505592165,-10.208565479031776,-6.507099901210879,-5.587044684500707,10.163572485025911,2.4881659305794175,2.9783495880365454,4.801918771254984,12.956853177125435,1.4539177300096462,10.115050211965633,-5.658876644760593,-9.44434614193025,13.711509306942682,-3.9803459427683148,-2.8088849758231262,0.8355030691708851,-1.1768321820893775,-1.0033318381343896,-2.8811255095892383,-18.600150124397963,-10.25545868647779,-2.9402433102303416,15.792956679417511,2.3002840030810283,11.88620492268474,-7.281618842592529,9.353741238421692,-4.318342125872302,5.188894983228288,-5.596504236065775,-2.432035043381063,-11.566553957759544,9.321445552014946,-5.506872801613188,7.473184529638452,7.009536644220985,-11.599366826423102,0.8732751353693082,-16.998191639590424,-9.302989853351498,-6.590129512738753,-0.8183212376681652,-2.7541838526467544,-8.429683316915215,-5.6910753840365595,-1.4683924624371318,-6.617726623958459,2.3606278068025937,-7.220431092658979,-9.750061200951807,-14.823772038131624,-0.849007613417494,1.242313464658137,4.538398354160139,-6.6384366119648,2.3262903034256315,-10.992907931577639,-7.321052509863468,-7.4781318377904515,4.212833593081742,14.936018240738044,5.75390891271055,0.2523607168054909,-10.414173418825621,1.049057854942621,12.68853592853643,3.8804003303916836,3.353754092614743,0.04369966480082077,-3.1016648468463597,5.506091965606949,-3.802873041321668,-2.1725598809622344,6.235564951862564,15.295983639500498,6.044874290177464,-4.872867754505035,14.478940675944825,1.2718330479868865,0.31502902554060874,-13.758016636064472,1.5976859551391565,12.78291140632116,-12.972784408031329,3.597220414112699,15.495680604271499,-6.965709801119271,-0.6371948608790063,11.233177895392034,-5.796437323342365,14.565045430411127,13.804464820978072,-0.9702065982720445,7.036254505301297,-13.120702950072017,1.980187290587426
neuralNetworkClass 	class coursework.ExampleEvolutionaryAlgorithm
INITIALISATION 	RANDOM
SELECTION 	TOURNAMENT
CROSSOVER 	UNIFORM
MUTATION 	STANDARD
REPLACEMENT 	WORST
ACTIVATION 	ELU
COOLING_RATE 	0.0011
TEMPERATURE 	100000.0
TOURNAMENT_SIZE 	90
maxGene 	3.0
minGene 	-3.0
populationSize 	110
maxEvaluations 	20000
mutateRate 	0.95
mutateChange 	1.6500000000000004
seed 	1646684373006
random 	java.util.Random@3ada9e37
numHidden 	14
numGenes 	129
Training Set Training
Fitness 0.04817234646065063