10.412508375994555,-0.29738942634625065,-2.2441201216061746,-6.535486802796749,-0.06756607602409215,1.6127110623754763,-5.574215247536316,-0.5274360795746409,4.932005466989757,-2.2377076177413535,-1.1301285516283603,-0.37674436844689163,0.14345806096393154,-11.319382660337837,-2.65478354483591,7.234449344997531,1.5320688287414126,-3.495847654520785,-0.20248507102828284,-4.500912868245002,-1.7486268009900368,-13.608904084759276,-6.757884885349948,-3.6948903604569567,-3.5143084531200017,4.916623834851567,-1.395435345796618,-1.8968111664198215,10.470999242582394,-9.995711257732475,2.763557219249205,-9.977460775996995,4.293572785559013,-1.7691509373166276,3.731943131348312,-2.8737199862184766,-10.05700676428692,3.0923865803197343,6.922989627693166,9.857783070865555,-3.2580144273642535,-3.9610907459368097,-6.920649218669359,-3.8418482116058845,8.040221963026804,1.7227212428241998,-6.058769626512465,5.282437272739992,5.592615233930641,-9.987322497752542,-5.602006091759412,4.708408617026622,2.6447766146302953,6.802027562300644,1.9540101882421759,-4.78334442767733,19.51921142217018,-4.618112206523243,-10.15522442356461,0.47451263382837805,-2.1645266190146737,-3.9345319386006405,7.113398235880599,3.028754520683459,-0.544101889975594,4.730014318337002,-9.8497077361046,4.603223661423392,-7.224316317787643,1.0440149709975257,0.6104558677872172,-8.842488124851716,-0.378015016907697,-1.4834456633299364,5.3029805634574405,-9.858471062431104,-5.108662425406064,-1.6062172810651179,9.696462193304841,0.6782513512316353,0.3881238825198885,-11.365691255557998,1.351757645499073,-0.6268434104884264,11.67894444552621,-0.07909510562670707,-1.0199448390978656,7.933807912231069,-5.551345547169545,11.06025397465176,-10.07050119550802,0.03676624951944607,1.0834743832254055,-8.364450573221095,10.22763185054623,4.351467117739368,-8.5850176161185,-13.541401151282935,-2.300303456414249,0.571910356314393,-6.9640558657476905,-7.731334338843771,11.79435191250882,1.1669723287463554,5.3448341208957375,1.1946203129140835,6.578644217146711,-16.111139243711605,3.740551608856228,-2.0649427541433347,-4.986912240736357,5.42669355135623,5.572231796559258,2.8678717075998197,0.48548859153582846,2.108393408640703,-2.198797789078129,-1.673625892210913,-6.431334877651469,-1.9109482727766784,-3.6469678973279676,5.323357389054982,-1.0275052700096277,-16.63237459848264,10.177271234152698,-0.23238191150373133,-5.315261845455504,7.19629192937694,1.3408730535292435
neuralNetworkClass 	class coursework.ExampleEvolutionaryAlgorithm
INITIALISATION 	RANDOM
SELECTION 	TOURNAMENT
CROSSOVER 	UNIFORM
MUTATION 	STANDARD
REPLACEMENT 	WORST
ACTIVATION 	TANH
COOLING_RATE 	0.0011
TEMPERATURE 	100000.0
TOURNAMENT_SIZE 	90
maxGene 	0.7
minGene 	-0.7
populationSize 	110
maxEvaluations 	20000
mutateRate 	0.95
mutateChange 	1.6500000000000004
seed 	1646684373006
random 	java.util.Random@3ada9e37
numHidden 	14
numGenes 	129
Training Set Training
Fitness 0.019731930440361693