-11.865472631053782,-0.8598466088392369,-0.8521502538414341,2.866681217997236,4.111584095795356,-2.9999185663425454,-4.7972574400685035,11.3172883014301,6.093412332616824,0.24588930661061958,4.088598052241839,-6.685173181054976,-9.556834778952483,10.490989283864321,-1.7407739212079036,-7.029846928975967,-4.14053270287325,10.906390123685592,-10.763629491008254,-3.5290424018464392,-12.764182847690353,-14.09357019750613,4.471263764194553,-19.686285556464732,20.14001467674389,-4.108578325235868,-9.230705799880594,-15.945956310214376,-16.143559400808627,-5.884682541509484,5.27445866988694,6.213796865294778,20.08479876019355,17.788065871663704,-10.862586777226534,4.35165480050069,0.7015725691197998,-5.565410126227665,3.1606223554555672,18.432769460510094,-9.528800438277012,2.847465339190294,-6.9798009069669735,4.9614242779066835,10.013824915304196,3.9645885637857035,-0.5757703785654984,0.5911902143170371,8.134208048246602,-0.09464914855900908,7.787620186113761,-10.418767954177602,-0.18187465990943963,12.665026663870092,12.102855155656908,0.17734253987337212,6.464329315085727,3.2643710122105034,-12.103911742347705,-7.698791679931707,-4.638126872467526,-9.092006918397448,-6.986673855497466,6.989469172889271,10.046040289421793,0.43536052021633953,5.0343506386756065,-7.519140166242634,1.282171453048134,-2.3080630587216877,4.228170730553587,8.121173749655851,20.870121138727825,-12.567698732852453,9.940612570296667,3.815144669287384,6.633434966304362,6.400646364422904,-12.400418400526924,7.975135837163142,-4.099540692403103,-4.285084190351996,10.563766023973125,-7.258864504275165,-15.78141523465452,7.049194648795366,-0.8317146146269847,6.35866933640731,1.364304350642131,-3.035170624124067,-6.1139789400351034,-3.549154080086592,6.620755271958831,-7.715885317414456,-2.8238973536449876,4.007864928265439,11.990896185426848,-6.818760817564753,-6.768745245576159,10.963392918496965,10.548427885787019,-3.295620937126799,-4.16789960975437,-2.1136588050663097,1.460073577226657,-2.0660658906562563,2.9561076915078566,8.508348856066437,10.815005201114216,-1.469167218644948,-6.914363230320239,8.657668889192578,-3.141811999191468,-18.085020631611847,5.745713071433222,-14.498449802237973,5.996955326490321,-3.8831237216324404,11.00960512128431,-3.7721155355262876,-9.753787638787712,4.505547993396437,3.5439672313824104,13.222846599140428,1.9575065366967106,-0.3763330819331525,0.18522011248645942,1.2426851396566994,12.346777329906995
neuralNetworkClass 	class coursework.ExampleEvolutionaryAlgorithm
INITIALISATION 	AUGMENTED
SELECTION 	TOURNAMENT
CROSSOVER 	TWO_POINT
MUTATION 	STANDARD
REPLACEMENT 	TOURNAMENT
ACTIVATION 	RELU
COOLING_RATE 	0.0011
TEMPERATURE 	100000.0
TOURNAMENT_SIZE 	10
maxGene 	3.0
minGene 	-3.0
populationSize 	110
maxEvaluations 	20000
mutateRate 	0.95
mutateChange 	1.6500000000000004
seed 	1646684373006
random 	java.util.Random@3ada9e37
numHidden 	14
numGenes 	129
Training Set Training
Fitness 0.021721064948257707