7.849843102197438,-8.596202943270438,1.943951913829526,-4.519819699210911,-2.9861541368162072,7.0439968831306015,-7.318677780418508,4.150555697169003,-7.455456427991929,3.0016150837991225,5.2875304525154085,-1.5897883282887202,-1.2319227950168994,7.174946797044229,5.878470192249237,-4.565352505982377,0.7137535882847335,0.052706267904194526,-1.1029512058469733,-9.29278997440753,7.897058181893618,9.619048097424924,2.569628777347739,14.460145207936852,6.597080324618358,0.7161686366049294,-5.286338320152214,8.944610178982451,12.76447076959249,0.6759007494258382,-0.8363098492967387,0.5518024791380993,-3.844963960825588,1.725075853099173,-1.2143709092044221,2.3444709843464553,-13.869439213712296,4.250285159133093,4.6394660994208845,4.782681706569154,-3.897570438336217,2.026030425893146,8.42826509189841,3.1398259752647757,7.565107905339678,7.21611820938252,-1.6134191610742987,-7.345540108173459,8.925523502273222,0.6015050965941837,0.11413496507906551,0.9006808534276569,0.48087762754151697,-4.2813344431867035,-1.0491672700383194,-0.0656478958429858,3.231392368102366,3.560910611651633,5.616938840914825,3.2845958723774062,-2.314003912876677,3.250947289573374,1.107459851989784,-3.740412362457704,6.927921265354395,0.4363250663868641,0.282520148969029,-2.62720951995448,9.303682240002804,-0.2097228033129035,-7.36425076024502,-1.3296218446592576,0.03288140100744563,-7.381174692983836,-4.749565452657984,2.0027088561819673,4.807775402621051,-10.969130246633414,0.11842639349266904,-6.467686346560689,-2.6394795918150296,-3.7786442868821037,-0.40048105177882043,-0.9420182155253336,-0.9275024374344083,0.4984550285738143,-9.610738125589297,7.1091256714999265,-3.565895441681654,-0.2959274336299602,-7.459104281193618,-2.273275476363577,10.63488534477911,2.1828370943298028,3.5523337863882514,4.296753002108371,2.8228506608024952,-2.7018983921128186,-12.868147386836291,6.939106161960852,1.6183313674803124,-4.425665063916087,-1.8536168209548949,-4.170349823224056,1.7516854731970604,-8.436353859383157,7.63403266501752,0.7951292702583128,-8.734329636666235,12.590042561226731,-5.472301196161961,6.920273129235895,6.132269126272858,8.26838323442076,2.889373926481557,-1.60644211422796,7.330250202326433,-0.7741544383764136,-8.20502919356361,-5.607318087346604,0.5137213257293043,-1.5279140285537327,0.23723565202374353,-0.027071247217645755,-7.726577925699354,6.970132481281221,9.429548758853333,-1.8788032065589846,-4.14851303100699
neuralNetworkClass 	class coursework.ExampleEvolutionaryAlgorithm
INITIALISATION 	AUGMENTED
SELECTION 	TOURNAMENT
CROSSOVER 	TWO_POINT
MUTATION 	STANDARD
REPLACEMENT 	TOURNAMENT
ACTIVATION 	RELU
COOLING_RATE 	0.0011
TEMPERATURE 	100000.0
TOURNAMENT_SIZE 	20
maxGene 	3.0
minGene 	-3.0
populationSize 	110
maxEvaluations 	20000
mutateRate 	0.95
mutateChange 	1.6500000000000004
seed 	1646684373006
random 	java.util.Random@3ada9e37
numHidden 	14
numGenes 	129
Training Set Training
Fitness 0.017933865907592706