3.952650241997601,-14.047940698509795,8.539308008354901,3.6539572397018976,-3.513410473183919,-6.358256173475336,0.6544454442961776,0.26271754633420663,-10.975759594159442,-5.846711789602599,4.3571815300706564,-16.520195058906204,0.4326492482386204,10.530995021752995,3.297499781563025,-3.8989724461526425,-18.065377644733402,14.426001511420543,-30.594731378757096,3.6968506370494207,15.780001414279743,15.889885436465518,-19.406356183826496,10.549040589616732,3.436242621734099,13.435577587216134,-15.702974947063902,-17.58422013177522,-5.532257018517674,11.224301917430184,-7.4269578344068155,4.703271668464168,-1.6935947630545467,7.897754928196578,-7.926433792550073,-18.263916239137238,-17.071131882512773,23.291502786693492,-3.007856442082323,3.2781764152700408,4.625057075908778,1.1771451545305816,-13.31764134601461,2.1111143560375405,-27.083574765369725,6.895981224691866,3.450357612947423,-12.646149336693258,18.731137065057396,22.426172078355016,-5.424695804189948,-7.542456500116817,1.9814726852733529,-6.236215208978919,5.892282620842335,2.4497622794812344,2.5198683093658225,19.018955334058035,-3.7835935272524956,-8.34769407346927,24.881977605658932,-13.90101712675248,2.71159517797639,18.873484253973636,17.710251839954942,5.063733867315013,3.8552183721078332,6.184753817641379,-7.905098823091398,1.2455576511352904,2.3546149529691096,-7.295026334705003,-2.3458835936169233,-1.1723568781923035,1.3690617816010082,-14.036156888576155,7.49476336390952,3.123164627365586,3.020313323631637,6.096259965431495,-14.231683292950821,5.232551524212724,-5.560122033431774,-2.561696566366132,11.46066144256066,-18.76178088862816,-31.066806645246885,-0.5626361329422176,5.696573473449419,1.7116164294170968,-1.5228897772522263,-6.011941589082658,-13.999014960291294,4.181228880343822,9.967666150526606,28.40202880115536,12.096541539242631,10.156001289508655,-0.32890371541854435,-0.3315688362594944,-11.600650350380338,18.325083153315745,0.9690629098221777,-4.352787335415096,11.218136092539805,-10.972322158886554,10.931904510804193,17.32284759080725,-10.620452214532405,18.17514471433524,-15.994623592276822,-0.3878946927808329,-11.39578555418833,3.6493898392060498,-14.834667855902422,7.259075966494876,10.85330481708837,1.6229964996685755,2.529041344680137,-1.2621797317060794,2.7577075737735273,-0.27313238869587586,2.458509897180038,9.755301465914195,13.506674225760452,11.087542748698889,0.6970612540253045,-3.854071873066533,12.568894446866093
neuralNetworkClass 	class coursework.ExampleEvolutionaryAlgorithm
INITIALISATION 	AUGMENTED
SELECTION 	RANDOM
CROSSOVER 	TWO_POINT
MUTATION 	STANDARD
REPLACEMENT 	TOURNAMENT
ACTIVATION 	RELU
COOLING_RATE 	0.0011
TEMPERATURE 	100000.0
TOURNAMENT_SIZE 	10
maxGene 	3.0
minGene 	-3.0
populationSize 	110
maxEvaluations 	20000
mutateRate 	0.95
mutateChange 	1.6500000000000004
seed 	1646684373006
random 	java.util.Random@3ada9e37
numHidden 	14
numGenes 	129
Training Set Training
Fitness 0.017439410667009676