-0.035472285495691924,-0.5062813314510963,0.22892278590683157,0.04019589334554741,0.15194069601315807,-0.1437604549344822,-0.9901007464296431,0.7217060303258455,-0.10219466976521474,0.4642801837753602,-0.8172277311803827,0.7147815722054202,-0.5144710933118366,0.45711543799420296,-0.8567612671322197,-0.03229949975783852,0.3469640930026797,-0.22996949358170027,-0.2905743896119808,-0.15265060424839905,-0.8522546603942481,0.6448469717486623,-0.8769094210441849,0.22717929721729557,0.6902425656618324,-0.29198119052239724,-0.22461773513500627,0.06136245618829317,-0.08840085341514992,-0.017208411502975363,0.2173993533351285,0.7714631088615606,-0.8088218601083964,-0.6209994621842583,0.7417463834281964,-0.5166112292358467,0.5861440011935587,-0.09398938085394226,-0.47694293552691835,-0.7238197459337872,0.6994170052541383,0.29106013365492445,-0.46152984991391444,0.7643103540010446,0.3874440345211333,-0.8821318685085701,-0.6348440141532137,-0.407218504214943,-0.7672360309437655,0.46493617653161434,-0.5266481433122461,0.7257272454241598,-0.8283890130602444,-0.9763451972351455,-0.02280808530494527,-0.52052290456265,0.9773097186153042,-0.439547923018899,-0.8118491218488767,0.3269422684770825,-0.7885464210189636,0.7635230604269566,-0.6691231694768638,0.2937987462533592,0.35569826832503615,-0.9821063998600031,-0.9229711327773872,-0.3400643437633555,-0.8850991258625881,0.5120103302655364,-0.6157383038702116,-0.616191137869059,-0.01828718270711871,0.6540685690930709,0.05499171604275166,0.619412429929927,0.25505111082796394,0.06899026406097597,-0.3097599158876094,0.824564504122198,0.33909833355663477,-0.5561469110336366,-0.041918974538811105,0.673174533678499,0.363877235771492,0.4414005004466911,-0.2566844889693909,0.055776484031738405,-0.887176355707218,-0.26219117935640535,0.8029352122486978,-0.9639278812906474,0.4863843400377824,-0.5343162574921545,0.4333433327313606,-0.9539113624679515,0.7559072310595035,0.9945132579746697,-0.7322763502801455,-0.5187874146614901,0.09222149911245425,0.013942848582126799,0.9197678175806209,-0.13025720876911717,-0.5197772163850591,-0.17216941223199167,-0.14753348124816368,-0.7374633691805976,-0.3815799418895476,-0.812172961563116,-0.589616246913558,-0.22335216348144438,0.7050475498412178,0.5170496705804118,-0.7127724795584753,0.6141890469923997,0.036182450805287814,0.1289652414825201,0.5317717473848694,-0.09185121848584687,0.3626491866777314,-0.6010909560710809,0.15475462407452067,0.9720671273516154,-0.5850468481861362,-0.25305878701662365,0.8544628034494833,-0.15236038342994362,0.48314389903860266
neuralNetworkClass 	class coursework.ExampleEvolutionaryAlgorithm
INITIALISATION 	RANDOM
SELECTION 	TOURNAMENT
CROSSOVER 	UNIFORM
MUTATION 	STANDARD
REPLACEMENT 	WORST
ACTIVATION 	SWISH
COOLING_RATE 	0.0012000000000000001
TEMPERATURE 	100000.0
TOURNAMENT_SIZE 	90
maxGene 	0.9999999999999999
minGene 	-0.9999999999999999
populationSize 	110
maxEvaluations 	20000
mutateRate 	0.95
mutateChange 	1.6500000000000004
seed 	1646684373006
random 	java.util.Random@3ada9e37
numHidden 	14
numGenes 	129
Training Set Training
Fitness 0.14363730311939388