-1.4442954898780407,-6.226096159666756,6.9992675990268935,4.453078964257181,11.215241030379367,8.802296040684203,-15.135835573285178,10.491406644759442,-9.167614870765364,-3.8931809233285035,-7.11618969947984,6.637519558141841,-3.073648770518628,7.978445910437674,-3.010961330737551,-3.6162132011956913,-12.087635091038466,9.633318295974775,-19.30524661331298,-18.51178264204919,2.2586439793390687,-5.260230729626979,-1.409236973888163,-3.7803821950261547,11.006686157208806,11.61205685430397,-5.932453776022187,-5.300564571314453,1.7081748147063252,6.236910125159204,8.936313697380184,10.542129947856582,14.240792033753568,-4.007651641137024,4.155463789132965,-5.716973034628001,-2.8382812981413323,13.249090621921157,-5.384237947297848,9.707213692218838,7.141580716919401,-9.98676000222976,1.6643111408090316,1.3051507789586054,4.043088630325161,-1.7752250592809258,9.112612155222575,-11.869721388839789,1.9675988903380368,-18.680249163690675,3.9767509524969773,0.6210093176120957,19.439313182222193,-5.655034044294364,-0.46202061331043254,-19.27589551097826,2.580812551663829,10.732209989083572,-8.460306209432417,-1.6814540180380613,4.255110421679255,-9.354929440617989,-0.34794963960258407,-12.561379748813668,11.708392720424257,13.954633566804876,10.238186820317301,-16.267959339036793,9.394094664535793,2.731271889306341,14.99626030776652,-13.586450564900307,-16.20704680249321,3.058076815403483,8.97923888041363,7.886539755190391,11.215153873130568,0.37734573548352746,4.709625398397186,5.654859687494235,15.279677461727173,-3.8751005031774444,-6.240979932695019,-6.915941413948344,1.7624363374263545,0.08785977012138524,8.65266863807635,-10.5540470989197,8.038773420601125,19.489882046771406,-0.3631274369999904,6.4424944693930914,7.167382643855547,-2.1363095807096446,-12.437624938862099,6.004534593274439,11.871692519619609,-19.335870737599713,6.039569998415117,14.048186429732459,-16.228758988015798,-22.34420205957835,4.311615174580286,15.246098737897642,-10.500449101030727,8.77770026216469,-1.9307350979852682,0.483060146516352,7.866503743815992,0.14319564276814667,-10.903525707408258,7.764967501779427,-10.817809869821746,-13.823098931489492,-22.36144200563224,9.787295673262424,17.105702105874293,-4.378949716812368,8.374923366125598,16.34382097961374,15.866315623960658,11.162177706282032,6.20613089000153,-0.23154531186252925,-0.9740031028543559,5.884852480099211,-0.41972913157416336,2.0026565131127656,-1.988850875847536
neuralNetworkClass 	class coursework.ExampleEvolutionaryAlgorithm
INITIALISATION 	AUGMENTED
SELECTION 	TOURNAMENT
CROSSOVER 	TWO_POINT
MUTATION 	STANDARD
REPLACEMENT 	TOURNAMENT
ACTIVATION 	RELU
COOLING_RATE 	0.0011
TEMPERATURE 	100000.0
TOURNAMENT_SIZE 	90
maxGene 	3.0
minGene 	-3.0
populationSize 	110
maxEvaluations 	20000
mutateRate 	0.95
mutateChange 	1.6500000000000004
seed 	1646684373006
random 	java.util.Random@3ada9e37
numHidden 	14
numGenes 	129
Training Set Training
Fitness 0.01911610506465994