-0.4503645912803913,-6.8256671299145415,-7.062500765994491,5.87849206725029,18.822080938647183,4.778427679504921,-4.676954257095529,-18.95681401474412,8.682410977211912,0.639224234881854,3.7384208967191253,9.103125823366994,2.6631294699719135,-14.488280674952259,-5.452432106262886,27.22492306707732,-2.988834350633443,-6.771157669033833,5.246275300622667,3.6414460836898215,-1.3474315990328236,-6.411717617287888,2.7318416399117806,-19.06737652064514,6.457250017507858,-0.18157364672052978,2.5517864408659365,9.752789433100782,0.1940120962793399,-0.28617369693705097,3.438462398415213,-8.140521312153849,8.664794339906436,-2.0918242316441704,-3.8616363325746335,-15.596043717754693,-2.118933870598931,-8.281451670462621,0.6001476394055185,4.523473670159065,-3.3416551341739966,-1.749330071968778,6.8453911058669465,14.30968008677621,16.831898904951196,5.102236880231038,-5.148870270028592,-0.7391363424696351,-3.0006846575962074,-5.758661076111534,-4.103588684490549,9.077032902255379,-6.954186594876053,-6.76464099850384,-20.90617291211659,-10.975616902362171,-5.276611308477138,3.446229615876816,-2.428674807074967,-15.007704988329387,-11.822349632592964,-2.973826901242764,6.646143447135479,-5.399919669924149,-8.851391820893467,-13.910303408004795,16.865361909819413,-0.25532840720359395,6.690025672254373,-10.034656479504301,-14.7003157024807,-4.548059279980139,-9.942184186135746,-16.604059121747998,7.176664965101736,-6.496687205503935,0.7113157537794743,-4.39118667319204,-6.173288516302115,10.355827922103389,-5.547866814015055,-3.432328620624757,2.489797269527866,-11.542214241510518,-2.456379891744195,2.5956143930757998,-11.907066965094625,-0.8664038897483524,0.8098877661488917,16.37392248793043,-0.9919498943277443,8.070436387287193,2.106634837067414,4.224050308105033,1.8870646038444674,10.535810493610066,-5.113078928630983,-11.279537338174647,1.0782628704263306,-5.392189047284964,-23.390183594643304,9.082960914871915,3.9184624898453473,16.479531554186273,-1.4611999887140952,-10.140983919571074,-15.982947498466444,-2.752779616931826,1.288829465884942,5.731820520419475,-5.608251694865372,-17.870128904914004,5.6618874818516005,16.728113805139465,12.651846128704742,13.213260159603275,-0.5536250121464263,-11.4528294222198,-8.864381513561725,6.283861943710269,-5.7362800118258495,-5.0545172584193665,-4.5751385032024015,-2.0095325774807,4.861818566803299,7.426956590685357,0.1491462287128531,11.88328086157047,-12.876535064371335
neuralNetworkClass 	class coursework.ExampleEvolutionaryAlgorithm
INITIALISATION 	AUGMENTED
SELECTION 	TOURNAMENT
CROSSOVER 	TWO_POINT
MUTATION 	STANDARD
REPLACEMENT 	TOURNAMENT
ACTIVATION 	RELU
COOLING_RATE 	0.0011
TEMPERATURE 	100000.0
TOURNAMENT_SIZE 	30
maxGene 	3.0
minGene 	-3.0
populationSize 	110
maxEvaluations 	20000
mutateRate 	0.95
mutateChange 	1.6500000000000004
seed 	1646684373006
random 	java.util.Random@3ada9e37
numHidden 	14
numGenes 	129
Training Set Training
Fitness 0.05054504006652316