-0.19084948346606545,2.9133518835986454,-0.4091664025313637,-11.276990733462236,1.5442274736843977,-9.537051865625822,19.673123081680494,-10.678627582170082,-12.897312651227985,-3.966724813337505,-8.848703125241874,-14.101899313215966,-8.116487994962432,-1.0050777123356625,-0.7906089439636945,5.911131958196074,-12.749462320979422,12.772554048678753,-15.433797153819564,-14.364031110999443,0.2636878758860126,6.153856965634065,9.540177607444479,-8.185880928906826,-0.5542760615789248,-16.993306963004557,-0.15912707419852978,4.380244987348311,-4.687371421450944,-24.42494331437659,14.268042777923045,-7.3037645694523246,7.798468019314933,15.211535668070198,-3.4041315398654888,19.101267500439405,2.1958144233660626,0.7285894158282069,3.803846801055318,-5.644711385356871,-4.589455171577125,1.4130651718846403,-1.1626667655142189,16.959207409513105,5.895067480434522,1.3979827503223774,-5.660283154614129,-15.92155912203953,1.4267583900203151,0.6727288227309174,-6.155305420283778,-1.9226746357649809,9.18862961454764,-0.9625903758787366,-9.448908492753727,7.890258786193025,-5.263019817056229,7.669221075002339,8.694581548834275,5.052587916780566,-7.915669256630949,-1.9021366538669575,-13.868879434614684,10.97730109174782,0.252186198964373,11.537664967099971,19.62644910334712,-14.399447847498863,-7.768888880640365,-1.5736571020001753,7.72197170270481,-2.6248182849451496,0.9279309311484063,6.177128149674543,8.204302579342539,-2.207809640398846,15.865320481950635,14.216089063289315,-3.451059026326181,10.501723359414472,-8.922228588009105,-7.401278412579956,-10.699801275621654,7.470523150224562,-8.020132163277474,3.963589823822854,-5.741685935677848,-9.303784337031374,10.040372803350134,-13.456315454673664,8.118750799861163,-2.925705445733197,-4.593832967744882
neuralNetworkClass 	class coursework.ExampleEvolutionaryAlgorithm
INITIALISATION 	AUGMENTED
SELECTION 	TOURNAMENT
CROSSOVER 	TWO_POINT
MUTATION 	STANDARD
REPLACEMENT 	TOURNAMENT
ACTIVATION 	RELU
COOLING_RATE 	0.0011
TEMPERATURE 	100000.0
TOURNAMENT_SIZE 	10
maxGene 	3.0
minGene 	-3.0
populationSize 	110
maxEvaluations 	20000
mutateRate 	0.95
mutateChange 	1.6500000000000004
seed 	1646684373006
random 	java.util.Random@3ada9e37
numHidden 	10
numGenes 	93
Training Set Training
Fitness 0.014310482300756665