-6.953532963866118,3.069838341632142,-1.9454703876631445,3.294473360211316,-4.63985948528492,-8.4445426932273,1.9554035989495704,1.6221829871992446,2.9155215040601075,-9.641399065817748,-3.7136170329362024,0.009525006102345301,-10.188754100662202,0.5403196013837674,4.682467149911951,-8.762282890862046,18.667545074538673,5.317573647797314,4.538635727609421,3.2015324272411645,6.952657344293661,3.1746836742470057,-3.899650295831096,-1.8299993010676339,19.326185408854634,-13.364049827483283,-8.830423515218833,-18.2816692160825,-3.6121358455478862,16.556949414285874,-3.666641904534865,0.48680436853426157,4.354187689675511,1.4603724223543502,3.4996755000808886,2.734499633949195,11.256828444244999,-7.951866942760901,19.2905972752715,6.905312944459467,1.0657661488892662,-7.9351692554110445,-15.10456551387113,-4.839143344250845,-3.2134719315057176,-0.23148728573428734,5.376858547152434,-1.590580526138087,6.264927515762139,8.133039623682802,-11.099327205955744,9.322286259478322,-1.2958297920515545,3.462218633878141,-1.924836815564018,-16.67167723660406,0.20818440069384359,6.339226482157573,6.088687720193147,5.014840537739206,3.661513591277231,1.8157050149864018,2.224398716679649,-10.012633648408361,2.2400956329599477,7.863271042175915,3.058726237914131,-12.09694961275537,-2.18126344703618,-8.58395873380981,1.6154855682860942,-0.007944038368498774,8.000071254794513,0.17613289486103412,-0.0997941244266296,1.2683839399919723,-1.7137116901824303,4.384960020840172,3.179511522516531,-1.0938066379246587,-3.1511202644146667,-1.8684955897030537,6.598122019736758,1.3697900549110855,11.473161522793815,-2.9754002774609707,-0.05872886900800456,6.535063798650798,-5.08670511498252,-0.10037299818955958,-18.24692076929915,-3.5727358573731767,-6.409977286759444,5.260878688272266,1.2616484807034514,0.3246146832574883,-5.052680337631137,-4.6207921314634355,4.7393841620946,-3.560625898873644,-1.9443608185961452,-11.529561151710798,19.692279642898917,-6.312436965891997,-3.0415750044170036,-1.2766252976323411,-3.6253624801984614,-1.5543164097313173,9.955038826438402,-1.5729039390164825,2.915933242690656,-6.38263087036365,9.347240494398335,-11.884393828278665,-0.275737643128366,-4.40498965753968,5.397841167067998,-1.3462650752678424,-0.3039537484087429,-4.398986299776208,3.609134768827957,4.781575444710063,-0.13559335070788858,7.680456925189205,-17.924803403068104,-4.634414648489487,3.508852413641487,0.44151661211102855,-1.3538767881950333
neuralNetworkClass 	class coursework.ExampleEvolutionaryAlgorithm
INITIALISATION 	RANDOM
SELECTION 	TOURNAMENT
CROSSOVER 	UNIFORM
MUTATION 	STANDARD
REPLACEMENT 	WORST
ACTIVATION 	TANH
COOLING_RATE 	0.0011
TEMPERATURE 	100000.0
TOURNAMENT_SIZE 	90
maxGene 	0.6
minGene 	-0.6
populationSize 	110
maxEvaluations 	20000
mutateRate 	0.95
mutateChange 	1.6500000000000004
seed 	1646684373006
random 	java.util.Random@3ada9e37
numHidden 	14
numGenes 	129
Training Set Training
Fitness 0.03676851268526455