0.719873764342509,2.8630018474193193,5.497137515693061,3.3623192969840705,6.103088342673437,0.9120772705758178,-5.590039945707144,8.883227371484596,12.440240777233921,-2.973301843869608,-6.9987025063197255,0.7270109019828137,-0.7921479006549266,3.3428202680501524,9.468334027901676,0.9397554441464102,-8.480848608984733,-11.609770817019413,4.637004840863812,14.118122444121482,-0.4912577819867545,-1.8469299784651634,-2.8000904673168616,-2.9771854294785385,13.389824172149515,1.0898809063963588,0.8791663576112576,7.961496870998678,-9.734012098539212,3.9438781067438438,-7.638342076678027,-4.007957037644017,3.957339468366104,10.8363522735751,5.8755994959607545,5.052832098408853,-3.334062550614661,0.48564452848107464,0.5363485153343213,7.270181307763037,-3.491729481042385,6.231279780406,6.235856905864809,-13.076141625751381,-10.317272670216612,-11.982556952633105,-3.6158473806560867,2.8199801662737167,-2.8822486725746126,-1.2979021508073618,-2.4172792959249296,-4.923540967588478,3.9616072930133726,0.8576495185573041,-11.181361239582001,11.06952026191517,2.0274170240509006,4.966170756899803,-5.235193353170711,4.520673993612009,-4.402641704529531,6.236812448522279,-4.144406134321406,-5.7281177738874085,6.667658011553354,-1.2148650711644349,-4.521287222785412,6.55252217378038,5.481239485715861,-1.386298309756194,1.3831099643257456,5.185106477284712,5.7476218779742805,6.220388825706037,3.749152773071768,2.5575806817545175,1.68990473038218,5.735473097092159,-3.59862778853147,-1.9916237426453574,7.236401196002307,-3.24933241507507,0.11550843220433649,-5.823741379060969,-4.010277257772785,3.9528882296882024,1.630587019941233,-7.739633565704528,-3.341152861557763,-9.387359864146312,-6.6767570934350475,-13.68329729389461,-5.620058399417935,6.8515231362142455,15.78548785493629,5.78569033097326,2.329442782210635,2.1754661733717136,4.368607736374984,4.3512718394514085,-5.601868139323837,11.059907669765833,-14.085145787722883,-2.67461374936644,0.8476768799282217,13.060251022376843,-4.854915642923284,-18.217480935912278,-4.3886510026180865,-5.25446960861291,0.30448433029591815,0.5873792226485701,1.2783533572993129,-2.2846648929366467,-0.8100035171647857,-1.3353828997034753,9.216449871599728,5.459646811992952,-3.9579432461919666,-7.997144429146081,-8.009725500970863,-1.4916443447536833,-4.520269939120711,-7.783833089089837,-1.176997152760971,3.79182937458204,-10.357681247950445,-7.145511713216164,-0.8232629399207401
neuralNetworkClass 	class coursework.ExampleEvolutionaryAlgorithm
INITIALISATION 	AUGMENTED
SELECTION 	TOURNAMENT
CROSSOVER 	TWO_POINT
MUTATION 	STANDARD
REPLACEMENT 	TOURNAMENT
ACTIVATION 	RELU
COOLING_RATE 	0.0011
TEMPERATURE 	100000.0
TOURNAMENT_SIZE 	90
maxGene 	3.0
minGene 	-3.0
populationSize 	110
maxEvaluations 	20000
mutateRate 	0.95
mutateChange 	1.6500000000000004
seed 	1646684373006
random 	java.util.Random@3ada9e37
numHidden 	14
numGenes 	129
Training Set Training
Fitness 0.03248061927873473