-10.614007849193058,34.057908106599506,8.523093968266046,2.5907513210442463,3.6613303483675175,0.3638174008198849,8.332283302425315,-4.067239253438654,-11.849043737846857,2.3174548846889715,6.052608730734955,8.168630898824999,-4.755487334583991,-9.08485633344738,-24.406150534759185,-6.062125999417786,-12.790452713124527,-1.6401769853587203,-14.804961500704847,-2.004742352966482,1.0784123623140687,15.825902570905127,5.787760920916424,3.4250349690900217,2.597869756652895,2.580508405868489,-9.11120025753489,-1.681409604559132,-3.5199408832040167,6.389131809381855,-12.767529587281484,-6.630116849226894,1.483724141751103,-15.441689994767492,-2.1130335819684305,-6.288570583111994,0.13232498050484232,2.680068537345198,0.970524081842485,-3.2805747885894156,-7.609100662252851,-10.857527944778058,-6.057799902249765,0.2599695150261345,-8.62372981126493,2.7577329597473463,8.88853753032659,-5.920791844743906,11.815431126927518,-0.41605687335431085,15.611382052878787,2.108577621252836,5.194675046604934,-8.271403224300105,-13.456406285344526,-7.937813424876937,5.457267471661064,-2.828311662057799,-4.071614898756932,-4.303265708687525,16.410197195514385,6.133273661115014,-6.505501440319922,0.7852219076007545,20.19077597616817,-3.665006658677873,-10.45657705051799,4.424075027509238,-2.428411510101691,9.467170604329212,1.086332171785827,3.1991511951473317,-3.0024688893668383,-0.37730337804639014,-1.5725868228568558,-6.770529406516175,-4.398587557840546,7.146036339170557,1.5867344466624491,-5.011637657283853,-1.8651797555295628,4.770287841041842,-6.710206570882923,-1.6299178866081956,-5.871302237807896,4.377343946944434,-6.527639418677383,17.92581386239977,-15.536696286593177,2.715810601854953,-11.241772902806678,-2.663670548117688,-16.67003449278745,5.8984474033738845,18.91394533042618,-0.8305631462928931,-3.2427306470014425,3.2255057155189366,1.4186350620923731,15.83871085718585,-8.697931994187035,7.992446683278066,0.6584136176209778,21.385855290708513,10.670915158623435,0.5901336585580843,0.9139937553664765,10.302409100355504,9.49027720606517,-1.5572988456786296,5.256473972672365,14.487364196506908,-7.065898377846333,0.2029126119280047,8.700334190274237,5.705625535138692,-7.2049409530310395,-15.263072205133465,4.834132628609833,-20.131898179026727,-10.248991566469845,-2.3699888241509273,-3.1416189859726202,-7.60242532598191,0.8309716371820111,10.381821597979652,-2.54343288105248,8.97535330114104,0.9751339234962466
neuralNetworkClass 	class coursework.ExampleEvolutionaryAlgorithm
INITIALISATION 	RANDOM
SELECTION 	TOURNAMENT
CROSSOVER 	UNIFORM
MUTATION 	STANDARD
REPLACEMENT 	TOURNAMENT
ACTIVATION 	RELU
COOLING_RATE 	0.0011
TEMPERATURE 	100000.0
TOURNAMENT_SIZE 	90
maxGene 	3.0
minGene 	-3.0
populationSize 	110
maxEvaluations 	20000
mutateRate 	0.95
mutateChange 	1.6500000000000004
seed 	1646684373006
random 	java.util.Random@3ada9e37
numHidden 	14
numGenes 	129
Training Set Training
Fitness 0.021946512474254363