2.9514321285029386,-13.031310843051576,10.802684737509106,-5.127359728788814,0.3124731597224186,6.943723021547552,1.041003476760216,0.7653855957610318,-5.393519643331173,6.122434626898677,2.9307348493666634,10.32540495602825,9.120974950652911,-9.340879134659044,-5.9282358520094744,-11.681537077941512,-5.184568524450189,5.154110803070436,-5.1605963598504765,-11.519945511664472,-9.075924126312701,3.7281113015407197,11.816029174011478,-2.6377734433879967,-4.111064622765823,1.2463667243286674,7.436107723240726,-1.343563073973841,-9.194176319879269,9.044751452707448,1.148518942388983,-8.845261851523158,-4.047297305463564,0.43714912951210305,0.05670478358621356,0.47417427663084544,7.032633429421934,-3.1446247251939514,-9.362583182503295,6.493891304139468,-3.9524841289973534,0.041259712086996636,-3.9834349004749248,-0.33343097234245533,-13.85969939068867,-7.783633605924555,8.595905762528432,-6.18460567604124,5.516545356019802,-7.504237401434223,3.7914093318219226,4.2198862260710275,3.2260828048676853,-0.8391714720583305,9.894246892520549,-12.33564725067436,-4.239556459646856,-2.728032800672338,-2.535014728321001,-7.044998265725466,3.0059381690434064,-0.4769202541174966,0.5454851312884532,-11.913492138514568,-0.9518748650290298,0.5349159137768646,-11.030643084731155,0.372825417680267,1.4413238497600842,6.886212309348591,-9.21163892031706,-2.9687118860590953,-7.611124574144027,2.892200079933694,11.026858651329961,-4.500853807412092,-5.45200681902925,3.9595797159204764,5.144594875599633,-1.9258972169488562,-6.49434132837284,-15.772154169423466,2.86191194873245,12.07704710954279,8.743446257237974,10.613813078254823,-9.626769468607943,11.985291680187903,-13.433800929880436,9.8202938539714,-3.1164571997054846,4.050047262207342,-4.794206385570656,-15.917600621500723,0.1503435575047849,7.774086300166283,-11.340523333410474,3.187426085480806,-7.043516630206787,-1.725148904188825,-4.425921064962266,-3.6087487666346867,2.1874338080940445,-1.8190022261185983,8.039236788944898,5.163230973810272,-0.09965853312024775,-10.597504809341794,-0.5707441387871537,16.930597889902323,-4.802811258340499
neuralNetworkClass 	class coursework.ExampleEvolutionaryAlgorithm
INITIALISATION 	AUGMENTED
SELECTION 	TOURNAMENT
CROSSOVER 	TWO_POINT
MUTATION 	STANDARD
REPLACEMENT 	TOURNAMENT
ACTIVATION 	RELU
COOLING_RATE 	0.0011
TEMPERATURE 	100000.0
TOURNAMENT_SIZE 	10
maxGene 	3.0
minGene 	-3.0
populationSize 	110
maxEvaluations 	20000
mutateRate 	0.95
mutateChange 	1.6500000000000004
seed 	1646684373006
random 	java.util.Random@3ada9e37
numHidden 	12
numGenes 	111
Training Set Training
Fitness 0.020469051081115817