-8.814921124434626,-5.479681480430552,7.7406433038679925,15.954408556884225,2.3832790446813874,-13.165276074002547,-2.2833350222336204,13.504291227875143,-11.126565002922373,5.155269738104275,3.643092345277898,-9.843893516126672,4.182625508150446,-7.2093471087419925,-14.233990022409682,2.390380173602127,10.904706578585824,6.484176964781868,5.687401729055387,6.893104469941047,-27.106806075503883,11.918904857559397,-11.728438479928457,-17.03225240211286,11.391869655325607,2.211131513140433,-5.274251913431424,-2.7457206154932283,-0.5880100487834508,9.242751720379877,-8.715925719423078,5.16809010910476,3.3270756263492043,-3.74542034980439,2.6294808908816876,24.686916444891104,-8.894118818666884,-1.1683371144473265,-4.267992608915225,15.866621950591208,-8.608757843581163,3.1581196111054464,0.5624283950185625,0.006912826897782054,-3.6928852111625066,-9.346993086242838,-10.791315348270464,6.915804197134774,-9.611770477735009,-2.7797806870319723,-12.12160198506257,17.43688934509816,19.226387072735257,-0.6956057910255673,6.064118203357717,16.10619484743335,-8.18546014533565,-1.4087078227029242,9.828808100169631,-8.904358573480861,3.944405625670976,-20.57490357180751,4.4374342692525826,-14.12213701677413,3.4254749620046168,12.786569387142167,-5.88361006502708,-2.3876267698307156,13.792878706390779,-1.7650200786764039,2.5658344109327142,7.205800621610699,0.3086933607383475,0.4132049602187875,-2.7191049198905537,9.989148505388536,10.985872676137811,3.74939196315937,4.106034705977931,6.832771720868443,5.776100544364148,-10.139948259502471,-4.8972510902443895,1.7849956488582608,-5.037528771129559,1.7684371310296383,-14.845883483694875,-4.1769653961921005,-7.464987017773153,4.398546969495204,-2.539415663933183,-6.15489233888907,10.201677498916,6.189079237229409,-24.35027129325099,-17.83962359041363,3.3495318020248996,0.29314138229322495,6.128595547724351,-14.301429426827008,0.6204934465021488,11.58850961204816,6.250577441061795,0.7138965085752753,-18.74693670544474,8.76971473635708,-11.700350802844564,4.598060731255921,-4.283883333994427,10.527216207692666,-11.836858417655833,9.49497592660041,1.9229252791243994,-3.9095910087304,1.7200888841438378,3.967336625041389,23.186037209141745,1.543882795980215,-0.5062731781966807,-0.4909200868222099,-4.963858624847177,13.690643359591167,1.1549647509023258,5.253934617798005,-8.603885176561548,-1.522949054441642,-13.441430165868482,13.664372800176512,-5.689801339495674
neuralNetworkClass 	class coursework.ExampleEvolutionaryAlgorithm
INITIALISATION 	AUGMENTED
SELECTION 	TOURNAMENT
CROSSOVER 	TWO_POINT
MUTATION 	STANDARD
REPLACEMENT 	TOURNAMENT
ACTIVATION 	RELU
COOLING_RATE 	0.0011
TEMPERATURE 	100000.0
TOURNAMENT_SIZE 	10
maxGene 	3.0
minGene 	-3.0
populationSize 	110
maxEvaluations 	20000
mutateRate 	0.95
mutateChange 	1.6500000000000004
seed 	1646684373006
random 	java.util.Random@3ada9e37
numHidden 	14
numGenes 	129
Training Set Training
Fitness 0.01551466151971778