4.828432615636812,7.874139978542299,6.670862738345262,10.032984063488447,-7.816212613734757,1.7877739408292728,11.30908290073031,4.91279576059036,-4.4815891043824365,3.2085370295625215,-8.658788806913883,-8.289602779147422,-1.6422903470242938,-8.269297328635146,-10.233266715457736,7.080706759249052,-3.3671235075529804,-14.51735815910314,5.09064723577943,-1.848559768821385,4.484833284440504,-3.2280366165217167,1.3597893189330357,3.4191074175027447,-11.267900738005912,-0.2582570918681295,-1.4993140597616907,6.461984000517008,-7.92138403457462,12.8117725734319,3.237404708678481,10.100338698840615,1.3565060029058449,-14.53197893597209,6.43994738882923,-8.548422224518022,4.673937499233677,1.7590013764981185,3.232048832968808,-8.198397553095727,-5.1302881319941775,-14.590498103774335,-3.678184718945439,9.543556645413403,-6.586112588288843,-5.0298563775175325,1.809456476951011,-3.6787235991227654,-1.512303011678831,-5.1645151485288014,12.773435865297934,1.3071341449733636,-11.323786863670563,-6.116098376480702,-3.1603162976156725,1.9926044969867434,3.1136591593280336,4.469230939985212,-3.001911657723653,1.2247607466966848,-9.516039727450016,-6.67282916523199,11.94630078429796,3.033043992557923,-1.7519257824095291,2.848689705629733,3.0629583544045067,-3.541970113893996,-4.8051642422550085,-9.931795273922031,6.990753710509753,0.46755058025639595,1.2934951287456578,-0.28395270645856385,-0.05565481937594541,-7.024587519725989,-16.53617433905592,1.94274110210746,-1.7510746577415084,1.564082783090086,1.2736210648333168,-1.7131236818622622,15.212334660685107,3.605101381277807,-8.076401598569824,3.1288710227003573,6.1369275316427725,10.269606656245358,-3.6138322771097915,12.799669176900352,-0.16303161352358764,-6.273753073406375,-8.622774951700642,7.846431717468077,-9.506844534517539,-6.115117563494502,-3.290929680730229,0.3465358630197537,-6.5520590763788,1.361864767106601,9.697747645569205,3.356704683633348,-0.026364610265238397,-18.53368588682735,-5.170449853470711,-6.814152353366234,-5.22014398928304,-5.3633025001377845,-1.1708729673141782,19.93820008541193,-0.08230282965471503,3.393143225965045,-1.3844236714896194,-8.312392419113884,9.485073149258913,-1.7866890192396374,-9.416898842831822,-4.585691005833967,-3.108997252191326,-0.3617319201225726,-3.0007462873907675,2.1123297017271057,-14.603824252307685,-4.73029316313195,11.526485446097492,11.30860452055046,9.61296174015353,-4.519030235566928,3.741668348597859
neuralNetworkClass 	class coursework.ExampleEvolutionaryAlgorithm
INITIALISATION 	RANDOM
SELECTION 	TOURNAMENT
CROSSOVER 	UNIFORM
MUTATION 	STANDARD
REPLACEMENT 	WORST
ACTIVATION 	TANH
COOLING_RATE 	0.0011
TEMPERATURE 	100000.0
TOURNAMENT_SIZE 	90
maxGene 	0.5
minGene 	-0.5
populationSize 	110
maxEvaluations 	20000
mutateRate 	0.95
mutateChange 	1.6500000000000004
seed 	1646684373006
random 	java.util.Random@3ada9e37
numHidden 	14
numGenes 	129
Training Set Training
Fitness 0.021716657302924137