8.571065284425824,6.885701818173896,-6.7767213907732025,16.92147090684052,-0.7972362494192531,2.8632228324128715,-2.9676549059521244,-4.716039682806908,-0.2739305613622047,5.686703013453586,1.0436089979297387,-1.9028756074615174,-2.6453751136658976,10.810313387461246,0.21000698332780487,0.028159851741690112,-2.0613814856894663,-1.3725059224884646,-24.437703543897,5.34401987256102,-4.831673688091259,-9.414917214518642,-1.0139196667930612,-7.894067384777232,13.490423796084164,0.6286906594374981,-2.025002569243176,-7.001249376262141,-0.8514704255305787,-14.423370068139588,6.070566595934696,-7.31010587334046,-4.008134912944353,13.173989456608878,-7.949658374085923,3.1856977638678874,5.915837676633863,9.920256366750277,-1.635295182875005,4.263519657022096,-13.444226457339955,-6.006823360142686,-3.3011965762904687,-1.2439860844418353,-9.850048944425447,-9.541657203640138,8.34980026521674,25.59951997247917,-12.129492641447214,-12.341703421901865,-6.289215176389812,-10.718436257135378,-2.359290699833771,13.76673039053772,3.2413609974689983,-0.4669825857554386,-10.835492796242754,7.222666314793493,-2.8688984648220197,-5.441492331940602,4.33920631328184,12.526291773749684,10.725728912891205,-4.515789846562658,-14.695482581375968,-8.417575420970296,-0.9129433598162402,5.975217422782741,0.7511657546219945,1.019379519931464,-7.203606078779554,4.5352096207042045,5.069663042813509,-0.25969729417051823,0.3372918054651741,4.549208980945311,-5.3352344112322125,4.080840878117025,-8.392821908729402,3.765741765342586,-4.056431888297316,-0.24869576317736808,4.008601401110461,-4.262217622995037,0.3550976350687849,4.033284617072759,2.359477290178276,0.0523970095623536,9.166703453585264,-4.470018574737743,-9.962101433412437,-4.822945193649998,-11.642549905310062,0.9362893863907633,-7.859251794949577,-6.063881564962292,-9.558848204649514,-1.1510037341238215,0.7865198758016803,10.354074857384143,-4.648397874623452,12.229238185870031,-3.8685722331996537,-5.337386530281627,-11.720022619170477,-2.6413473804883294,-0.4559437421073964,-6.683295057402612,-6.847346863558812E-4,-0.7525290218555565,5.247472644159397,13.950380087266742,-7.456613029278138,-1.9429124551983614,-7.161101610623065,-4.724039551229637,-1.4227887316227088,-12.458563048153943,2.93570649820348,-7.558970029229487,-13.146129096494613,5.740810597280934,4.4726826498245895,20.00549227126489,14.197223163810943,-4.871459518080732,-5.510837647542759,9.086601307126484,8.532511041539198
neuralNetworkClass 	class coursework.ExampleEvolutionaryAlgorithm
INITIALISATION 	AUGMENTED
SELECTION 	TOURNAMENT
CROSSOVER 	TWO_POINT
MUTATION 	STANDARD
REPLACEMENT 	TOURNAMENT
ACTIVATION 	RELU
COOLING_RATE 	0.0011
TEMPERATURE 	100000.0
TOURNAMENT_SIZE 	90
maxGene 	3.0
minGene 	-3.0
populationSize 	110
maxEvaluations 	20000
mutateRate 	0.95
mutateChange 	1.6500000000000004
seed 	1646684373006
random 	java.util.Random@3ada9e37
numHidden 	14
numGenes 	129
Training Set Training
Fitness 0.02341841291579562