-0.9570723812786676,-0.8202202636107302,0.44685562178587535,0.03175349928772453,-0.05316318802884479,0.73473042209178,-0.37742585237128146,-0.7756603216517096,-0.24274889068735384,0.3480763929398428,0.9843696977517405,-0.2271450504351873,-0.8264551977038853,0.6602075858850555,0.6361449904291306,-0.7382247139357461,0.4334037128749132,0.4725986951619433,0.19904619056142592,0.7791195408038191,-0.3688710452208812,-0.3684789782590465,0.18144993369705398,0.7502419887493547,0.2798625197469441,0.3182520602808204,-0.17936148625055615,-0.16742544969627637,0.5370424728517919,-0.0754671075418405,-0.0354828573543835,0.38859009708739845,-0.853111691354563,0.15523323042199022,0.4134996443798683,-0.6475823454046854,-0.9244418227662646,-0.29510762288229,0.31506169545730034,0.5955057583766502,0.496679501316068,0.43305956479237484,0.5054734323659505,0.9894670018689392,0.8318279495190256,0.8312063109670841,0.8633743992395441,-0.16615018798807402,-0.031188982524168685,-0.3988882355311729,0.33118483958464273,-0.5853946456931007,-0.637069398606626,0.6361058429829695,0.9774553169369401,0.4150088557458579,0.6972784324824223,-0.9129211166625671,-0.05547729156784098,-0.28928339837762174,-0.2904701909257992,0.653913585022731,0.8962628882602873,0.36078947412265194,0.5601431619289504,0.4317839481394191,-0.7303119454365803,0.23853400228845445,0.6560340912760411,0.5418716132110676,-0.11581939833290766,0.9818787572237587,-0.5709646204485881,0.6836125833495933,0.24853810688364597,-0.5462859368774731,0.3858414860281717,0.39127920855051157,-0.5100497309371228,-0.56796918616725,-0.9566075934185959,-0.1983269799341394,-0.33293905753377606,0.3972026051838907,0.7621243672374521,0.7630402764622873,0.7255135279019646,0.013002757793178277,0.7022502146895319,0.5727443112284768,-0.5208518409014302,0.3439439199468167,0.4770848794888717,0.22059925795197188,-0.6614629412550972,0.7927562899173469,-0.7139430413781456,0.38502142588098043,0.7555046381145635,0.24534349324671145,0.8700181781668314,-0.5438764153289111,0.23404100162274577,0.7428031884503407,-0.3789604706363481,-0.4715516273253695,0.04432624897577686,-0.6024529645779106,0.3718890532285871,0.2634612308084644,0.05209947503654899,-0.27054265634045604,-0.38917424545388846,0.9421789201995371,0.8180848139934741,-0.779902219907845,0.3581374447040194,0.9364659218904613,-0.8370898150070144,0.7763164460581059,-0.9305540000090425,-0.49360045808565256,-0.71758975637698,-0.17956021301877567,0.1374768144130819,0.948725577167706,0.05894287691952027,-0.9605215227909759,-0.1875554119267464
neuralNetworkClass 	class coursework.ExampleEvolutionaryAlgorithm
INITIALISATION 	RANDOM
SELECTION 	TOURNAMENT
CROSSOVER 	UNIFORM
MUTATION 	STANDARD
REPLACEMENT 	WORST
ACTIVATION 	TANH
COOLING_RATE 	0.0012000000000000001
TEMPERATURE 	100000.0
TOURNAMENT_SIZE 	90
maxGene 	0.9999999999999999
minGene 	-0.9999999999999999
populationSize 	110
maxEvaluations 	20000
mutateRate 	0.95
mutateChange 	1.6500000000000004
seed 	1646684373006
random 	java.util.Random@3ada9e37
numHidden 	14
numGenes 	129
Training Set Training
Fitness 0.0865840024632449