12.698244058114563,-4.3157158333059815,0.149936469711065,0.4235494794287291,9.032820608095083,3.2870508252554202,14.224908581410348,-0.2969197793776459,-2.1051133902739627,4.980079103370269,6.9239106507972,-3.22338030535309,-5.186617416046879,6.75109484174518,10.899214812423429,-6.962428675008789,-1.216451270923427,-8.12521901177342,4.412040280339169,-5.1898890353700615,5.66436158774799,9.308559310910871,6.414438236916327,-2.9019915039696356,-1.0866354296968606,2.138168230604209,-9.358645974482334,-9.096263662980114,-3.663804419604187,5.246537824670209,4.33646060422318,8.501715414839673,-4.338674370416381,-6.034212758182633,4.599815733698652,-4.982873994492302,0.7962197555291537,-1.0290009517049583,4.32234161426477,0.39178994749648943,1.6293367844563793,3.885754572310396,6.361586030353159,1.8112097137079366,-3.336910812405594,3.743239923122151,7.965171772136154,7.121925802777797,12.246083287945204,6.383062885499292,4.56279585372195,7.385932969538809,-8.181332138243523,-6.0872519857932765,9.524595487021719,6.098975272805094,6.244019208277557,-5.775795893861243,3.2731460324071593,3.342116915488808,-0.3323053453702496,3.5792890117926977,-2.061684976427755,4.591061907341056,-5.168209445751637,-2.7850769412959613,-1.9413559607085489,-12.424721437863816,-9.284458270114147,-2.0829704383304133,10.459887947887115,-0.6409414337693962,2.932405856894933,-3.3260868992141823,-9.369209179027111,-2.3907801555053645,15.684375157798097,7.843508527563605,1.0681322078114102,3.9192420699999584,-0.7925344747145591,-3.644733067122953,1.0775312948075948,-4.272800160733286,3.2880316581511,2.916270302800852,-6.4065513266283585,-7.205063459654861,-9.362236135326322,13.902494491881312,0.8712784176149562,15.058503296444233,-9.61407635513983,7.989970815698852,1.9063765734608422,4.064959466842942,1.3805759241886628,-2.0330792926097825,5.749326519201266,5.428216738796702,-13.413714467044247,10.216770337662505,3.5136918781141313,7.316680758772955,4.073940335399305,-5.876723854353401,-1.3880358823191337,9.378024790948807,-2.83092709486779,-6.2271755910070326,17.557362497863686,7.9615099359707955,9.608253035835281,-2.1347081549740583,4.483598914617332,2.615839824430779,3.9988270067780007,4.9936863208333495,-5.738327817643096,17.37062158349071,1.7854819212171584,-8.635887872087928,2.6822093443876973,5.602077267478255,6.497818714785032,-2.8485668611881403,2.1238266768024694,4.138733106410523,2.9863170075525645
neuralNetworkClass 	class coursework.ExampleEvolutionaryAlgorithm
INITIALISATION 	OPPOSITION
SELECTION 	TOURNAMENT
CROSSOVER 	UNIFORM
MUTATION 	STANDARD
REPLACEMENT 	TOURNAMENT
ACTIVATION 	RELU
COOLING_RATE 	0.0011
TEMPERATURE 	100000.0
TOURNAMENT_SIZE 	90
maxGene 	3.0
minGene 	-3.0
populationSize 	110
maxEvaluations 	20000
mutateRate 	0.95
mutateChange 	1.6500000000000004
seed 	1646684373006
random 	java.util.Random@3ada9e37
numHidden 	14
numGenes 	129
Training Set Training
Fitness 0.10936042630209718