2.9474318424874157,-8.054058993692045,6.96580477867766,-4.885377557758526,21.764287837758566,-14.6110354291461,1.3694148351062836,-5.15999570015923,-1.3747936408376003,-0.12904327894659495,-1.8715271402553437,2.904771856934925,8.409741807679257,3.0846033312241246,-1.2505913851101553,0.17065614200574863,11.21944657657808,3.6769183442870177,-3.509767070640631,-8.632617510441793,0.10303756246786522,-8.381939355519993,7.957258999305761,13.355420901895396,10.18586039048363,-6.926644153270031,-3.6565614603634984,-10.15853466147912,-8.627769752513755,1.89182903760288,5.217907030300802,4.766588264127767,2.9275099763678893,-6.805914954622368,4.977114170626695,-1.7809517971014408,2.0100667310226576,9.536904705361929,-4.656303070369716,3.0307589200853435,1.511530194875084,-8.048543670385182,-8.099966620017362,-0.10153986476101018,-11.722943519031393,0.04655302358310287,1.8691973420670198,3.6776614007731956,3.3655830737582084,-9.712082004090936,5.2568145488389835,-1.670538511491248,-0.12665879186039852,-16.241049204955626,-8.256897258376874,1.9073768890089884,-1.4178261126015013,1.6280189435829513,3.615159164534143,8.003344939255646,1.6074883159606497,-2.908169296795278,-1.7446600630574145,0.12909731702396599,4.908953356541602,-4.966024179067269,-3.697642261245419,-1.5588680816322311,1.4903332945851808,-6.417747549403648,-11.922495444602113,1.824541617459957,6.35313125682072,5.2179296424152035,0.11918828384830871,-3.467010043325822,6.331995771342658,0.3846260749689776,3.244752769874225,-1.3608446913282144,0.2781263938312941,0.06401692444682539,6.459332320718351,-1.4180043669319842,-1.9298054358002528,3.3301120928690615,13.05727292723742,10.204218109466689,-1.779422166023629,-1.8366198600001384,-8.087566450340766,1.2553682092040521,7.957986408407178,-3.1994763760036395,-6.270537603886819,-6.257015110640167,1.3058424740169308,-1.2847572637651696,-5.171076003385277,3.3962990735654714,4.639053685135655,-4.580144514232769,4.714934394301833,0.11398470312176912,6.79010401139985,3.097173604761032,13.27474284370581,-15.00049823695283,-12.811334243292068,0.3665652385734912,5.035479940602546,3.444603185894536,-3.1427818341603677,4.657665873255204,-9.54592721369043,1.7536077623364914,6.298439338558284,-0.39026887055692683,-3.2078901000124427,-9.741926972150052,17.998419196345196,0.2341553550648512,-6.521781083078293,0.10353303401298586,12.933022578091494,-0.32778788871339515,-9.713697929794916,16.896997619892453,10.253012903914296
neuralNetworkClass 	class coursework.ExampleEvolutionaryAlgorithm
INITIALISATION 	RANDOM
SELECTION 	TOURNAMENT
CROSSOVER 	UNIFORM
MUTATION 	STANDARD
REPLACEMENT 	WORST
ACTIVATION 	TANH
COOLING_RATE 	0.0011
TEMPERATURE 	100000.0
TOURNAMENT_SIZE 	90
maxGene 	0.4
minGene 	-0.4
populationSize 	110
maxEvaluations 	20000
mutateRate 	0.95
mutateChange 	1.6500000000000004
seed 	1646684373006
random 	java.util.Random@3ada9e37
numHidden 	14
numGenes 	129
Training Set Training
Fitness 0.023456006038283076