-2.491321533140642,6.481538440495598,5.9332340395922945,-2.3523552489505173,-11.799749329385083,7.376870063167273,1.3954735150815205,-4.616921523978419,3.120751720081226,5.066524867899105,2.6884821701254387,-9.359427005050797,-6.2847872605532915,11.83230652598488,4.404921951481338,6.0336857224368625,5.398672780809126,5.799908184803138,5.432787745467469,-2.1272573261620096,-3.382969345548134,-11.917182402195925,5.835854708143658,-7.266125369838325,1.9016999627717794,1.265347529597665,7.055464873092085,2.192514482696968,-1.1847737812934809,4.09489753528209,6.313422033133807,1.1662658146373133,-8.427872258782521,2.90003656320195,-2.8233686150720825,-5.747712234299903,2.5938377653687557,5.384979440215065,11.012472464576009,4.222073836782162,3.8187300111434217,-6.577483775364623,-6.530242242780091,3.751736995420033,0.43782081067943324,-12.923564246552473,-1.3365117743342323,8.618649255756473,3.7638520760425607,-5.269028486216875,0.32247301805918127,-5.96448346268131,-6.43393500187662,10.238780382720014,-3.7227538792633603,-1.0292946863242332,-4.8349129024613084,7.320449420329302,-7.228435258003721,7.06887062291752,0.5319638352567679,4.557511516853141,-8.175858912324443,5.388670344267627,-1.8775264367051072,-1.2325655750737576,2.3481115052019828,10.414585924428872,-6.897523570732812,-3.716969643481309,-1.345888180493076,3.627600582516725,-9.717844640277656,3.780221060857234,7.818684230038242,4.23472504005146,-8.02338196430335,7.6570752163272875,8.543101721236608,4.660092366229168,1.497437028264677,2.4635189340811707,-3.941446146269695,-2.2594230136896796,-7.595684189925506,2.9151077036981015,-5.998001317207009,3.2466313122873682,2.6081753894534767,4.995728661736354,1.042844834542998,-2.2357370380593125,4.766569661430838,-2.4869114036025133,-5.816014362244758,-6.57318580482775,-5.700557427798281,1.2673273009392618,2.891568845611789,0.32543567016698427,-3.272146967184354,-0.07291983108459199,2.976242393572517,1.0048842844713661,1.3504000679088142,-6.171202161247605,7.654478750976944,-3.533491726594388,4.471693194869633,-5.375885488183711,2.161936112085786,10.953014125513787,-5.165680750824632,-6.953456047337404,7.071679136221168,-1.9201487774607529,2.9803678892288366,-1.7472375962374436,9.438436053376327,6.655775223449424,-1.7693121614090228,9.665224657147403,-3.8040686128046923,3.050394420599331,-1.3803455343591526,-0.8981566020654785,-5.872306774893197,2.8192318782678853,-8.589662187903468
neuralNetworkClass 	class coursework.ExampleEvolutionaryAlgorithm
INITIALISATION 	AUGMENTED
SELECTION 	TOURNAMENT
CROSSOVER 	UNIFORM
MUTATION 	STANDARD
REPLACEMENT 	TOURNAMENT
ACTIVATION 	RELU
COOLING_RATE 	0.0011
TEMPERATURE 	100000.0
TOURNAMENT_SIZE 	90
maxGene 	3.0
minGene 	-3.0
populationSize 	110
maxEvaluations 	20000
mutateRate 	0.95
mutateChange 	1.6500000000000004
seed 	1646684373006
random 	java.util.Random@3ada9e37
numHidden 	14
numGenes 	129
Training Set Training
Fitness 0.017712417021662315