11.008310609286871,-12.39882283558059,2.3627143158485495,11.433993855059846,2.6512065215750855,0.5819705864702378,1.6953342993205522,2.5004648932394318,9.535200758741997,7.940031055789085,-4.247613106595843,5.207699227473144,0.4851992802733016,-9.507555909713675,-20.977674575464228,7.155190998642983,3.252810646795643,8.632176536573972,14.01347627588044,-6.6705170549692125,4.882504927033821,-1.1839549773469003,-1.8382646893271017,-13.958968222726716,2.3307791060753296,-7.233327529939983,-3.0773132432790193,2.1954913104805005,1.9616094433139653,-1.723538076561372,-4.1154915650591875,13.711463251568622,-5.972985476938087,3.884031202363461,-10.257674303587736,6.197935297816569,1.2646028555127051,-2.686521755467149,-1.5335284135538476,9.493298556209822,-17.695476070621226,0.2742693085235617,-2.9735906245281383,-1.0559910822957885,0.9262896367446123,2.1644582029728534,10.298869426697452,7.5646273233244,1.8914781740160889,5.952376043817642,-12.306949762559832,-9.827852795575483,7.201381575832089,0.9818433797972128,-1.7324718802374504,8.276188760692083,1.3392031830284328,-0.8966146366175263,-1.9571807556090004,1.682810676488712,10.554458571474703,7.978848531691516,0.3303348649107152,0.0333641239859368,5.332782418212716,-1.1607588493293601,7.602764215224846,-6.599017122798706,-3.532614575291756,4.1455420650019335,3.4727198458180544,5.005977167457725,4.558960049566231,1.8596407578667522,-11.62422342714078,5.587570574233352,5.218872188676112,7.527500041510352,-6.729171347314908,7.483089659909518,0.636030623584066,-11.190953992946257,3.974992243259587,-8.733108608357306,3.79086592530817,-3.9407789122022896,-1.8579274592886792,-1.310020746040685,-4.489595838949549,-4.7279509648681515,-1.4270865449172287,-3.2625611442665035,7.006460846784437,5.644489781188031,-6.037254926986154,-0.5655122657841964,-0.4254664160296606,-3.8007205062250797,7.144940446230798,3.133111103407064,2.5540141102334744,10.52587494532665,-4.017609947256597,4.74992679825951,0.4608908571972261,-0.043958037358338586,-12.563000576244391,1.4020904180769067,6.452155897571687,-1.3644478281790295,-1.3353883382305263,-0.6982705592509841,-4.433317813428266,-11.114130404611888,-0.4130451553604999,-1.5794376995085915,3.8603797525323866,-5.830363669554979,-1.8659895857132636,-9.274967291258491,-4.236013263122765,16.181182633181557,-2.5705066973351727,-0.19153960982901008,-7.860097701470821,-0.17178710740221437,11.058937139115637,2.9603819102030666,3.3000077362119677
neuralNetworkClass 	class coursework.ExampleEvolutionaryAlgorithm
INITIALISATION 	AUGMENTED
SELECTION 	TOURNAMENT
CROSSOVER 	TWO_POINT
MUTATION 	STANDARD
REPLACEMENT 	TOURNAMENT
ACTIVATION 	RELU
COOLING_RATE 	0.0011
TEMPERATURE 	100000.0
TOURNAMENT_SIZE 	70
maxGene 	3.0
minGene 	-3.0
populationSize 	110
maxEvaluations 	20000
mutateRate 	0.95
mutateChange 	1.6500000000000004
seed 	1646684373006
random 	java.util.Random@3ada9e37
numHidden 	14
numGenes 	129
Training Set Training
Fitness 0.02007340912410032