-0.7491033442843511,-7.676809786663279,-3.3844814160377528,-7.3132393272883665,-1.2806812438722375,-3.3460988718734335,4.9229121328119705,-4.839569797500922,1.9453201033474397,6.874716954953877,-12.330643358593905,0.4189452099289497,-2.2142209176597287,-1.890695202505908,-0.16444635305340505,7.6861966545666185,-4.593305752601695,-7.758542623139045,1.796436020293398,13.629240497106926,-5.167495608600099,2.7264163773799375,-3.4758477626378603,6.536768503222818,-0.4065428008472969,8.354234777568623,-10.477164760824204,0.051074241887553384,2.0423046888499634,-3.3820033261444795,1.0099845460933352,-7.170420448663727,9.345586372665974,-1.0419250997201734,-1.9629679665291864,-11.025909777494947,0.32624512723466204,11.059463460898476,-11.193113254445231,-2.7344364436608632,-11.856692680513287,11.672584688161255,-0.9510025412984104,6.1292766381830095,5.440839110589366,-7.841172575689697,-17.49730048117995,7.479895692970265,-0.3676194720555648,9.730431871055758,4.78735060986043,-12.29194538038984,1.9585377357866518,4.810199423002179,6.152992824596028,5.46966217259886,-9.135597129883799,-6.870138489250001,-0.04198669454499715,9.576263769804406,-0.5600476902688092,5.1668023002123755,7.710509493702398,12.85939664404983,-4.499439776876248,0.6371896775765897,6.487801335531849,11.993983326758542,7.206247419003967,-0.28057127498834156,-5.0862366712457865,-2.7845800331563835,4.077270853601195,4.475209089063826,-0.4736109258624719,9.902124879404235,-4.089856965615269,1.3162803083168981,-5.641770274322611,8.919920953591648,-1.4678446679743962,1.1334454976044546,2.1800859777619035,-2.413263832939058,2.9039622774870697,-3.98987432602692,-5.876432873739817,1.015716415895982,4.088771358756529,-8.61379698938223,4.2508621725551485,9.331951402167864,5.603162303754782,-13.131283918114674,3.0303066498186713,-5.517372649464869,2.8985503860637856,1.9043334197873136,-7.745939644537994,-4.227473113493533,-5.356213685138032,2.834394897953036,2.599445665080526,-2.2935921431512742,-4.111625358492947,2.9466702709470622,13.788232150838084,5.756899372368487,-7.767725711123973,9.468839105456421,2.188385377277612,8.701166885457305,-5.187769770047478,-7.882937382912035,-1.3694649698955104,2.6817035695921945,10.236068966010908,5.968869823199862,-3.6733521213726608,3.9962171293522584,6.105375858363286,11.22294663795912,-3.1188702311514174,11.508688440392618,6.613455617103021,-10.760729751420316,-15.675188112172888,-1.4517087978042866,9.339462994759174
neuralNetworkClass 	class coursework.ExampleEvolutionaryAlgorithm
INITIALISATION 	OPPOSITION
SELECTION 	TOURNAMENT
CROSSOVER 	UNIFORM
MUTATION 	STANDARD
REPLACEMENT 	TOURNAMENT
ACTIVATION 	RELU
COOLING_RATE 	0.0011
TEMPERATURE 	100000.0
TOURNAMENT_SIZE 	90
maxGene 	3.0
minGene 	-3.0
populationSize 	110
maxEvaluations 	20000
mutateRate 	0.95
mutateChange 	1.6500000000000004
seed 	1646684373006
random 	java.util.Random@3ada9e37
numHidden 	14
numGenes 	129
Training Set Training
Fitness 0.014499716835536292