7.635852051071966,10.682980388574956,2.640744754228889,7.334895322317438,-15.855136137420835,-9.63269430644258,-6.461702731423157,10.853158046916919,-1.1896009353855064,-9.902219682667882,-8.555830154190572,-1.0040484826859668,-12.75187954173171,7.148290760398508,11.036951137655516,-11.619768938751356,10.913436869851571,10.339544830367762,-5.797627295039289,-15.95467837331446,-3.632101350906437,-2.7435484035481865,-14.97364248571747,-5.3012267853053405,-4.839851025642802,6.208582598789864,-3.1003136629346075,0.2314157728408679,4.620149653383365,-1.3321177046677848,1.6406233891331272,1.9355829586119073,-1.0974900729460604,7.9142788443585985,2.9226897789940054,19.400714122036383,5.589354515548497,-4.796168426549713,7.1631455227242835,0.6382734613803862,17.775277172002156,3.9955362830612913,20.333587069009766,-15.846838168793976,14.206536093177936,17.131892533638066,-7.652561041306262,-5.668466487987635,-5.966243929579207,0.5148232763107794,14.309968480246223,-5.994843343677145,-4.237988070528886,-15.54748072285003,6.034815397616295,5.030202058767483,8.994276101188081,-17.225731500789543,4.586890446620288,-3.316432468505078,4.463826077134554,3.8193091929198637,0.9048490783898666,-4.317410527155055,13.238311802073751,-15.597760956306988,4.137213404011122,-3.5257799636379197,-6.2972036471032435,13.691485930807197,5.2945698035289865,-3.0325126779484357,6.941191334631029,-14.3411604774597,-9.973867589054551,-17.00171164260243,13.135116742798102,4.817023094707263,-8.77768232914219,1.6683005044760373,-17.663673452075606,-14.091231220833007,-1.6241590213862,-18.30997136749916,-3.856550574247118,5.244845405694508,2.902198745608972,2.2477425882950683,9.225902193713647,-9.290026487388664,6.0762637344175126,-1.2507066708110228,11.4874465378716,0.2145427666149109,8.435079230553733,12.796528252445256,7.448963666798807,9.466534841470292,1.6777955325515403,10.892263557429969,-7.345362379744428,1.5220384933483508,-8.587945090521831,4.579504166024611,-6.732160373254505,12.744225641007485,-17.198014011415857,-2.026163759487374,-7.727378155428124,6.959645847755951,-19.83366644425859,10.202652424675088,0.8338360583757138,1.2971763312001379,9.656103966998144,4.255103894362638,2.843499305091804,7.8789524835043405,10.459468198817527,-18.625593593405,11.493142195260626,-2.8459130053431068,5.037524083195136,-2.360634407271583,12.111483377227213,14.974969040845657,2.0878782700050067,-2.7152847325035285,-5.356118489160828
neuralNetworkClass 	class coursework.ExampleEvolutionaryAlgorithm
INITIALISATION 	RANDOM
SELECTION 	TOURNAMENT
CROSSOVER 	UNIFORM
MUTATION 	STANDARD
REPLACEMENT 	WORST
ACTIVATION 	LEAKY_RELU
COOLING_RATE 	0.0011
TEMPERATURE 	100000.0
TOURNAMENT_SIZE 	90
maxGene 	3.0
minGene 	-3.0
populationSize 	110
maxEvaluations 	20000
mutateRate 	0.95
mutateChange 	1.6500000000000004
seed 	1646684373006
random 	java.util.Random@3ada9e37
numHidden 	14
numGenes 	129
Training Set Training
Fitness 0.012237843588376013