12.145598932477297,6.571278363136495,-1.1734062457096055,-5.0288845837593215,-0.03214587706466254,0.5147024236970097,-7.607214902566801,-19.48390248191047,-3.2789562934218974,-10.468516505023741,2.8373890081904856,-13.677779112165606,4.295239484616991,22.448715320463954,7.7393296763700175,9.57220064373725,-15.051868888554445,-3.4509140850022906,9.205049569139419,-3.3611765993083305,-15.897618200663455,0.7228055661384651,8.831426489563256,22.254714540683587,8.248166614402619,-5.312404343943113,-4.795167103504458,-10.950769820902943,1.7068914022699575,4.533246267865626,-9.475242190976118,9.04916834541993,0.4887892859072718,1.6056565325086192,-3.94062444842164,3.9951781874822743,1.721262656487875,-3.6388783049690847,-5.333102316169439,-5.183967108425318,5.068086372543812,11.070492903759378,8.727437913423854,24.202415117881905,-13.174680341465129,2.3235466788424874,-7.587156869770395,-8.315932587197889,-10.76688360330214,-10.192729353732796,4.384970153189068,11.196153131654386,0.7354013822169856,1.831156624316355,6.862572947339476,-12.380025269784245,-11.050164988199422,-6.755682962347013,-6.9929225241464525,-8.469321507914078,-8.79039248023526,6.871944825675671,1.8372659575765482,-11.43445526682956,-8.471928108054469,-18.315963765105835,21.027049964162032,-8.87985191859429,5.37354600061888,-3.1866182308716873,6.459229717658694,1.5735959274583866,0.5053011780947578,6.941595593023678,-9.728934891510926,8.70943215384299,8.70570191920088,5.224432826311283,-1.3018372601464883,4.100209693655236,-6.1071922364751074,-6.246891140424463,9.415642768727558,5.690536262348775,-2.5885738234519575,2.483884252465262,9.757967639671046,12.167691226097809,3.251772469838599,9.94122626364594,-5.5312585933448934,1.000709551786775,-5.466434253650992,-7.310385925296979,2.274160753231998,4.439258568086482,13.419311549171208,-1.6286854976530023,8.826975661519025,5.542067235353563,-2.2112131455290065,4.724423822396885,-14.142891030776797,6.268562613663484,-11.539103836208321,3.1358474688835933,8.414216543986239,0.37143464263238,-1.031101888145045,7.148969537718057,8.207414756916705,-21.95953965384875,-16.138527639563666,8.927659233561327,-5.766935518486403,12.454734696486643,2.628246550467556,-1.835902665462969,-10.540621728556522,9.086396482884059,18.070533541797985,-6.216953292715271,-4.648120015254461,10.03659663938933,4.706019011611266,-5.701844556405913,-4.456440370251705,10.457272720734792,5.6458049120310845
neuralNetworkClass 	class coursework.ExampleEvolutionaryAlgorithm
INITIALISATION 	AUGMENTED
SELECTION 	ROULETTE
CROSSOVER 	TWO_POINT
MUTATION 	STANDARD
REPLACEMENT 	TOURNAMENT
ACTIVATION 	RELU
COOLING_RATE 	0.0011
TEMPERATURE 	100000.0
TOURNAMENT_SIZE 	10
maxGene 	3.0
minGene 	-3.0
populationSize 	110
maxEvaluations 	20000
mutateRate 	0.95
mutateChange 	1.6500000000000004
seed 	1646684373006
random 	java.util.Random@3ada9e37
numHidden 	14
numGenes 	129
Training Set Training
Fitness 0.0767311213465384