-0.14934155913038616,0.3527395482425596,0.14343882801381802,-0.6021568519829454,-0.3667905860929024,-0.40718179335118787,-0.8440119425957094,0.0629847329131753,-0.5213496992296811,-0.8921923371841806,-0.26729604135303164,-0.7313885518956067,-0.6095541955249042,0.7354355282692163,0.7431398989533101,-0.3220610802025876,0.7165448072811181,0.9782518022834698,0.18654310925078532,-0.9099700142335262,-0.15098815506841512,-0.6968528193266184,0.2243492174768974,-0.3009127782912906,0.33464142958939613,0.7129920490934426,-0.265696563470593,-0.9976200742122877,-0.02706719535768909,-0.4316278921754142,0.20493360607152467,0.7421829269939227,0.3819762088160902,-0.5818719680558209,0.05175118113162702,0.9904029985127966,-0.2533157618127222,-0.836652796646998,0.32452967170122593,0.22423659837591436,-0.7528729156082689,-0.28127313266680365,0.003963792826016221,-0.517457828398384,0.41801231580834564,0.5593192756022266,-0.31893853633363545,0.8679165750551311,-0.8371342565263159,-0.8194950266233177,-0.5005898282888068,-0.7383747440360897,-0.7649545110345831,-0.19407864981260858,-0.8469753960923662,-0.47019732065151376,-0.2539456399831219,-0.16938344186151233,0.7270203285907185,0.1062041712275118,0.8701959005777148,-0.5126896218945991,0.5751143113730689,-0.5281197655501937,0.7344180391836471,-0.6330915998055016,0.0888519795512136,-0.45269779740960625,-0.9046498142469822,-0.7111659976087059,-0.18162109316777864,-0.6639141629491438,-0.019478629506375356,-0.8853124273341105,-0.8185600884999306,-0.2583038446560262,0.09485442015077494,0.05898667253379808,-0.3919588457558627,-0.3980793044436204,0.4585536695940816,0.3443414934771173,-0.1366098651570382,0.4555389137884679,0.19675136870221543,-0.058366938699347726,0.15698958760906423,0.8232843561397284,0.4786163338193853,0.22414661945543657,-0.35306839603161055,0.8814803204482565,-0.252449778282575,0.7218199733789822,0.46608120721214663,0.015375977334551538,-0.2472674315119292,0.0727752659955897,-0.7946110710857951,-0.0453738157021899,-0.6189052292655699,0.15441549284265432,-0.5108097524251602,0.5739209934676063,-0.7882378420031534,-0.25651406002573984,0.5939302561027181,-0.2555546402523008,0.3925004552767949,0.9296443912912967,0.6197100310562756,-0.16901989298567033,-0.881213887374832,0.5199688494303109,0.5521144082347799,-0.09267443815207899,0.3106271340238139,0.7838505194951203,-0.08570463829132136,0.4366968175092737,-0.25343580603527593,0.10376222271681101,-0.1881114243958506,-0.7120268469442166,0.07808916524610432,-0.36400651715834265,0.8259396922650682,0.6012091975610004,-0.07945789491040145
neuralNetworkClass 	class coursework.ExampleEvolutionaryAlgorithm
INITIALISATION 	RANDOM
SELECTION 	TOURNAMENT
CROSSOVER 	UNIFORM
MUTATION 	STANDARD
REPLACEMENT 	WORST
ACTIVATION 	ELU
COOLING_RATE 	0.0012000000000000001
TEMPERATURE 	100000.0
TOURNAMENT_SIZE 	90
maxGene 	0.9999999999999999
minGene 	-0.9999999999999999
populationSize 	110
maxEvaluations 	20000
mutateRate 	0.95
mutateChange 	1.6500000000000004
seed 	1646684373006
random 	java.util.Random@3ada9e37
numHidden 	14
numGenes 	129
Training Set Training
Fitness 0.1410926187466947