20.565652962237934,15.711978322135975,-16.101563479882053,-2.2092651591305055,1.066509097478228,5.142549613860966,-6.753678655752939,10.810170038089126,-9.974634894200832,15.384045015993925,3.044476796892109,12.244389361314635,-8.790163069649816,9.65683530755557,-24.02177329273819,-0.7894804035307406,-10.206521081936025,-5.750732444038774,5.7387132231326765,-2.0647212782248,-1.579376995625557,21.087503757024848,1.8652434935377098,9.684577322362083,10.369540956963602,-6.06063988226175,-23.64622268311245,-3.0428051781169465,15.773685026867796,-1.116236153612964,0.37698426969628596,-7.820318768900657,0.06512666673159018,6.703308108146588,0.6434061098513375,5.276027721284837,12.649591302208242,0.4155431046340716,9.953685090868442,14.47701965452657,-14.618290568488186,12.826380172804217,1.2381592130487906,9.22707412024154,7.65127740938634,-6.641820817550828,-5.271269260799237,7.712796469216251,-6.29485846207238,15.656500367085789,-7.776301440906558,-2.25514198930588,6.1799934820606754,-3.835362788759708,-9.85103188055255,7.101748374788183,-2.0449247294110915,-3.4915280142220375,-10.782102461403875,-17.981671538189325,-1.271424961240319,1.2788377119063536,-0.2565057720066397,5.416560281582854,-13.880361893925445,-2.041567853198167,-13.37355398414209,8.94208251387558,7.459401397229113,-3.126476054449599,-6.112593797220618,-8.114385471296057,1.2377376302625835,-15.64129210256364,4.9767771568887245,-5.675325968130512,0.4020038970048736,5.159252317560326,-15.512339121899629,0.4830654259219642,1.8632485127543292,1.690956517098864,2.225463173486805,3.286470442042848,-1.157543651010272,-11.375126214224018,-9.110869628121911,4.168596199293237,-5.212228835699975,0.15167241257104092,5.823336323151693,6.198008670436983,-11.830116910084154,-6.147117251718349,5.475173619611576,10.982285917437853,-6.572270037510741,3.6358068377968653,-7.197884840599952,1.524702076901697,14.744913816271376,5.514722923533162,-12.750724279855609,9.10801323965547,-5.338170406460664,-0.4891696721953753,-0.29542767510446133,20.472439871570828,1.3413885492932422,3.9746911713946904,-1.3318437555283005,4.743400342788873,-18.415441809963333,-2.583072583492637,-2.9894865684145078,3.6416917406728704,2.9051775038919914,4.439815956449676,-9.114056631900056,-12.87869415342541,-2.274923725978814,5.023699743010292,-3.6361405581336133,17.954878361227358,-8.543221728820662,-11.419574172611476,-16.504124464131685,9.36639124387965,-8.989729464844926
neuralNetworkClass 	class coursework.ExampleEvolutionaryAlgorithm
INITIALISATION 	AUGMENTED
SELECTION 	ROULETTE
CROSSOVER 	TWO_POINT
MUTATION 	STANDARD
REPLACEMENT 	TOURNAMENT
ACTIVATION 	RELU
COOLING_RATE 	0.0011
TEMPERATURE 	100000.0
TOURNAMENT_SIZE 	10
maxGene 	3.0
minGene 	-3.0
populationSize 	110
maxEvaluations 	20000
mutateRate 	0.95
mutateChange 	1.6500000000000004
seed 	1646684373006
random 	java.util.Random@3ada9e37
numHidden 	14
numGenes 	129
Training Set Training
Fitness 0.02295509174472336