-3.2054181534872974,1.583605184422232,-2.0427137692066273,-6.035040454713995,6.9121521077458326,-1.7897987371380317,-3.719766809647913,-3.2601783777889226,-13.29897805539779,9.373026370052276,1.1525579607754048,1.4548391524929363,-10.098269688148438,-9.537373838508156,-10.475791773506005,-14.815448639164735,4.582474538051498,11.704664577018795,-10.1576764623756,5.007917279242168,-2.2402849080318,-4.80293157645564,-3.8834022279778537,-11.025396305727833,15.180521914984473,1.7376210712519597,-3.0183935911692172,-1.6679471196179492,1.5334952499571788,1.4532725249806537,-8.267107115647082,-4.779503754458525,-1.3656081924820311,1.2186045098542388,5.311655233991687,-11.311999672139578,-2.9006169472868164,10.114561698999312,3.7484213787746015,-0.4899446426241969,-6.67682962641659,-11.920268262823178,12.79914802267639,-0.18186315623316407,-0.5790227940162476,12.045128457503361,-1.3322749004459133,0.09909384167529289,1.7727370583673157,-0.3803949216858742,-1.2930853473938644,-10.27786195214278,-3.8254087753139996,1.3566953618363229,-11.774700341235441,-1.867368740298816,0.007108482003534533,6.3848533263818545,1.2008655730401956,1.1717892685493485,0.4714348403269213,3.3717332145659533,1.3623838509343487,3.788843177237794,7.673879005299542,-7.080675857024973,-4.6021860873558875,2.7571200920337624,5.056235643569158,-3.1995753646540415,-13.715513525352028,6.237927864020165,7.823445522461013,-1.4018845116157816,-6.491121230090064,1.4560497180223102,6.361988790303334,13.148559951235573,2.1543379211914453,-8.091922823300187,-1.2782961088017348,4.363633094651261,4.983157003752055,0.16973053419409556,-11.299477825095108,-15.226446555026525,-1.5750460157888453,7.395850261389114E-4,-12.124095352473594,1.1808621613066856,-10.443648885406272,2.9157772901062913,-2.031435592701798,11.305767097222034,-0.23250034719015655,15.197362643779778,1.853355210006728,-9.720959811477554,5.409040596152929,-9.378430225631996,-5.400996743213975,-4.397670446646121,1.7986401006501556,-9.900197496433083,-3.227343502097165,3.1969186894280206,-5.410715571291278,5.409815955631878,-3.7129778235711903,-0.349362504499628,-0.43793362579096673,0.14658773618884435,-0.0028390018741912826,-9.451198579480124,4.754242085116225,9.968563696837604,6.12080197190517,-5.4612726260486575,0.5688836811871534,7.847225452145526,4.910340178619766,-3.071453691351417,-2.2144993243521967,-13.252152238136725,20.34647563096931,6.9097046696849285,5.301549129545755,12.02673665518186,7.952748542342308
neuralNetworkClass 	class coursework.ExampleEvolutionaryAlgorithm
INITIALISATION 	RANDOM
SELECTION 	TOURNAMENT
CROSSOVER 	UNIFORM
MUTATION 	STANDARD
REPLACEMENT 	WORST
ACTIVATION 	TANH
COOLING_RATE 	0.0011
TEMPERATURE 	100000.0
TOURNAMENT_SIZE 	90
maxGene 	0.6
minGene 	-0.6
populationSize 	110
maxEvaluations 	20000
mutateRate 	0.95
mutateChange 	1.6500000000000004
seed 	1646684373006
random 	java.util.Random@3ada9e37
numHidden 	14
numGenes 	129
Training Set Training
Fitness 0.01876690793639815