1.0150211707872892,3.3080540775910485,0.8337534024749362,-1.6976945633409306,0.15929696575623176,-5.513930454324201,-4.737602850033811,0.6564837615833112,0.9925626504948184,2.3223502292103646,-5.226638175639381,-1.9110765711422752,-0.7736167041508502,-0.7777672883469567,-0.9067464070547615,-1.8781063408878458,-0.9328176957702983,2.6223294624452933,-0.0739143840822516,4.938396192793063,-4.0118137437859644,5.7479680211789965,2.1541168285497214,-2.507262697315456,-4.020770768483941,-5.032793217864899,5.064555047967213,-2.751262823119779,-1.8005705531857243,-5.701041372181633,-3.4757937714205664,7.895490762681966,2.8050158434955925,-1.704354892267224,0.6776686195325241,7.159735412546495,5.634347787474099,-9.053806212725245,-1.5893146006712033,1.2155215224458695,-2.2455623612885254,1.483082990115463,-6.251214793823859,-1.5639783614376719,2.758050212432507,-5.2224726869217974,-0.9476447616081085,4.888956236891883,0.8477194980392895,2.7697897571411545,-8.277191616754415,5.8462528630854305,0.4027896372418658,-0.593005030946419,-2.5994803253629435,-2.339802515871348,-0.9521501419887608,-2.2512892666456246,-0.3862753423327385,3.85247708681132,4.925702663668607,-1.249046701313815,-5.721413008995151,0.9691523994906037,0.7752662749977168,7.302165097287199,-0.7958417863561431,7.073741736016016,2.274581257285534,2.960101862509762,-2.5280311376266544,8.932236059042108,4.931354320637762,-4.823541469979995,-1.4114951255312391,2.4380073053667815,-4.711760466034515,-0.6035477073958164,6.349839725022545,2.0812114439798592,-6.542677498581405,-0.5165262898133038,-6.088792367506427,-8.163570523835478,-2.09196248256323,-2.505694505421922,-4.179680868517506,3.273929106310759,5.905015604731805,-0.7816993846263829,6.201736225944758,7.494071671829818,2.4271245421741394,-1.9056991021380698,4.570639245360907,2.941028382133182,3.596229119602814,-5.218030538420493,-2.192166453240813,-3.5288889370236403,1.1539652515705061,-0.11040125803975354,-0.6561395869430875,1.032663496416394,1.5470868512992206,0.3483487622264003,4.278590747187026,2.6085997603664444,4.266709956692317,4.073259195180205,-2.3963030181420617,1.0293160926816372,-0.8159549812354552,0.7142706678364803,0.59891423166304,-2.7171551809601553,-2.2150275603257645,-7.2241199763577555,-1.4109841010050301,-7.569242364212297,0.6780842239260321,-2.8780533807921618,5.7269468338284515,0.7824682405677521,6.435577309782776,1.4825554895029667,10.859570723089162,0.08722311691645279,1.4736529543521382
neuralNetworkClass 	class coursework.ExampleEvolutionaryAlgorithm
INITIALISATION 	RANDOM
SELECTION 	TOURNAMENT
CROSSOVER 	UNIFORM
MUTATION 	STANDARD
REPLACEMENT 	WORST
ACTIVATION 	TANH
COOLING_RATE 	0.0011
TEMPERATURE 	100000.0
TOURNAMENT_SIZE 	90
maxGene 	0.9999999999999999
minGene 	-0.9999999999999999
populationSize 	110
maxEvaluations 	20000
mutateRate 	0.95
mutateChange 	1.6500000000000004
seed 	1646684373006
random 	java.util.Random@3ada9e37
numHidden 	14
numGenes 	129
Training Set Training
Fitness 0.12309924819318438