-8.283131539254342,-4.184144340037857,9.242155930042838,0.8005041700065068,-13.423436579703566,-11.971143551538159,-7.154737447757023,0.9942006518577684,-5.470807092654271,-10.808440491137535,-5.169426414893643,1.9027370262405094,4.212052019431193,-3.5896346541781163,-10.590879805536169,-6.090845710059216,10.87494196519206,2.4288364207074054,-17.618848843576757,8.607349771194913,-6.260227937939425,-25.75750056357272,20.65869288809762,1.1998278577953165,-7.019143604323734,-8.985906765136688,-12.1734652451472,10.398246166957303,-2.394005011254423,7.27999758382488,5.050049811866989,8.991125594696248,-6.371804290736101,-5.436031534865954,-4.74572214426936,-5.7752682676054,0.09015824219216206,-3.847804635962797,-8.822787966249988,12.237277303441829,10.838407639022032,3.484088155027533,-3.8087528576710525,9.843234622646106,-0.7087698399901354,18.97609011593687,2.090262074897426,2.3836886819389695,-17.34567035448817,-9.37879439049997,-4.694173891843777,-10.359698794997469,-5.089611206165635,-4.705179076489559,10.794532405613504,-9.095402443470716,5.943485142220984,-2.1522127202229306,-2.320520577941494,-1.299071867204388,8.706576394039988,11.080626227568557,-7.567564238121545,4.280597673394055,2.250037108359004,-5.931892467664559,-3.4507603927792845,-22.71370578351067,10.701492409404452,-5.908658853939081,-12.550500477310164,4.180093917198679,-3.828038683745463,-2.965085406453527,-0.8273204106269283,15.684953878696232,1.7605876499225968,0.7694979903145578,-0.7038334848398904,4.658750181181163,-3.5599983535374644,9.215730505373067,0.9669326802024125,14.401555388001746,3.4766216425676273,-6.32690906123325,-0.7330750802183861,8.390993027688289,-0.6250296116274399,14.74784718990558,3.3233231489419914,-7.7028544459881445,3.9823462901325026,6.827069234679616,-0.5716696866516129,4.447633540555715,-7.200044283695841,7.621081324018661,-5.500830351505832,-2.9048756085685854,2.46887769903731,-10.515380503121252,-13.762519102280622,0.48366986758576225,-16.61600131246243,6.627350554067772,6.388323710286409,-18.833088847533688,8.586319241531758,-13.56269883272387,2.802510188708995,-12.049667190184344,2.4438026526202474,12.266133409180743,-9.07799336780255,0.41138510124650907,10.8031978224867,13.363096831609147,0.586658138783656,4.195437268754342,-8.319962530899074,-7.505124422826405,-0.7484939054144295,12.342163129917571,-0.5487236284995687,1.0014400811502226,-5.992515523887988,1.2661016549608721,-0.9751993807297095
neuralNetworkClass 	class coursework.ExampleEvolutionaryAlgorithm
INITIALISATION 	RANDOM
SELECTION 	TOURNAMENT
CROSSOVER 	UNIFORM
MUTATION 	STANDARD
REPLACEMENT 	WORST
ACTIVATION 	TANH
COOLING_RATE 	8.0E-4
TEMPERATURE 	100000.0
TOURNAMENT_SIZE 	90
maxGene 	0.9999999999999999
minGene 	-0.9999999999999999
populationSize 	110
maxEvaluations 	20000
mutateRate 	0.95
mutateChange 	1.6500000000000004
seed 	1646684373006
random 	java.util.Random@3ada9e37
numHidden 	14
numGenes 	129
Training Set Training
Fitness 0.03230870260136666