-9.802676700261314,4.275318069853293,-3.558316964877889,2.808605612142662,-15.714061630034237,4.66700543577744,6.3162506448096245,-6.262009879500994,8.085226957943547,-0.6854936974882886,7.807293314156384,-9.789273508926279,5.613550083119961,4.108359272561023,-6.2918115200154165,12.775250429801389,6.239010357303952,-19.666604375505393,-21.28369629253519,20.20712075117948,-1.9115481953889235,-0.4229033422196391,2.629116065665338,-2.006149163008505,5.44831217221766,23.776064811815374,-3.234397734838332,4.063488036527627,-14.145857889591923,17.60982617399442,-1.4256400947357522,-3.945756394499277,4.029277199582944,10.736726862073867,5.072346282878057,-6.92322773800668,-6.615679774941222,11.43973316504453,12.328038962706431,-5.937503011241612,5.52776404636542,-4.239506623322178,1.3602467198228663,-2.229328310339323,13.814255584800655,-2.501936334679617,1.418721689269443,5.943673144498158,2.0706744938720236,-2.4657496986992884,6.245142967449667,-8.29569364574279,-2.7086275049287236,8.12056457597888,2.2329668215153946,-1.2692912410056376,0.6325892786412961,-1.1776651924031674,3.862058078644658,17.773733117968327,1.962235080538246,11.96356818358018,-0.92106058748913,8.648485722321382,-0.5151002092199146,-5.598301527616,3.8259205663889846,-0.41400518716887813,-8.736878049752445,-7.2155933644379395,5.84228544484796,4.572780022743532,7.494622083684718,-9.148754669679334,1.6681414960025425,1.2353905771073679,-4.018623464030387,3.440845585603986,-1.6735430205998583,1.893776514253009,12.64008059491303,-5.4999671379858075,-12.358767958850583,-10.338343876287503,-8.445278680652269,13.164223651482027,-2.9803285881563326,6.713835713706602,-12.089349479756148,10.939022392523384,8.583651971147958,-12.930260159893525,13.025724543433835,-5.489014129713958,-10.76930575722034,-0.1407985114272643,0.8577442290336323,-18.898933350732342,3.4370745526899675,6.140863770647788,-2.0813959073589823,-1.4027024299171984,-3.0643668196814655,10.585336998733675,11.714230618203198,-6.036177838699965,18.45825596422746,0.314556051368573,-9.694440851645526,-13.728572933586214,12.277930254049409,0.0055756522906369455,7.449475341063027,-10.269725438119403,-4.532303639839688,-5.628657716449666,-9.770185293438255,14.928584899112535,14.513738909889955,3.4227747517411125,-2.4228124550443093,-17.058437445942097,-20.972718467550607,10.345784070087058,12.002568536563677,-4.727094262047563,9.494875670465817,4.243660333911954,6.083262082103886
neuralNetworkClass 	class coursework.ExampleEvolutionaryAlgorithm
INITIALISATION 	AUGMENTED
SELECTION 	TOURNAMENT
CROSSOVER 	UNIFORM
MUTATION 	STANDARD
REPLACEMENT 	TOURNAMENT
ACTIVATION 	RELU
COOLING_RATE 	0.0011
TEMPERATURE 	100000.0
TOURNAMENT_SIZE 	90
maxGene 	3.0
minGene 	-3.0
populationSize 	110
maxEvaluations 	20000
mutateRate 	0.95
mutateChange 	1.6500000000000004
seed 	1646684373006
random 	java.util.Random@3ada9e37
numHidden 	14
numGenes 	129
Training Set Training
Fitness 0.018210210689090827