1.9663324448171196,0.8504221823027365,-11.225151098198106,9.713897999163095,25.59054748267843,2.813724997631221,-9.543118997368484,0.4485642449676579,-12.94882410246094,-10.07089790308739,11.070640969382046,4.546003735466608,4.37744754721327,16.146720018517506,-10.77922553226731,12.662927328292184,5.436112810465829,-0.12631517586789265,-14.683731374699688,15.328221187621287,-9.663976004473287,2.5588974121169406,-3.7187786477380698,4.817833091285838,-5.172751252217315,-5.795295677120736,-3.468074806753391,5.559344675919952,5.760254229773526,10.868250541056641,-3.743685491271288,7.082451810062983,0.23984317760002138,-11.624798492113884,5.507212067830949,7.697590412375076,-12.509838857860409,-7.409232406192656,0.45870569082030066,1.2634645486820046,-8.158761238320734,0.2777322486531473,0.5253724776888538,8.395245835137345,-4.6958316826911055,-13.031552297246035,0.7069617935766548,17.368728327172846,7.221159405575202,-6.462469029578637,-11.553464322188038,5.341743152055908,14.358355638423165,3.6842544177217516,11.87796073790895,4.942646768787771,17.653437868715983,2.1183953924586802,-4.360969803081614,4.466717370429631,-0.1633238704167912,-0.15942887969419672,-1.610609870847803,-1.0251930159127456,1.0632379137180532,-2.0821470901846535,4.4478328793595665,-4.79538762429517,-4.473802740422617,-6.07228081309278,0.15141072410711764,-1.1165546059256064,6.013830945091131,9.2281710693048,1.5392136437791981,11.872397079604815,-1.1185704484571755,1.7591022788294488,-3.9234521190348666,4.025305529867383,-22.62300882214283,-1.6602231073043896,-15.38936190643784,-10.238044665442906,0.6918045162508992,-8.850460152784173,-11.613127912201435,6.733449304129426,-0.7989276292210432,8.56364432392356,-15.445007673066126,2.948710070281754,-2.6836361850505757,4.113350504269437,-11.84246660196117,-4.415414448295156,11.44082582848434,9.449214419199048,-11.581807962955512,2.618045930551996,20.499724128144578,5.1087492873093305,13.485709661630532,-14.402522620615803,2.1130261493498717,3.724410998987153,-12.9607639075255,-6.988907658794625,1.933377445784422,-6.94487852123895,-0.27596684323307485,-2.8860086377119893,2.741963574063824,20.934312312718504,-1.6382289752659815,9.941428918132202,-4.523607895406849,7.649733924095182,10.217556449667844,14.31434972446049,3.508867668296391,1.0550432680510955,-1.5937746832088528,-2.815723289058668,-1.650425041429754,2.810447986026702,8.883321953194965,3.3681510892614845,-1.1306755422486585
neuralNetworkClass 	class coursework.ExampleEvolutionaryAlgorithm
INITIALISATION 	OPPOSITION
SELECTION 	TOURNAMENT
CROSSOVER 	UNIFORM
MUTATION 	STANDARD
REPLACEMENT 	TOURNAMENT
ACTIVATION 	RELU
COOLING_RATE 	0.0011
TEMPERATURE 	100000.0
TOURNAMENT_SIZE 	90
maxGene 	3.0
minGene 	-3.0
populationSize 	110
maxEvaluations 	20000
mutateRate 	0.95
mutateChange 	1.6500000000000004
seed 	1646684373006
random 	java.util.Random@3ada9e37
numHidden 	14
numGenes 	129
Training Set Training
Fitness 0.042385445874852955