4.427277622239048,-2.3149881339783844,-1.749012816096192,5.579043608906218,8.952109867802728,0.546220887496009,-0.6796446817340156,1.5681682568242228,3.067179866539628,1.687085553982698,-8.758910302584802,1.472314482855725,12.136400765749011,-8.999535125673843,0.739740667054714,-2.032868337742789,1.3646863437450172,-6.719633018844039,1.514732186384808,-2.644194006097481,5.0023395465077645,-6.632763809542284,-2.073812004549707,0.6060172436085045,5.5840005675878,-3.955342517017996,-6.336493896021415,-0.06439746526354462,2.0732972025660628,5.632449250341594,0.13760503032867177,-2.801069976522948,5.048402330625798,-3.00232238718538,-4.466171668274516,4.977546418171902,8.977766484249265,6.6816876903734075,-6.299443637982588,8.580225597304333,2.049355322575648,-9.182189556984047,9.287636109185557,-3.440892741449276,5.03078442726354,-1.6090346984073474,0.5878038336214289,-8.849821569939714,5.201806905689375,-8.533057613885367,1.6233356853570355,6.797911215931167,-3.935328877789619,-4.954290612689739,-2.5907737989442037,7.475434888543088,4.501928653635934,1.7696517704408006,-0.28674484652095744,3.4631805595037912,1.8653350163663314,-0.5557831096529835,-10.627632604065756,3.450501623686145,1.0435485789704932,-3.84500499469923,-8.586148945301835,-2.5736667026195477,1.3703944956188971,1.2918332352142268,-0.031136054642896704,3.476519064919552,-4.2004752357001625,3.9171404628169153,-9.24508122881879,-7.243006968825766,13.635365953405431,-0.9078962349971107,2.393001131086791,1.2135701045375615,-0.7756895956848888,6.851099971100112,-8.185942954839083,6.970658937488357,6.324168225676122,2.291147682549928,7.048648096447748,4.062773865249467,10.83396008108865,1.369807962433848,1.5326362987899778,-1.315714072556327,4.580193562965128,2.2315049120895583,0.3008218768294828,-3.2655853353716644,8.019827792406058,2.358798326109449,-1.270479182891215,-3.813975077874468,3.7841946967258746,-4.378294530906716,-3.0718695928423756,-5.441643823076721,0.5022058760373733,7.324728830777512,2.1187948623929147,-0.6746267406831716,4.4052387074563555,-8.172188448149209,0.23234416034650884,0.04299075097764904,0.18015595768577786,-2.305996702914717,-4.262257205893317,4.679985395895674,1.3009770252728616,3.94318219283474,7.911347197274874,1.2889736582211802,-3.91621930403106,-2.3822586264558643,-3.008666987610708,-5.194606448284279,0.5734819009091248,2.7927105761133424,-2.798283492562135,-3.13600706718669,-6.114812488223873
neuralNetworkClass 	class coursework.ExampleEvolutionaryAlgorithm
INITIALISATION 	RANDOM
SELECTION 	TOURNAMENT
CROSSOVER 	UNIFORM
MUTATION 	STANDARD
REPLACEMENT 	WORST
ACTIVATION 	TANH
COOLING_RATE 	0.0011
TEMPERATURE 	100000.0
TOURNAMENT_SIZE 	90
maxGene 	0.7999999999999999
minGene 	-0.7999999999999999
populationSize 	110
maxEvaluations 	20000
mutateRate 	0.95
mutateChange 	1.6500000000000004
seed 	1646684373006
random 	java.util.Random@3ada9e37
numHidden 	14
numGenes 	129
Training Set Training
Fitness 0.052508828315486866