6.634140852137042,-4.938777096797871,-1.7295202801274687,-0.032453170625469596,8.325467529426568,6.6882999051393615,0.010317065729187114,-4.918769907894707,-4.850207718902242,-8.181775253532072,1.6158108748727518,-1.7283009410287775,-4.864856207990614,0.08809278616235972,-0.04069279640654422,1.6230411329350751,-5.035135909683182,9.836883143134834,3.2720371705210765,1.6086322820073466,11.583665267425417,1.7340539986896593,-0.06188065798668596,1.744894903559901,-11.550035278749714,0.09053250820633352,-1.679829182152564,-1.7175661179529609,-3.3990886387902934,5.041021438612195,4.993974664833721,-6.567835739912271,6.570147901096627,6.5679899462149285,4.9714088990639205,-6.6913856013154565,0.0282372054027471,8.175411252643489,3.2988502426900075,6.563408775358005,-1.698186494259267,-3.285744739314627,3.3825235618143044,-14.820995120303147,-6.530097916723483,-3.3380604862007424,-3.28722426807902,0.09607896956157003,-3.3155161632258467,-8.235612856650812,6.586010542180345,4.9575258134954066,4.967263946484049,-1.6379641954315183,-1.6939710031397928,-6.632142245801861,-6.504263297000122,3.290086938827395,-3.2642227904007717,4.988858883553068,-1.640978684424339,3.318479932502153,-1.683988083912368,-8.279329696892153,-3.3124235617048035,1.6285211577262322,6.569151422959083,-8.297947188930284,8.340783775103986,-3.3892069307438835,-11.485412386892886,-3.345606309771598,-0.0774758029327689,-6.5370859838562705,-11.464007541917876,5.041094537983479,-5.01274765915003,1.665914506521819,3.311660337759389,-1.632702574141966,3.347708708348396,-6.525558758412954,-3.304314818876523,0.054476970397216995,6.600290941684391,-13.131304690549507,5.020779326752817,-6.559753776374876,6.645238795493767,0.034956397966484865,-8.167201148225182,5.025794574760623,-11.553829743655864,-5.033259865979657,1.6625477876651331,6.5716962327627595,-1.6028611530020633,-3.2399190258635198,-1.6078083541357309,3.3773980573082367,5.04526519085122,-3.235871584063452,14.781618315427016,3.220515968051262,6.603128573705584,-13.107810480058111,-4.865657702366989,5.029139340117566,-3.272512833181758,-1.6014537771543873,11.453056042102803,1.6136631884182968,9.839528215581515,6.682821004204394,-3.238310017427569,-1.555761815012895,1.6167325793840353,-6.5036400121152695,1.6038506158927062,-8.224251000227081,1.6475704990418265,14.944047739702132,1.6667638157703335,-1.5556984302801018,3.2076285786318977,-8.299836606004103,8.325358454713031,-4.91247959524906,-4.96059942195264
neuralNetworkClass 	class coursework.ExampleEvolutionaryAlgorithm
INITIALISATION 	RANDOM
SELECTION 	TOURNAMENT
CROSSOVER 	UNIFORM
MUTATION 	STANDARD
REPLACEMENT 	WORST
ACTIVATION 	TANH
COOLING_RATE 	0.0011
TEMPERATURE 	100000.0
TOURNAMENT_SIZE 	90
maxGene 	0.1
minGene 	-0.1
populationSize 	110
maxEvaluations 	20000
mutateRate 	0.95
mutateChange 	1.6500000000000004
seed 	1646684373006
random 	java.util.Random@3ada9e37
numHidden 	14
numGenes 	129
Training Set Training
Fitness 0.055696689389935106