5.547775980716873,-2.3767091972447787,-9.432494566397498,-1.1228100512350476,-4.3512211552802516,0.41261595397959994,-0.5103431125283766,1.2952934292795613,-1.7576413733614036,-0.20360008222486647,-5.568508222885444,-0.35215217526926335,10.177595796646292,-11.343184831791442,-6.982138850282313,-10.95592911998324,6.740673428099363,13.326336775888423,-3.7733119298997693,9.901922109739424,-0.9382217674197557,-17.021023995513268,-1.4732682023984056,-2.0102626764544826,-4.029687637814421,-8.03006533732945,-1.143441609785481,-2.1171884591703583,-5.160714542360012,5.689940070905616,4.076992958846866,6.848847552313486,-2.944932102312965,-5.991667435476359,15.249641800698923,8.058997654218818,0.1940003411935738,4.936790917827967,4.364384217080627,-5.045959758118483,0.08266524961742672,3.4033917903666584,8.40904749615929,-2.1719557435331716,-5.436059880404539,-12.065485367038495,-11.955209785676681,-5.575312086110354,-4.313735959426687,-9.10008730503229,-1.528968434063386,-14.82578996252782,4.828861471697801,-12.415913947416149,-4.6159225112289946,-7.968215141264628,5.070979829470488,-12.845096964894095,-4.696093900639801,-6.289075703663507,-0.34148943092598927,-1.0917692358995423,2.5638881545727212,0.4383232542408506,6.866674710538741,11.475146181692356,-1.4714698289595143,-4.96062359917623,5.502767354499694,1.0861129141848291,2.774640751521595,1.6964080324900888,10.038267812662896,2.194320874009918,0.19163294173291945,0.2544678904877835,8.05493435723799,0.8681987950269816,-11.623011925982029,-9.667640568268535,7.634815176132424,1.1709213233268545,-6.476781265204878,-14.420621476313157,1.7194200973766058,-7.147453788981563,2.5629818899907306,-0.19894567803148,-20.041390914131036,-1.2117718281281,14.509304073429325,0.45999511895463563,-2.1849328148921208,6.553769658004407,-3.251804937530184,-5.259244437000659,-9.464452815419929,-5.412419562350902,-15.488762996351525,-5.999546140862774,-6.654625416926433,5.195931210143074,-0.723949718838556,-10.490320386700231,0.6680208369410909,7.916197961642821,-12.787151872125559,-10.328953982588704,0.5168647456330921,0.11060727763288725,-10.534393928308981,-1.1144474097359005,6.301573151699987,-5.579195237927369,3.226683852920509,4.219736593421743,-8.413154837218416,-22.02861895309877,2.334049826307023,-9.14059553624336,6.886576693090747,-10.381696794360858,-0.15942832934268303,2.1685465935140074,2.8218143430835383,-4.303989173879998,-10.474852298833165,-7.49514840459115,-1.5338197009869887
neuralNetworkClass 	class coursework.ExampleEvolutionaryAlgorithm
INITIALISATION 	RANDOM
SELECTION 	TOURNAMENT
CROSSOVER 	UNIFORM
MUTATION 	STANDARD
REPLACEMENT 	WORST
ACTIVATION 	TANH
COOLING_RATE 	0.0011
TEMPERATURE 	100000.0
TOURNAMENT_SIZE 	90
maxGene 	0.7999999999999999
minGene 	-0.7999999999999999
populationSize 	110
maxEvaluations 	20000
mutateRate 	0.95
mutateChange 	1.6500000000000004
seed 	1646684373006
random 	java.util.Random@3ada9e37
numHidden 	14
numGenes 	129
Training Set Training
Fitness 0.029199064039641447