-11.173800792152688,-10.096929313294929,11.497166218027017,3.4190912661219164,11.724817980961959,6.215358733974524,9.376120281971856,3.2059746730618013,-9.806739198435855,-15.454150420918616,-14.33283721640379,2.423129958740148,-11.158109430952635,-6.007591010344942,-19.531955658415562,2.0247341826992686,9.834089678537639,-12.832923208487532,13.573792767283702,-15.462653910246813,-1.5342331158489824,-11.294161660988369,10.6415585103876,10.048551225100237,17.12945531560164,10.764191955126245,-5.196233795066512,10.330811492619908,2.6989260671327466,-1.3105803467234498,-0.35657260644274835,5.724043222344079,-9.677020632360216,-1.8524252037651294,5.5919529027033015,-1.2686962724984063,-5.442694274891904,13.807811934984496,2.0437894994755066,3.5003309323899945,-5.758955134146733,-0.9512063397155543,-10.746311608230014,0.9195350747584179,7.789907272657613,2.5515151037397814,-12.008601083073025,4.65040325415713,-14.919546023257523,3.3800018862223666,-8.424937573367068,-14.350862140468065,19.190366688916,2.6759411765208014,-5.56142963871274,1.9487068770766456,14.737273603306255,-0.7945817913120639,-4.340370976465612,-7.971655452066889,-9.976067647494643,-7.304460583088947,2.8842635128579612,9.240901149060802,-4.849696338034374,-15.864169304158763,13.179974286251454,-14.30070088924638,4.293284933105906,13.943912513556091,5.733744380993889,8.941711317221447,-8.767392280952667,-8.142940538537337,-1.367418581889968,14.050938676365188,13.966637023018174,-4.689138414246832,-3.9767383711663893,-7.053178367129869,7.414542653176715,-16.59668184912355,2.3444274240396457,8.85138120876547,14.241552002562079,-2.132703057637441,-7.641825257087264,-9.705257228466731,18.721723764060897,0.4364093052202218,-3.770248427928397,3.8357574724761268,15.717916559312597,-0.9110467586866111,4.212971758953731,6.564592869043796,-2.7386343850057635,2.0416927542475385,5.845432934418943,1.9354256577570066,-12.796492885023557,5.739845573561645,3.091614635105689,-0.20427082745863956,-5.709566892682993,22.001764064435463,-4.056587884546044,-7.765495620256482,-2.224414123689235,-2.9735963564416608,1.796649045154739,-18.734832135993308,-4.560958132834786,16.90877946567155,-8.881402071110058,11.18966336374441,10.62196493104524,-2.6667761665603305,2.2055159230192327,13.108729099865574,-2.3874543833100805,10.276367367832478,-17.449305376778703,-2.4008926932105688,-13.715023972541584,6.0513725232010955,14.902503006265375,-4.478154862787564,-5.904253206235451
neuralNetworkClass 	class coursework.ExampleEvolutionaryAlgorithm
INITIALISATION 	AUGMENTED
SELECTION 	TOURNAMENT
CROSSOVER 	TWO_POINT
MUTATION 	STANDARD
REPLACEMENT 	TOURNAMENT
ACTIVATION 	RELU
COOLING_RATE 	0.0011
TEMPERATURE 	100000.0
TOURNAMENT_SIZE 	90
maxGene 	3.0
minGene 	-3.0
populationSize 	110
maxEvaluations 	20000
mutateRate 	0.95
mutateChange 	1.6500000000000004
seed 	1646684373006
random 	java.util.Random@3ada9e37
numHidden 	14
numGenes 	129
Training Set Training
Fitness 0.02720457733469774