-3.1923438449346078,-7.7052180667947265,4.309955050582849,0.5939982572494147,-2.1052848084030025,-12.630155218025672,-0.429633752767991,0.7309839680541703,11.32829690050649,7.380768644872893,3.1494796906816465,-2.2263253999878225,3.6053731012354966,11.787123583078614,-6.908711134581319,5.023822798857601,1.2447267040158287,-7.0845958275898475,-9.558159947646143,-2.0926970785234005,-10.390067184119703,3.279570236867462,-12.835812855319299,7.954525304095965,-1.5620849453435648,-7.340558334657382,14.336503807097346,7.994167714404314,-2.7413874757294705,-7.0131611574890576,8.940567097193867,-5.513518279238309,-0.9684754370076112,-8.63603281433814,-7.868189118805551,3.5907908810346933,8.452639134026096,11.05065487493105,6.053631938875894,-3.0823440571240646,3.400480134217057,5.956663071735807,1.5676181736878156,-4.840456409644929,-8.957252630564177,-2.337605837084091,7.417847704364487,2.224692516186055,-9.984744178327942,-1.4340623521382145,10.781397337408826,9.467232059230511,5.462613835073416,4.316497679005618,-3.921319233274941,-0.5875332761029792,5.695316910000666,1.743859122072693,-1.9737796160773913,0.5695979889660618,5.5706658855383395,12.580658162092993,-2.0890566696709643,-0.5449814491110203,9.445154173682228,-0.3511699827602559,9.299074511720816,-18.032331757854514,12.623701855912952,-15.756281807686953,1.6641850440553778,5.4638040942606345,-0.9036503963727327,-2.6010591725516115,-0.22206019906108843,-3.6281060898260087,3.3057602133552786,2.952213012252054,4.603567742029383,0.5692048053193783,-0.2708914640769704,-1.9930600847568218,-6.533929675436912,-9.139986151892701,-7.264324429773273,12.39650106681111,-10.255339300907771,-11.54876905282265,2.396698414182243,0.20775668768919342,1.3419143310602806,-7.035418290392462,-7.3232416407850405,-1.3925843101343434,-5.919404043686149,9.105356657940876,4.676229074881493,-9.61048372616006,0.8131114108908264,-3.623905625072296,13.572035887333756,2.4743763055970707,4.350017214539525,2.02942465768135,-11.930785525782502,8.78898296507671,0.12300502874979635,8.197656647341239,2.42849295506813,-2.9541016606130164,-3.655735958246531,5.367557229215912,-2.7246490306148408,2.9123695233222024,3.608106322339757,1.087123284865771,-3.9762510024127202,-3.276562788982743,6.102225920430019,-14.75298763974797,5.6129521175090895,1.3424510044014601,3.6049479518523384,-4.127346712598888,10.208608280264743,-8.840495065486094,5.541304974929112,-3.456079083034787,3.2594750604290814
neuralNetworkClass 	class coursework.ExampleEvolutionaryAlgorithm
INITIALISATION 	AUGMENTED
SELECTION 	TOURNAMENT
CROSSOVER 	TWO_POINT
MUTATION 	STANDARD
REPLACEMENT 	TOURNAMENT
ACTIVATION 	RELU
COOLING_RATE 	0.0011
TEMPERATURE 	100000.0
TOURNAMENT_SIZE 	90
maxGene 	3.0
minGene 	-3.0
populationSize 	110
maxEvaluations 	20000
mutateRate 	0.95
mutateChange 	1.6500000000000004
seed 	1646684373006
random 	java.util.Random@3ada9e37
numHidden 	14
numGenes 	129
Training Set Training
Fitness 0.03130658628562922