-2.99509531551411,-1.3649564438922193,-15.179848257147654,-6.1267246194796625,-5.359518587753468,-2.1110608955984844,1.2910832974305144,4.301852324721663,1.6972047806843822,-11.972371265426606,10.399809926412365,11.545086322186648,-12.150026123857252,-10.529502320979507,13.35276731607786,5.371646283877452,-9.252697076405383,10.412019314936487,-4.393216721469104,-6.584942874888406,5.1553813110581945,4.431532898004427,5.9154317969338654,1.1864584081482388,-4.469875652603991,-0.5954618971864205,2.887918541473441,4.534539758384185,-1.4785452474516756,-1.5629980875283325,-10.666034517560073,-5.534356246358524,-1.4750338390532303,-4.2443934817785305,5.728794028659568,2.36408505340529,8.342486713366803,-4.184895194820083,-4.490981851293659,-8.166104834179286,-17.96202764512499,14.064012761071096,-0.7808059193751067,-5.167695499181594,-5.109574459233491,-6.603049415557844,8.125767551054022,-14.290066975765017,-4.319880193203484,5.968815160872468,3.1613886189302765,8.888931312613147,0.7068493839554657,-0.8767249606886631,11.500334214119077,7.827968139373803,-11.119732078998426,-6.514539984898368,3.52327266404276,-9.135175985997618,5.032540691031712,-5.718994523018626,4.741780647294469,-3.1299124614204965,-12.832850432908966,6.863525657375135,-25.38043755786807,8.075063218259405,6.478562152802848,6.3637890954951875,-1.9582929831428935,-0.6890774238057489,6.274608038205817,-1.6070768680768754,-6.872795870754566,4.589633677431326,4.726195968840467,6.167372397434116,-17.42986545287244,0.10092552762704354,-5.995411963556002,-0.7332656503050865,0.2959475754270642,-5.082534016955311,-7.496617425159259,-0.005423965275047848,1.5625998480763732,7.203159697543091,-13.02052704788736,-6.5911788800214755,-2.8828141612125524,8.959712895987124,-5.778143298543041,4.822281018086205,3.6370533126657474,-6.575658665280087,2.1192779054246067,-7.7546111370945,3.140254537033467,6.196735821522216,-15.502702591563528,-5.7478217543783074,4.643543289501063,-4.373869168745019,4.832491786933824,2.9470332762668736,-3.073012349775672,2.729559569589174,-6.073904785419234,5.843721811119554,-12.11737218710301,-6.80989001576657,0.9315031330100014,7.989707790868815,5.68046767883194,9.199232592003014,14.279671752150758,7.477720852920463,-5.971551994184427,-9.140115644509565,-24.71645092405305,12.983049939228883,8.483907994127897,-0.04247071532590496,-0.42270795414637163,6.449008392256479,6.992403015531211,2.683746032361806,-1.2918760515586536
neuralNetworkClass 	class coursework.ExampleEvolutionaryAlgorithm
INITIALISATION 	AUGMENTED
SELECTION 	TOURNAMENT
CROSSOVER 	TWO_POINT
MUTATION 	STANDARD
REPLACEMENT 	TOURNAMENT
ACTIVATION 	RELU
COOLING_RATE 	0.0011
TEMPERATURE 	100000.0
TOURNAMENT_SIZE 	10
maxGene 	3.0
minGene 	-3.0
populationSize 	110
maxEvaluations 	20000
mutateRate 	0.95
mutateChange 	1.6500000000000004
seed 	1646684373006
random 	java.util.Random@3ada9e37
numHidden 	14
numGenes 	129
Training Set Training
Fitness 0.015429959400371633