5.559478270580932,0.07566378227796555,-4.41795432770804,-2.7568650981087623,2.895255927099278,9.929182129278788,-5.987838503119629,-6.009101138567919,0.905737639552191,18.019987835431188,-8.703527661895588,-11.202883832376878,4.250467293383968,16.155106518601947,-5.631027548399455,0.6333812544929422,3.782933668381273,-12.941776382767905,-23.17766121836909,-1.820262745749286,-11.697767267840886,7.143716441111701,5.161323128075654,-1.5583229397984795,-3.6177711680951905,-4.801083956724213,-4.542781088094218,10.591307474099475,-4.844290966018794,5.56417211231474,-12.268601564235828,1.7020003340348175,-0.5333656054831986,-15.277259754094647,6.743601848371814,6.0242712435438435,3.604291774181368,-2.3615018255761573,-10.719299104571586,6.813884819096804,6.628903848277373,27.682627382105593,-22.41018073509926,6.5752140597265,-2.351303755431891,13.692756047498586,7.616396981432533,11.374870146376665,-6.531033879818857,6.229999481117366,8.849530054360944,7.981189178565725,6.186296068515048,7.690337488979992,15.300821157465828,-2.828472749786207,-6.214310491785433,17.03104969292699,-3.5392280489373755,-14.47844394601514,-8.91296739426868,2.619838291886416,-3.6334223162295576,6.400076954274192,-1.7271126882131167,-5.6905579885179325,10.915994061603673,-5.911745512504563,9.47388845679824,-7.001949805601822,1.8960713262191984,-1.5178644461831334,9.10910103869777,6.3076291013534025,0.3971317391629121,-9.582651433267415,1.3314635897109035,0.414766349382619,-1.3105318626188094,-3.9550784708872975,-7.688932375223963,-6.4333110355634515,0.535162420717807,3.8039628757992165,-10.19730159436767,-8.399345800093705,-13.160152706280476,-1.85876070924905,7.795230067957749,5.3079608003993695,-7.380845466581178,8.219483280560558,-3.420856514724356,-15.055622878227574,-2.0379864119536677,7.235564522637453,-3.505393719056288,4.48682394387936,-0.782108849104727,6.236447706288423,-0.31377634821085376,-5.028296577560289,15.217477438607187,0.9251640009337327,-21.108254031374926,-3.526692182566917,5.936888379507816,2.895670076395252,-5.028703138102799,6.680822037623068,-12.622211006865118,-0.6240643457677839,2.2349640811580027,-0.2857781549318439,5.738551428745564,-0.9386950207693374,-9.072590356816207,2.8618264547257812,6.868414627296582,-2.2973405194091647,4.705037896001961,1.031489197342994,-8.83900624859806,10.89547411610753,-22.427204934806227,1.7352350821953477,-1.264657539422421,-2.9266562096786943,2.2495560562851957
neuralNetworkClass 	class coursework.ExampleEvolutionaryAlgorithm
INITIALISATION 	AUGMENTED
SELECTION 	TOURNAMENT
CROSSOVER 	TWO_POINT
MUTATION 	STANDARD
REPLACEMENT 	TOURNAMENT
ACTIVATION 	RELU
COOLING_RATE 	0.0011
TEMPERATURE 	100000.0
TOURNAMENT_SIZE 	10
maxGene 	3.0
minGene 	-3.0
populationSize 	110
maxEvaluations 	20000
mutateRate 	0.95
mutateChange 	1.6500000000000004
seed 	1646684373006
random 	java.util.Random@3ada9e37
numHidden 	14
numGenes 	129
Training Set Training
Fitness 0.013732954102766601