-3.293249337053437,-13.256431239116385,-14.942882731818145,-5.0300459047079045,-5.003229093094622,-3.325908230072711,13.126017434518406,1.6692598329051247,-1.6216499161898073,-9.991866405380847,6.5429495313267445,0.09657553266852847,-6.612138524403711,-3.268178270408341,0.01858081932561273,-1.5820127612443153,-6.589529028507741,1.720962898769324,1.5880179383795454,-11.643308014459286,-11.519818269241464,-14.902369818742955,-8.296992090566368,-5.00383600123565,-0.09473030637210655,1.7032740763060983,-1.5895783372864098,-13.223711669000721,-1.5981203317516322,-9.980191083517228,0.08504381032402186,-3.28442655192246,9.928122112058393,-3.324991133953821,1.6973876206206056,3.3755622192899635,4.876830966616964,-3.3203194874809743,13.266199510649509,6.672818457147169,-9.842786676705549,11.511461970204557,-0.029487312372699748,-1.5606259476824933,0.07394185530753905,1.6337310775329756,-8.172445141241928,-11.515720498617437,-1.6031885337367955,11.467988257817257,3.3305102681374628,1.6669084557727434,6.554901680939545,-3.3757877542326877,16.48408158192605,-9.893075206098702,3.2362568703077574,-4.963930139691476,-9.924007454056214,0.026328390726050088,-0.07258355348866807,4.946493675204003,-11.520982447462728,3.2957537214719608,19.886697769469386,-6.655975631065626,-0.009180393191913438,-13.159796805673352,4.9609545275722065,-1.7385527376919736,-3.362176422283734,-8.301345184453702,1.6776038783728282,9.96563539524344,4.89454670551981,-8.272508174908971,-4.977964119571671,3.291144354736174,-1.6987460252331514,8.339459520825574,0.04508900657091619,-3.300013252499541,-0.049499061333041716,1.6778624817205072,16.486095938982828,6.636147210858269,13.157072156770115,14.789973051372963,6.694074058823148,5.035781467822066,-6.573981435763087,3.2841299528876213,-4.967044530919039,-1.6473240741188322,-0.06005752867821279,1.7317634998593974,1.616321563891721,1.6134269814800222,-4.850625804991424,-0.0914081464796328,0.0329276261345548,-13.222067883363701,-9.880970413201803,-9.941509478752872,3.396373071879058,-0.001832383467307963,-1.5920668439728383,3.35904505585008,-6.619406522554051,3.2918605892913497,-1.657163377062612,-1.5804451615453328,-1.612579382175368,3.377545737789296,13.182058234613175,-14.799736459212577,8.233277245436492,-4.896369773087349,-6.639186672424914,1.605849737825551,-6.510856472489857,3.296472710054326,6.559302067003314,3.376718919777847,-4.8887475368356235,-9.848884590944278,0.04126549483206077,1.6783959464858347,16.50954180044377
neuralNetworkClass 	class coursework.ExampleEvolutionaryAlgorithm
INITIALISATION 	RANDOM
SELECTION 	TOURNAMENT
CROSSOVER 	UNIFORM
MUTATION 	STANDARD
REPLACEMENT 	WORST
ACTIVATION 	TANH
COOLING_RATE 	0.0011
TEMPERATURE 	100000.0
TOURNAMENT_SIZE 	90
maxGene 	0.1
minGene 	-0.1
populationSize 	110
maxEvaluations 	20000
mutateRate 	0.95
mutateChange 	1.6500000000000004
seed 	1646684373006
random 	java.util.Random@3ada9e37
numHidden 	14
numGenes 	129
Training Set Training
Fitness 0.015917494170983603