-7.387826766568688,-6.760927266612724,4.596850409805246,0.5512920771756447,-6.690207949859211,-3.4927666065664624,-1.5343329873735172,6.632673746462411,0.13964585540496444,-1.2484070583569578,-6.762941937248645,5.292433411474951,7.176230522402998,-0.014406789175377632,-1.3786147686291685,-6.522769307590009,1.7467108503110769,-3.9083241972750384,9.301190238425104,2.4119195724629057,-4.534904034718925,-6.724667554525805,8.500726971244816,3.279236037450545,0.6780808383495547,-1.5937187185917079,5.695693222616814,-11.220448353991916,-12.818524692990774,2.627469195206399,10.980483087926114,-6.016773278520887,2.417316863682097,-8.514350822371622,-2.71979648623409,5.57989838086784,1.9504339726931512,-7.952175091415308,-3.8478793669827924,-2.7416677468989405,7.9493994136714745,-9.184093638881755,-2.933876109679338,-2.332733295936908,-1.9395168831886762,7.387462125511748,-3.1637842145201374,5.561971983630038,-0.8856108886701834,-4.416494357941002,-6.555039791539794,9.233048066541317,-8.05577051718091,-3.825204269338591,1.160241095968395,6.143274494280527,-8.530637050352022,4.786181735701983,-3.1613936756427155,0.815132296458609,4.513395557842871,1.2940671227841305,7.291894985857912,1.7159053312367334,-5.574185358961168,2.1551154339121332,-5.736235263674142,4.129072255508776,-2.784602913045247,-10.535131778116346,-7.329839071326416,-7.17000752512468,-13.07029339540451,3.94298934052767,-2.447309435450525,-6.3493094267010255,-7.071334072060781,1.8274022586147565,4.176282959316103,-5.377164624507495,5.551360778589327,-1.4173742082526992,0.022446329624097316,-0.4201865013643289,-3.986094018405537,1.588170190149639,1.3368458775624967,0.2780858242258617,-2.7476246214226094,1.5708930453525785,3.634854745279939,2.064820594621936,-3.3615321908045726,-5.119231341317359,2.8011483558594454,6.6230876091084685,-9.553244272682713,7.7825672754361985,7.639337478254294,-5.332303208355242,-3.358967779740375,7.996488113303476,2.4350538757200253,0.9940637166840589,-2.7765531419955956,5.618838736321547,1.9408269565694907,-3.5007243407361193,4.403789112795083,-1.0106017815973614,-4.87648974916047,0.0488367327197885,6.3974546312215175,-0.8548513958358264,-5.515060865515529,1.704359472307642,2.1492972447126757,2.3106081411591894,-4.676077383462122,-5.943227858781583,-3.7432571564017225,-7.526956257666602,9.402594340077576,0.17640658621624894,3.079216001854931,4.576388617757027,0.11256898961533146,-7.504371121134485,2.072095169634385
neuralNetworkClass 	class coursework.ExampleEvolutionaryAlgorithm
INITIALISATION 	RANDOM
SELECTION 	TOURNAMENT
CROSSOVER 	UNIFORM
MUTATION 	STANDARD
REPLACEMENT 	TOURNAMENT
ACTIVATION 	RELU
COOLING_RATE 	0.0011
TEMPERATURE 	100000.0
TOURNAMENT_SIZE 	90
maxGene 	3.0
minGene 	-3.0
populationSize 	110
maxEvaluations 	20000
mutateRate 	0.95
mutateChange 	1.6500000000000004
seed 	1646684373006
random 	java.util.Random@3ada9e37
numHidden 	14
numGenes 	129
Training Set Training
Fitness 0.03315926386216518