3.8263014327600273,5.035885232354486,-11.096554545059286,11.88044940010443,-4.024900039753517,2.2670467343012364,1.0476172392791394,7.269226004880268,8.198915610288605,5.29337026243944,3.8865303654648473,1.4830350617172856,-4.3873951899884345,-10.120190238620815,4.535639833964788,6.358977965178191,6.23486057097119,-6.149108671623986,0.41235192772173423,6.881075626038333,-6.170971000993001,0.7913948396904864,-8.424855756753477,0.5625962494504728,9.48025304973702,7.210470044504585,8.470981906283523,4.882681209645314,-1.4190946930219566,-3.5062118318956346,-2.0575206450556927,3.5485491474477797,1.5271279786985685,4.758557913369419,0.92087139885356,1.588536137094497,9.44766045845027,4.853972468028454,10.3929645840228,0.10272017645077636,2.1919932124403574,4.5148885718232465,6.229849955221827,13.906858372155154,-7.2017560731045664,-0.6707288756328929,0.4522671766476174,1.6518515587550908,10.892016638418129,-9.179827146271556,-4.317881994676061,1.1849358407257018,3.1858568550826423,8.570753479045319,-2.8082584481334543,0.2402830525354176,7.704781833110188,-7.763926273239724,-8.937834523072633,-2.294322151536286,14.45671963271702,6.888139552773465,1.9486643325743804,1.2084245738141828,3.8475516655651303,-2.4191003863192915,-4.47344110644827,3.4976179409672543,1.458814996087538,-4.000359563280287,-0.6976942864846643,-0.17860000327167658,1.7619748019936798,10.574451948594158,0.32453059310603116,0.9068074377198556,6.236543357983336,5.6901739261663975,3.4667722931966605,3.496298647569814,2.1901749153802132,4.615467311396516,2.3283102567860254,-7.820965129950377,17.39723022773353,10.251390162602144,7.411560542252376,-10.673527360247318,-9.121840166360663,13.815087711051186,-6.265865957256581,-2.74918904335399,2.8354200603453057,0.7269478845062607,-9.379242668468134,4.751318845059862,-6.157513905944752,18.60980021026959,-4.305128798854286,-2.2524440884933137,8.200897154554522,-2.563523902019357,-4.548174425134885,1.6699802061543254,0.0361183279998567,-2.922719241369042,-0.5547965795650658,-1.8625750819379636,9.096368609315732,-2.74833997595022,-6.095087472633619,13.847406303294994,-4.550578150606113,-9.22141769086821,-5.769704425590031,-1.9607868311915788,10.190748393924075,-2.302111049896343,2.963617319013217,0.46121007071252773,-1.317777895842426,-11.949899121794335,7.398895757446337,1.3327729514364943,1.3839791953248008,7.75490265183344,-0.5318427239806667,4.487756775789401,-7.777126756681833
neuralNetworkClass 	class coursework.ExampleEvolutionaryAlgorithm
INITIALISATION 	AUGMENTED
SELECTION 	TOURNAMENT
CROSSOVER 	TWO_POINT
MUTATION 	STANDARD
REPLACEMENT 	TOURNAMENT
ACTIVATION 	RELU
COOLING_RATE 	0.0011
TEMPERATURE 	100000.0
TOURNAMENT_SIZE 	90
maxGene 	3.0
minGene 	-3.0
populationSize 	110
maxEvaluations 	20000
mutateRate 	0.95
mutateChange 	1.6500000000000004
seed 	1646684373006
random 	java.util.Random@3ada9e37
numHidden 	14
numGenes 	129
Training Set Training
Fitness 0.04366920323455742