6.0019405619171575,5.142355827493609,1.437324363027754,8.20122285668344,-1.9409485708877714,-5.942148855816562,7.18223641317225,-11.873379682042435,0.8089233924703416,9.882500360252097,14.68004973820954,-10.209678739569776,9.70303846615051,-7.605060098755725,10.487570354188843,-0.7769828723938748,-13.320828056729905,2.6777175225854046,-2.1004761048642866,13.304934005039096,-0.8399849321442439,-14.978360953504206,-5.094034106824337,-3.5095117150419295,-15.613209364723879,-17.16460838393737,-7.835413536844436,24.874713746561596,4.971392964354738,12.375130706696485,0.12358974608217377,15.441729516917524,12.389258708948725,-5.7807394251370345,4.288250843000325,-5.535182118384521,-14.68865607551338,6.561689140078854,8.169176200396336,-16.955523981968344,-4.812744847074955,-20.167618230406248,-13.417286891105768,-10.024896151944025,-0.40724401855140435,-2.17291413233771,3.243877480284352,-2.3772143706438236,1.493540648617703,1.4386481323363087,6.549590919960869,-21.67407829561577,11.603338538610236,-14.019612164784748,-11.25506240260855,10.997262030625118,5.478085316310139,-0.6224584527308936,18.99757863928499,-3.339809643314883,-6.810931182067408,-14.424161756398581,3.5253760756538117,-3.9060938861672536,-2.1433709856853174,-5.323188632360484,2.3297079211788843,2.5414454335639647,-4.097836804917053,-1.44249601444983,-7.768128552304836,-15.498717701824786,6.389860965110902,-1.3822359353395122,-9.55760079494577,-4.12245379394542,-6.21923746908017,0.771380622986996,-8.686971189905496,2.700179033300749,7.424864425418464,6.9022288696216645,-10.554453426598355,3.923645055652793,-8.59033505447911,-15.41296795508331,-0.0036874516322296103,19.20649280695644,5.19917279449339,-11.83442346501657,10.188888465111146,-3.8064081399082843,-4.433253065668035,11.809211068029683,-16.16680434129706,-7.916011803125405,9.247725857321797,-6.42985715784158,1.3579057513337505,10.243437733364672,-13.839992150110703,-9.293128652918844,2.5826157093850792,-5.378538363465932,1.3653849972778636,2.087249192519823,-0.4042448947788646,-10.975586345665647,2.1592545228162496,4.243060604381531,-4.238243957845539,-1.3755147995491095,-7.805385559848128,-13.240823565293274,7.176089160989585,-7.060729396681756,8.850188692476976,-0.35809800826056026,7.233204210752108,-17.215566767714108,4.664395126684186,-1.7315062717968095,-17.595860729419215,-18.443800127961616,-1.3507924262572635,13.096631426235815,0.9423549248741363,8.167772579503888,1.6095023025545956
neuralNetworkClass 	class coursework.ExampleEvolutionaryAlgorithm
INITIALISATION 	AUGMENTED
SELECTION 	TOURNAMENT
CROSSOVER 	TWO_POINT
MUTATION 	STANDARD
REPLACEMENT 	TOURNAMENT
ACTIVATION 	RELU
COOLING_RATE 	0.0011
TEMPERATURE 	100000.0
TOURNAMENT_SIZE 	5
maxGene 	3.0
minGene 	-3.0
populationSize 	110
maxEvaluations 	20000
mutateRate 	0.95
mutateChange 	1.6500000000000004
seed 	1646684373006
random 	java.util.Random@3ada9e37
numHidden 	14
numGenes 	129
Training Set Training
Fitness 0.01171962676648272