2.7675931802097944,5.532310367571196,0.32757055800130264,-7.741901176479832,-1.172047392159545,8.966825953527353,0.5686544557050874,5.475296423640837,1.184562426525419,5.99021999433424,3.235463256368657,-2.129489901293498,3.2141226712756135,15.969073595392702,0.35977824477099496,1.5681506362190127,-1.5037598242074584,10.704959737325416,-5.954015044411593,-0.9172034043188191,2.8396391198293705,0.20924698124174412,-10.001627417109214,22.648980968373202,-8.911999421933942,1.9436149033979255,-10.58016817127187,7.4240311805690204,-3.984957878666096,-6.0712404663967225,0.03589117086752047,-10.078284087014838,3.7664867166513663,-3.531312626891877,-4.735165923417437,-4.851880606031475,1.8921249335943333,-5.229578344839217,-3.341068065119927,-5.187658796168195,-1.16578407090722,4.108863387882503,9.533625874554538,8.373286728640302,-1.4009764398082165,-2.7560277806533042,7.480790977862158,6.259987389779148,7.686327009093658,2.0423557853676293,1.4790050101370849,5.666562514751863,15.687295070244748,-2.4122234394381428,-9.831949205519395,-5.775895046818102,6.134159642358442,-0.9149940909774692,-10.303329442081798,5.540444660849765,2.745669313655865,4.318880492789951,-10.7681102332942,5.124917222102102,-11.589647929242668,-6.324665536321696,-6.4149728598045925,1.3289358689762123,3.3851639713273523,0.8136047221244009,-12.636198947797597,0.634336162707954,-1.7898556573295528,-4.601272160474487,-0.8482593220467116,-6.489863220904956,-11.749751121133828,-4.139130773318992,0.9954084636785172,-0.06547044196950225,1.123575692010661,4.492947164597368,-9.153264970342562,0.6925842919596921,3.1607479092333097,10.280435053954172,-2.837934023793533,8.361327386351736,-0.7367370879562394,6.077149424528725,-7.498682939876492,2.2825226266516925,15.289165381038414,-2.451749617822532,10.349929488833515,-7.950344854557371,8.142447059510989,-3.453394549032687,-1.7968835476256997,-4.95070539803684,-10.871874856176374,-4.678911927770954,1.4561868069433501,0.24817929841907294,-2.7920038848681834,-5.22469565906539,-2.06347116707615,-4.143959436258646,-3.797390827072439,-5.547336252886742,2.842135946901694,-17.429644059804524,-2.866948214641716,7.568631298983506,7.768349462174596,4.172891687409472,4.9816836911625835,-5.706580207283817,8.808795717790101,-4.3509327208411674,-11.775993403756292,7.008305111688886,1.4582843169306177,8.789847178845585,-8.055600484213926,6.266164361569972,-2.025260558279549,-2.587964889206895,0.2965001348494063
neuralNetworkClass 	class coursework.ExampleEvolutionaryAlgorithm
INITIALISATION 	AUGMENTED
SELECTION 	TOURNAMENT
CROSSOVER 	TWO_POINT
MUTATION 	STANDARD
REPLACEMENT 	TOURNAMENT
ACTIVATION 	RELU
COOLING_RATE 	0.0011
TEMPERATURE 	100000.0
TOURNAMENT_SIZE 	90
maxGene 	3.0
minGene 	-3.0
populationSize 	110
maxEvaluations 	20000
mutateRate 	0.95
mutateChange 	1.6500000000000004
seed 	1646684373006
random 	java.util.Random@3ada9e37
numHidden 	14
numGenes 	129
Training Set Training
Fitness 0.05984032404163119