9.852411524375128,5.165097731215486,4.105948640799248,10.187486079389215,-7.531620948795426,-14.485412816080773,37.78364807243717,-2.6251368659805454,9.308233743497542,-8.742592686712314,-9.66371475942481,-6.001249601899353,-10.46024876468629,2.2764081114140797,1.8329829610739505,6.313879930505415,-8.254888623192434,-1.8115951635769116,2.616733300102535,-8.200632540190472,16.178127082121875,-12.194233434434434,13.079510412989949,1.3285006111300994,11.67974676548791,-9.429021419807665,-0.12471330503388067,-8.528091546262175,2.8464690480091317,0.739704255914031,-6.108641263217649,-0.7431644417526595,-26.599398367747263,6.879927195518757,21.95990699921755,-5.228400616752797,5.469358959275305,-3.542728510248658,1.0944806315473254,-4.325738259650898,-22.83384683814249,-1.1235438384051442,18.611370596044544,-17.745629123782578,-13.967304626089327,2.1248204397098256,-19.75729608027668,-0.3400442317040664,0.22423085702489054,15.129582375382517,2.262689312146355,-22.07748493723078,22.68301445374272,20.867064831663676,-2.6052626806062857,-14.578790579253157,-5.441975352270477,-5.386476756788824,-2.2459595273341906,-5.233424691668356,13.122947377997892,-5.670962561456896,6.56743648676,-0.2854899012373391,5.3707128861259665,-10.907837612587608,5.281751388372125,-0.9144681369633068,1.351080320230488,7.284674088614585,-0.7153447289036041,6.490132965422509,6.958128128567326,-6.053803777997944,-5.897775358340812,5.132413210385936,3.1579988877558627,13.526395688376983,-4.631868351355707,-27.316691697731308,4.454123475788821,-19.35865906406294,10.210757593290346,-8.844191591861197,-0.13126473789545479,17.47094869736773,5.816864972904874,-7.869273033667222,-2.703344973122203,0.5561400059381381,3.2795509203894078,-3.2059319998349167,-14.295278900442995,1.7544993867271597,12.05647468488055,-4.552251063620366,-22.224913867249555,7.431819992583492,5.927900821131082,8.786822885293024,5.479106882509754,-5.798129651508241,6.085892503943532,-22.702583967558212,0.13619205601715212,-15.29754034123035,2.2583885779250448,3.6392812397362526,-7.634483647797831,11.259965800806869,-9.099805263744921,0.41337496554533715,7.1952418624360845,-19.94147263382566,20.59377594568531,-2.494725089726111,11.975160731349394,4.024399455076046,-5.834058371795871,-1.619383345538905,-0.2461882151321273,9.992074308897466,0.8176591230559778,9.623396987323648,-40.41447947026236,-7.75462543998861,8.65488002763555,-9.117494573352078,-2.4016795817110044
neuralNetworkClass 	class coursework.ExampleEvolutionaryAlgorithm
INITIALISATION 	RANDOM
SELECTION 	TOURNAMENT
CROSSOVER 	UNIFORM
MUTATION 	STANDARD
REPLACEMENT 	WORST
ACTIVATION 	ELU
COOLING_RATE 	0.0011
TEMPERATURE 	100000.0
TOURNAMENT_SIZE 	90
maxGene 	3.0
minGene 	-3.0
populationSize 	110
maxEvaluations 	20000
mutateRate 	0.95
mutateChange 	1.6500000000000004
seed 	1646684373006
random 	java.util.Random@3ada9e37
numHidden 	14
numGenes 	129
Training Set Training
Fitness 0.016110004627329116