-0.3941539658923565,2.5211518707722878,-0.6196532908965793,4.809191049501866,7.346244326696295,4.60920000437661,-2.1460480664616988,-5.844580117326826,-1.018552856970988,-12.190553086497234,-0.9934849108456429,2.6111164668896727,18.103061800895667,-7.482871629249798,-1.151628211141313,6.272963572394553,11.612084354964217,-3.7944285727470497,9.182954567035653,6.999850528989686,-2.307835729179711,7.518997938137407,6.381146618361222,-5.749467060032893,-4.309265512476745,-9.596179494982453,-4.135684797087926,2.6016210693536266,-0.631078319306436,2.5676609749467048,2.498243064066969,-4.357117928178887,-12.914411736817115,15.607310002475753,2.6150731955242152,-15.577768713817669,10.949233931148507,-6.48712695351926,4.0031215230343875,-2.449321508260579,11.168676606550989,8.906038886100351,-4.971868736912,9.977886331879597,5.290301881017269,2.3992003031853315,-12.498476587713753,-7.539087720019641,-1.9695482961664315,6.102165508720862,-6.857583732402208,-10.818097173659313,-21.94374288284007,-2.4577530622521104,-3.7887772774327546,-15.018924036175987,0.8708626008401144,0.7096283006162611,-0.8092886613113723,-10.207309901358194,2.8096852608386342,-14.585585667041418,7.3763158520837955,-2.6018935784143498,-3.7956798633735778,-2.52089448877088,-1.2728825085794826,13.27118895909737,-0.6906646722330487,5.829501839019338,15.493168036156153,-11.201652584786615,9.669472204059698,-13.76978254839968,-7.889633001894513,5.915870029155162,6.717205037629316,-0.6690048008936635,-1.4741472091242827,0.4643186980718532,-6.036666695397901,-4.067580304750699,0.6760952800060984,1.0343255308029358,-7.7090201982449695,12.944681117133612,-0.4217516121547398,-6.1269505707040075,3.714808497564878,0.43045205553212895,-10.763540899203733,0.6966507671145754,4.010271616354213,-9.057053792198209,-3.2052383073234703,-10.086995120378866,-17.488652567744435,1.378405949489954,13.787243831904528,10.06013080432203,-6.878821754368803,-2.2484726315224464,-1.1064852975122035,-8.230215636753858,-8.971446846128387,-12.067593680573227,3.461419988601362,7.854085644855411,5.886692363070981,2.202753151177232,5.298861506361876,-19.9905097916305,-2.285692814189715,-10.435569295103138,5.284363629385789,-1.0166951035982308,-7.455076567105394,15.66942732318676,-0.6275536274908484,-6.07222893847749,-6.371026319984685,-26.134049779276005,3.2302587928821094,5.093822382541041,10.63417741008251,-8.772501880643523,-4.253282959305542,-4.2348342162236285,11.49324543443122
neuralNetworkClass 	class coursework.ExampleEvolutionaryAlgorithm
INITIALISATION 	RANDOM
SELECTION 	TOURNAMENT
CROSSOVER 	UNIFORM
MUTATION 	STANDARD
REPLACEMENT 	WORST
ACTIVATION 	TANH
COOLING_RATE 	0.001
TEMPERATURE 	100000.0
TOURNAMENT_SIZE 	90
maxGene 	0.9999999999999999
minGene 	-0.9999999999999999
populationSize 	110
maxEvaluations 	20000
mutateRate 	0.95
mutateChange 	1.6500000000000004
seed 	1646684373006
random 	java.util.Random@3ada9e37
numHidden 	14
numGenes 	129
Training Set Training
Fitness 0.026494881681983818