-0.6461010623147363,4.783862370568309,-4.52248338686593,-6.534897327580726,3.9357513757235028,5.412024217475526,-4.665250185490747,-4.3544704850607125,-1.679178037359093,-3.4794204461225964,0.05299201009732357,-8.33248863680947,2.175983422350475,2.226955389425797,10.174239882232504,-6.565341868918367,-10.889102817866299,-4.1640639959561625,2.9218244182728217,-5.450563956952697,-3.4509640800750523,4.989558205694342,-3.553745645727422,-3.3392386971200487,-6.71023078407992,-8.699275690523116,2.7788034701020856,-0.9000681607349303,-9.858543448839848,5.670886794757984,-5.863736718709646,-13.27970979705604,6.198069376876775,-4.987138068501041,-1.2058920192388451,5.5579638223251715,-1.1630575448944085,-0.666967515477527,-7.368350071988031,5.9454817821060875,0.18283247444798256,0.8729027992204048,-10.998410744210052,2.337021056525991,-8.636459315786333,1.1181731143511344,-0.26230858898278253,-0.35651294715615567,3.3249338197418297,5.454202168172607,-10.361847183679606,4.027587663251243,2.1282754909979764,-5.970068360511915,2.6485446325948105,2.673512522960399,-0.5796402727236498,2.188047360628114,1.3670513246761402,0.6727823022421093,2.8970145062123422,-3.4726429183362875,-9.943950522401224,4.257286412112638,9.373122997884169,3.0340666553592195,-1.282098916665273,1.5624795996354162,-3.022612900174377,3.1018396950277545,0.9791617245279713,-4.581837188854716,-0.1923632179158099,-0.5937707125095821,-0.7237651844807242,2.0912249132134133,0.21256664399466096,-4.492726494494167,-1.1531713340569851,0.1441760277680717,-4.191641170029833,4.5247485430741285,-3.744596974095315,1.2252563063540824,-5.356270045590834,2.2137782864399047,3.4671193380997796,5.320357250354306,-2.305481441651069,0.764200476911407,0.3836363367810507,5.1739447187961645,-6.100994564504088,-10.594706363129935,7.315422250605534,1.6256271890081955,5.187740118369886,-8.531828226933342,0.7890815302929961,1.6609660119927336,-9.083276660033574,-1.9086424021526964,2.874522948110548,2.8395755292782683,-4.119627103999186,6.600747175534341,-1.5343760247803564,3.990517054359274,3.7607804579570994,2.403382428431118,-1.0906259584784306,5.904441170588576,1.5623428819112921,2.2051515433262483,4.252308289745448,-1.846112249048148,8.385931051821666,2.1957397830464647,-3.5406299145466003,-2.712395036066434,-1.5856630161313507,7.539856614710718,-5.340829559772784,-4.278297431310621,-2.239182470983292,7.521968135371439,3.9309395966783303,7.539907624507307,-0.6748673099722664
neuralNetworkClass 	class coursework.ExampleEvolutionaryAlgorithm
INITIALISATION 	RANDOM
SELECTION 	TOURNAMENT
CROSSOVER 	UNIFORM
MUTATION 	STANDARD
REPLACEMENT 	WORST
ACTIVATION 	TANH
COOLING_RATE 	0.001
TEMPERATURE 	100000.0
TOURNAMENT_SIZE 	90
maxGene 	0.9999999999999999
minGene 	-0.9999999999999999
populationSize 	110
maxEvaluations 	20000
mutateRate 	0.95
mutateChange 	1.6500000000000004
seed 	1646684373006
random 	java.util.Random@3ada9e37
numHidden 	14
numGenes 	129
Training Set Training
Fitness 0.029758611812651194