-2.752020399954498,-12.666878549809224,-0.8217815087468425,-0.509641124371031,9.771257710958055,-19.011627952985094,0.01068433853921924,-1.0213595148568624,-4.2018256092553825,16.85659987255785,15.584475006585608,-9.242860855680597,-0.1947123852936805,-9.623255735504815,-0.009678408813405426,5.603745387701434,-5.316382031843973,26.598136416899358,-16.064794557764316,14.482964543465888,-8.461534590814537,17.314949268229448,1.3282461163853245,9.161146084940114,1.799499433695713,1.4832229148504439,-7.173484193471845,-3.622867928335344,-3.9760746882533073,2.1832440099343318,-0.29848958664472214,7.213722721302991,-17.32173976077246,14.627169963496703,-6.266506923473547,-8.353782349783087,-5.575512768265881,-1.9136017765320599,-2.675093648125575,-5.287352371115398,8.66409316650058,15.52528847356286,-6.6044614777331265,2.456175173223901,2.5087253540858185,-8.97254277843531,14.231110239500607,-8.916503248364561,-4.101058985776094,0.7879699578978325,2.1034335815755973,4.263943873882094,-9.167244613197774,-3.2806277994964734,-7.885720121037673,-14.487663933689701,15.843429982748484,0.03160039655724489,-15.113422807419402,0.8544988712192989,-1.268824213648534,6.445433838959497,-0.7144588518014627,-18.532278592848343,-3.2938199893589415,10.636247812147166,-1.4511689006058957,-6.230716014008539,4.140603572443778,-14.870553122813181,-3.861198163307199,-12.705451128046082,-2.9450761208276868,-5.768941205938493,-5.998588096032957,-1.8880356725135257,0.02923857102976335,-1.3734160785249019,7.675329957657523,7.765693098913314,1.1828766684521206,5.918303255910711,4.591265262004152,-5.232565165771597,-13.394103347748887,9.195854863625677,-1.6644651491410976,-10.672628648131402,9.953791628064888,-1.0529965752667607,-6.076637886471749,-3.6799758968287453,6.231947366820397,3.265130205093378,-9.713612911355813,0.4241706586337708,11.34914033554887,-10.052913877229777,0.47535265890670475,0.7568291092303756,-2.5904047488423823,2.8996562401625585,1.5129158128863383,-2.910324641117331,-5.759146660317241,-5.465005614901785,8.203016316899713,12.792120194444102,4.719941143533278,7.684997750297073,-5.537778919970467,1.788632619211116,-9.736939005233653,7.551696535127194,10.18494547660718,14.898751973317275,-6.465739766552941,-17.56465191371703,-4.3115619908921055,5.796594657644434,2.05626983349231,0.09403059410169767,-9.245100552969006,12.082519310121754,14.421937254508853,-5.861857933213891,-2.5029096453757553,-0.7970278493244205,0.7574143187063909
neuralNetworkClass 	class coursework.ExampleEvolutionaryAlgorithm
INITIALISATION 	RANDOM
SELECTION 	TOURNAMENT
CROSSOVER 	UNIFORM
MUTATION 	STANDARD
REPLACEMENT 	WORST
ACTIVATION 	RELU
COOLING_RATE 	0.0011
TEMPERATURE 	100000.0
TOURNAMENT_SIZE 	90
maxGene 	3.0
minGene 	-3.0
populationSize 	110
maxEvaluations 	20000
mutateRate 	0.95
mutateChange 	1.6500000000000004
seed 	1646684373006
random 	java.util.Random@3ada9e37
numHidden 	14
numGenes 	129
Training Set Training
Fitness 0.02913117386516671