1.3793172965967635,0.37486275946961545,2.3393702974480908,-11.24485560859261,-1.9900516071342023,7.556745813706005,-0.45149184168634005,-4.203313387463388,-1.95508574468662,2.470150103182762,-2.745883979612444,-1.6565832170128338,6.078113147452729,-0.43315211230543493,-12.651256711262794,-0.8636649089864452,-11.219311986471125,-2.5959754291206707,4.255773173849206,-3.7515842062933853,11.502222552869462,-6.2934046215974035,0.22688155555858547,-4.6123625243112025,0.11917268745043863,3.9600659341744677,-5.758978669181628,5.415462521336206,8.309327155052557,-7.773691621326552,-0.0774043360910035,5.004193452120582,5.7307074373882285,1.1336072719247596,-3.0601557138973234,-2.8906354243686243,1.370417585594982,7.038815958271309,-6.024677540827895,3.873563320323603,-0.7964280954952088,0.04344602593617175,0.9287172650221898,5.605809626891176,2.764532324926452,-5.333003054751025,17.81810093200275,-3.754143394996377,11.882300160375811,4.089821703434898,0.8890806198712262,6.7755083031296515,-6.480986924369816,5.6243019824522555,0.8221672976271304,-1.1707116999176312,-0.9748882951235114,-6.342905035186796,5.6470398293032105,-1.115477054252274,-3.1131549144077226,-1.273301104483184,-8.371755393532728,4.626140654384221,2.94139619271332,0.8595655397232864,5.480228687711983,4.384221616967919,6.122019693624498,11.034474579775386,-1.6995368862133233,-0.2674329133964761,2.9201881442378115,-3.671131059661274,-1.4222269589305725,7.114291946669789,-1.2861422663423436,9.872333698995206,-3.961148407687606,5.9756770751972015,-6.039428058155885,-2.8086134908698366,4.93929200099627,7.942255597696509,-5.158771030917295,4.376230845531884,-3.313666196126249,-8.988661880416872,-2.9350480182208383,12.1841085464574,-1.0011243524452071,-9.93708174980519,-5.3423925102623055,-10.38462725556954,-7.1838291942487595,3.0561339312133953,4.156127254487052,3.1073856364697217,2.0099753925811363,6.081194051215883,11.367899807739684,6.28783005678619,6.18578424654896,-2.5230855408354715,17.42910607268256,2.513009302424777,13.62714462823791,-0.9982586476107684,-6.842018304543348,-9.711806110319062,-5.4571011314074624,4.4613764170755505,6.198600890827769,6.426055366481863,-7.7794320663315055,-4.6011522568760075,0.7878835863589178,0.6957170597460509,-0.28005736497977196,2.5431122853605306,-14.246861824752596,5.648930385120723,5.7093157044746485,-5.109998753146865,5.659560894969413,-4.568625452884747,-1.1973599389364669,12.954563281579178,5.726722955632546
neuralNetworkClass 	class coursework.ExampleEvolutionaryAlgorithm
INITIALISATION 	RANDOM
SELECTION 	TOURNAMENT
CROSSOVER 	UNIFORM
MUTATION 	STANDARD
REPLACEMENT 	WORST
ACTIVATION 	TANH
COOLING_RATE 	0.0011
TEMPERATURE 	100000.0
TOURNAMENT_SIZE 	90
maxGene 	3.0
minGene 	-3.0
populationSize 	110
maxEvaluations 	20000
mutateRate 	0.95
mutateChange 	1.6500000000000004
seed 	1646684373006
random 	java.util.Random@3ada9e37
numHidden 	14
numGenes 	129
Training Set Training
Fitness 0.11127178808998846