7.463831865012965,-8.519953814941516,2.0604000118731554,-11.515192779478122,1.4738554083105448,11.918725461802797,-12.645203308416542,8.758544552252216,-7.6656103471814525,10.533140206273142,4.833358395989869,-11.25380024313848,-3.993979488286051,-6.714239840740676,6.901943485917787,-7.432953493978184,13.643897534566234,7.517770912138127,6.465854221969051,5.976515976385236,-15.929448743783388,2.0150426306805294,0.5563286751068883,-11.167842694318663,-39.076798119853116,5.185452072260203,-9.614490776120409,13.899739452541576,3.327656788668266,-19.32465681426929,2.734787226946959,-15.92131684397803,-3.500745554649022,-2.0522670493038992,-12.51855831357257,4.267764237659022,10.137965560671358,-5.949112115012959,15.293302927909137,9.322137614292439,17.406035979930266,7.470273476796576,-3.3096392823444774,1.2809219882618947,5.883115438852837,-17.810254800608078,20.583175143076048,-15.13272416218557,-0.40295401386070395,0.6690681731373491,3.1737900686600833,-9.424751490503095,-15.86010738007661,2.8719041985748763,-4.413334938776144,1.0822402447098138,-7.702396836800075,4.170247639451157,-3.7106726415492988,6.944972566154988,12.402848582029629,10.057316581090282,19.28545245544891,10.041977934282402,17.448297650960335,-13.822546139488875,9.784528908837503,-2.8914233035026253,13.62050025592023,3.6718975170468884,-13.596547164929941,-0.7284472200563403,-2.6951345409866896,4.609077159128933,-2.3021954354806002,0.7517366093070752,2.9129163269219296,6.780672499456848,-0.21964432811886425,-1.297514388437511,2.694444825742451,-1.8707421955800392,5.85377929940916,2.587801474334146,7.6365636833143515,5.509664642575331,0.06325567302308599,-9.152409861929826,11.398019444028062,-18.575329349741118,9.923618016110789,-10.701555127582955,-2.3081669342166293,-16.01651168749455,5.536334104938405,2.935846593234313,5.426715351302313,2.6484376266043643,-9.380687142678312,1.1759015675280242,-5.1111965222144695,-7.341004483950012,-12.900016758977165,8.720558003108032,-10.794495933059173,8.916138193690063,7.405818208817438,-4.5080754533631575,5.935793136051542,0.34950489632452086,12.832197289182535,-10.962235287479762,-1.9825926357423524,1.1967412735957046,-11.681277350846223,-8.16296455255593,-9.59127428658411,-6.0346489532857674,1.1450400513954415,-11.124019045971021,10.232210661843471,-8.345917206302893,3.9789590405886575,5.887635853023717,-7.602355888397849,7.975513168974658,-2.8134612110793125,-12.013456885730507,-12.232447651080133
neuralNetworkClass 	class coursework.ExampleEvolutionaryAlgorithm
INITIALISATION 	RANDOM
SELECTION 	TOURNAMENT
CROSSOVER 	UNIFORM
MUTATION 	STANDARD
REPLACEMENT 	TOURNAMENT
ACTIVATION 	RELU
COOLING_RATE 	0.0011
TEMPERATURE 	100000.0
TOURNAMENT_SIZE 	90
maxGene 	3.0
minGene 	-3.0
populationSize 	110
maxEvaluations 	20000
mutateRate 	0.95
mutateChange 	1.6500000000000004
seed 	1646684373006
random 	java.util.Random@3ada9e37
numHidden 	14
numGenes 	129
Training Set Training
Fitness 0.013367268237387637