-3.151264222541907,-0.01365830676177282,4.9467340899554095,17.3685491446843,-13.146605207660633,1.1938433897365481,-12.293725560647742,-0.7940395779190741,-9.969375202614989,-6.634227670799662,-2.1086635811516654,6.062157336294325,-5.172747657553129,4.603743287039863,13.271940540031705,-1.1677161379800998,6.941258038660335,2.6038687055290506,8.056870573153452,10.447290368359651,7.408700036739331,13.134009701047022,-2.3607335888019003,-7.495690673086431,9.378957180901773,-9.968798869696764,-7.287902540744396,-2.7219836350036015,17.266706742804388,1.5466350174280334,10.622204981222971,-3.0309321984889905,-6.736026751172207,1.3323764613349134,0.19527515613073554,-0.0687460855719717,11.028009699756003,0.01828953058725924,-5.334725746234997,3.6920521961409776,3.2806902519444154,7.769439894969476,5.480551380366396,-0.8581872535451343,-6.237481153789247,8.193546258626398,-12.665014214302925,0.46485444108891283,-4.42072225494651,7.884842577742576,2.6862253885243312,-8.82870207908777,8.661763394577115,4.095013315490998,-0.8757619682755298,-14.138492193268382,0.07897829560132585,0.2636617337861624,-0.10793200933923863,8.365563018603494,1.6525681687708698,-2.5799364157941778,-6.463140335592723,-8.601776829257284,6.265219084888782,-12.06523809922569,6.382886672439454,-5.544598664581975,9.938146261344832,11.203848775247094,-5.380507350186195,-9.198793275663744,0.02273322683038259,-7.409416882064738,-6.464476796747794,6.355161331079739,2.6587968235468047,3.778284797637488,-0.8919984266741006,-10.962754441016054,6.946880433615011,-5.444754134085681,9.01647086189233,1.7639743944628954,7.4643947678115605,8.606696554992102,6.205596715945411,14.361749474939534,4.025352477845114,4.980657305612973,17.357300400631537,-8.775716811422281,-4.209140636642127,-5.776190682381405,2.959858314395836,6.1889363917789595,-3.1175477688590423,10.250309286341219,4.1750804040309095,3.9923560890639394,1.1827906054601085,1.0107740229405415,-13.044149824079387,6.038849568179408,2.6781341874783857,-7.7795460331906074,-6.095020043657655,1.8254771862887473,8.704459847327119,-7.615084869437846,-0.40749085770099747,-1.5341084475457762,5.303991540857434,-10.721655922871687,0.8122421795574475,-3.259501070490635,8.331341742315065,-2.6161136274133385,-1.0905012919086605,5.873566423828105,0.5183808101107346,4.497227554547079,-7.099285098068515,-1.2015566483785802,-2.7356229300526316,-2.3260761251273214,-1.4682861312199318,6.120113770754605,4.462868588710679
neuralNetworkClass 	class coursework.ExampleEvolutionaryAlgorithm
INITIALISATION 	OPPOSITION
SELECTION 	TOURNAMENT
CROSSOVER 	UNIFORM
MUTATION 	STANDARD
REPLACEMENT 	TOURNAMENT
ACTIVATION 	RELU
COOLING_RATE 	0.0011
TEMPERATURE 	100000.0
TOURNAMENT_SIZE 	90
maxGene 	3.0
minGene 	-3.0
populationSize 	110
maxEvaluations 	20000
mutateRate 	0.95
mutateChange 	1.6500000000000004
seed 	1646684373006
random 	java.util.Random@3ada9e37
numHidden 	14
numGenes 	129
Training Set Training
Fitness 0.03520214404968971