-12.270933741651552,4.89976891167216,19.26767544460332,-3.427096952865792,7.8916974072738455,-4.5612008323664615,-5.990403554386209,5.466614261413456,-14.321989061528198,-0.12662062125489193,-2.764448699662566,-3.9340728104960663,9.84051895439685,3.193646735124064,5.0251726200007525,-10.73715639937892,8.793236223928997,14.452249166934186,5.6878111163929255,-7.982377565708562,-0.9926050786973892,1.2669887634828552,3.480752046564362,4.231141201770007,-1.0219244498009195,-2.430352856035257,-2.543818770626208,-2.467449544872001,-17.90197575161143,14.55279011845475,-3.08093633229851,-0.7966489157018479,3.65109377199507,17.36439085024088,-9.22697445651464,-5.024175117163988,-2.948581534198409,2.4856602278138116,4.163745884818709,-8.45196196002252,1.2056076984398452,-3.1994800050074783,5.499291049205905,-6.400557045874219,-7.8860890372953385,8.625699711869359,2.9842435657651496,1.120392225351496,-14.397518696006793,-4.481512702148638,0.14940212028744693,-7.014317226398649,-6.457463509833479,-2.085291785650872,3.9412468878651694,-7.593459345226195,4.213385976502187,-1.2774441781482349,10.755291184429899,-1.9627468498111824,0.7549684986061154,-5.7915569621333525,-0.3451408239640248,4.191957573127357,0.9817115369362632,2.709090356879324,-2.9382486710358773,-6.656115667443123,8.943200860192249,-4.060385186933327,3.137682795373495,-10.016342515785539,2.918316112302108,2.24042891502288,6.29530080617279,-2.844953976502209,2.518162873531436,10.1163072575571,3.485008424848784,0.4658602657987254,-7.100697302636904,-8.330976359711562,0.6987452231019855,9.038481936611618,2.3024540563407747,1.110510427668589,6.2142969056087285,-0.8311841423218791,1.5330096372920528,12.966537149427381,-1.9263743629434087,-16.995754199953012,-6.061612957706437,3.691452686307514,-7.453859623668668,21.980475048043864,9.31340219633025,4.512582846378133,-1.4272602725595869,-11.826070722364651,-1.971475135782903,8.208420834646892,-3.131108960236878,2.13069505149846,-4.072947600122404,6.247796165846935,15.93492386280267,8.97476657806141,-19.224098747245264,0.12775421206622006,-0.5708572023259535,2.7776660910630566,-5.6691028685934235,-0.15407573965334542,4.25428318904838,-1.2616945375524473,2.441110813816949,-7.771297653804636,-7.35974290650924,-5.823752277748886,-1.632042128171347,3.2596218461785265,-12.623941771773477,-10.166669729638782,-3.766542241363066,-7.087169517741591,0.851116367000893,1.7079015138697997,-0.7117867303001475
neuralNetworkClass 	class coursework.ExampleEvolutionaryAlgorithm
INITIALISATION 	AUGMENTED
SELECTION 	TOURNAMENT
CROSSOVER 	ONE_POINT
MUTATION 	STANDARD
REPLACEMENT 	TOURNAMENT
ACTIVATION 	RELU
COOLING_RATE 	0.0011
TEMPERATURE 	100000.0
TOURNAMENT_SIZE 	90
maxGene 	3.0
minGene 	-3.0
populationSize 	110
maxEvaluations 	20000
mutateRate 	0.95
mutateChange 	1.6500000000000004
seed 	1646684373006
random 	java.util.Random@3ada9e37
numHidden 	14
numGenes 	129
Training Set Training
Fitness 0.03912546660887688