7.326948013831737,-15.590671661673403,-6.277836346677521,-3.4348595082908373,-1.9097076314751398,19.347538232477255,6.993167301538864,4.4357345662637595,3.7782460849984503,3.9462759794432607,-4.409265899959085,5.244958407235801,6.940831788739373,12.32756860575363,-6.848018895418823,10.376315815834724,25.784894287605958,1.086412738753447,8.025832895328804,-18.965705393410595,11.298809182068338,-12.737477349254224,-20.793414773156513,0.2673821746166265,-6.785227942416302,5.118151125608659,2.000993224803082,10.230350267724802,-1.5753257625232253,-1.6289086615148847,13.504063422882016,14.048787862766998,-5.669198624870006,1.131579219368101,7.7177221599040955,13.14221157050248,4.815327938345991,-10.621077807083559,0.9430077473093359,-1.6070444738448657,-6.447187736479762,-11.861706269824149,8.960425328204485,5.866389431142506,8.017636386171793,-6.269762906062247,-6.165415876720749,-1.6561194815071465,4.453562260263963,3.0150367506648,-6.1117783627790825,-7.376727052250169,-4.7246828997813495,-4.558778315950377,11.987205789147193,7.236472172148735,-3.539571780633528,10.15025267477571,8.17495251018818,-6.9162999621167405,0.9192232925065671,2.554215229998782,4.391113010043606,6.732026367390171,7.632920484826154,-13.923120041499697,-9.452679101299093,3.3870625411496507,-6.71206121039644,-3.269146633247976,4.791864006765406,-2.383407922470149,-11.068819686806838,0.9963344620460832,13.892377267666836,-3.7608143560812106,6.183389084579691,3.6080897397006235,-4.812879431272242,1.2541418141403788,-8.439749057748992,9.292887125248917,-20.049449605804803,7.491924531665774,4.065501055534637,1.1855605577809758,1.3174054683606702,6.21696254527855,-6.904616144606919,-20.998299482107235,19.852576281817704,-5.822482338589715,-27.195307520365105,6.15394635511377,-2.5711936608900317,13.818036936352561,1.9758215814794786,2.638487392310445,0.7176847455151592,5.842243229799649,2.6824842264019297,5.499794173353164
neuralNetworkClass 	class coursework.ExampleEvolutionaryAlgorithm
INITIALISATION 	AUGMENTED
SELECTION 	TOURNAMENT
CROSSOVER 	TWO_POINT
MUTATION 	STANDARD
REPLACEMENT 	TOURNAMENT
ACTIVATION 	RELU
COOLING_RATE 	0.0011
TEMPERATURE 	100000.0
TOURNAMENT_SIZE 	10
maxGene 	3.0
minGene 	-3.0
populationSize 	110
maxEvaluations 	20000
mutateRate 	0.95
mutateChange 	1.6500000000000004
seed 	1646684373006
random 	java.util.Random@3ada9e37
numHidden 	11
numGenes 	102
Training Set Training
Fitness 0.013925226084368471