-7.058373599849411,-4.764460438007518,9.283314715476388,4.139155070237786,13.843130053176015,0.21367921339988705,-9.495010640229644,-5.406092418980824,-10.586412621253631,-9.073087011662198,-13.127264263760665,22.951935512067706,17.991444660230606,-0.8227549832670524,-13.477733737381287,-6.152013459718467,-1.6661879975790663,19.44942988962533,-11.004897871747442,10.855169482081664,7.918428967176611,-1.2235265817399243,2.123385835036288,17.682688348935223,13.780057161887198,-26.002314141794024,0.5652478727755064,5.206820279230307,-0.15802378206780876,24.47455632024196,-2.4620624996177325,-0.6646301405239434,-19.38930828102393,-2.5909800085714405,-6.227911673403441,-1.0961226839938858,9.596875245495308,14.325479260854069,-10.375828075718443,-23.21259238853122,-13.542013583803804,7.382242081256608,-9.164643609374412,-8.615207501116908,-12.572056574082133,11.169836319947423,5.813664036521234,10.89274441782087,12.00663418674443,0.9329550597896059,8.542490363798919,-6.514689969438653,-3.673019888368337,2.7695842669787716,0.03222215619230262,-14.300325498141115,-11.150313920149339,11.965163539829447,1.382860490907559,-21.647621711725556,-2.644266540815263,4.5614250132872804,-1.9857704753921634,6.020552542583399,9.264093671331475,6.88885269586881,-7.903477960025848,-6.329172104986132,3.6970634858114195,7.258503665107417,-15.222394711864059,10.454115405294928,2.148041699021068,-9.986773597607547,5.004681962492978,-10.892491025833538,18.476492347644857,0.5801095854663174,-3.623426127015753,1.7651036584028814,-9.287739324633085,4.545292942885233,-9.510932804324177,-4.572430486051614,11.546326506838046,-6.3109330880109535,-11.75057060825698,5.57587080424366,-7.926200701441509,4.834815084580097,-2.2188676345933356,7.554828821333947,-11.881714294409901,-6.47064874170849,5.029865080150526,4.7820755235053145,-20.843631669683184,4.687660571710869,-1.25474427777732,-8.625702051266224,5.325514914370613,5.801012584124084,-17.29363900729612,2.322032435079553,-6.817707812466454,0.6463505968253864,-6.417066861800372,4.621449923602795,8.532510290152608,-0.05148491541047484,-7.815301830499834
neuralNetworkClass 	class coursework.ExampleEvolutionaryAlgorithm
INITIALISATION 	AUGMENTED
SELECTION 	TOURNAMENT
CROSSOVER 	TWO_POINT
MUTATION 	STANDARD
REPLACEMENT 	TOURNAMENT
ACTIVATION 	RELU
COOLING_RATE 	0.0011
TEMPERATURE 	100000.0
TOURNAMENT_SIZE 	10
maxGene 	3.0
minGene 	-3.0
populationSize 	110
maxEvaluations 	20000
mutateRate 	0.95
mutateChange 	1.6500000000000004
seed 	1646684373006
random 	java.util.Random@3ada9e37
numHidden 	12
numGenes 	111
Training Set Training
Fitness 0.011778609170104285