-10.267593533846595,5.977511202212844,-8.960786994016596,4.332706796665757,2.5429034019103653,1.0710492764277646,5.6787817449082105,1.355285766704565,1.5331739486763336,10.643214893577094,-2.207974465016442,15.565781628597563,12.372364166982617,3.5272772963486663,8.90079205544958,1.4769139556742505,-14.006542881051539,5.359846727826523,-21.998597067467237,18.839348379635567,-8.43579808302299,3.431317172713589,-5.830022188746771,-4.94511310919189,3.2642136751985227,7.6321194784596145,-20.297744617638713,10.675366959787263,-1.8234426678037883,-6.601101098247394,-0.9488917886483659,4.704079157070552,9.040019166985804,3.1432456579541928,2.4190869358140485,6.301277032835939,5.708660416366364,9.136624363179124,5.619971321370494,5.342620614727037,1.9281374225935952,0.8786623903726927,-0.4575543606808665,7.539158626196314,7.9136638349752175,-0.5080262554346389,-6.819343198714682,2.649721484777592,-5.047618336618143,0.9152102241800817,5.59055413774988,-7.298637698178981,-7.49670306758912,17.457047431194624,5.687550264134796,-9.619251709331508,0.18082785526651346,3.3773286694442914,-2.8798165618012974,-5.680828340710786,-3.016596170462102,-4.122394267947232,-2.363897986460806,8.216113490743393,7.06644295762927,-4.988169374809277,3.850832406922324,2.4810606516359286,0.7594281167282118,-10.881031209730102,5.286432855717951,-15.37945895270087,7.339691154644972,-5.0171813550065565,5.166275371052221,3.6571079337105097,2.3009057111408655,-3.3596603999823644,5.633839271918662,-0.4607296952283466,-4.457820298849759,0.6383049830572203,-10.642459646873528,-2.9138689932551465,-2.695970518947215,-2.5708877751468133,-13.259739725577388,-9.192238995937604,-15.759592427651459,-5.199901198993327,-4.478619317434118,8.55210269184413,6.0413474891565535,-3.2532722032109747,5.440769141009907,-5.848538179568183,0.15867889220213183,2.078521836886813,-8.671698098797162,-1.773587736052999,-7.062342510948007,7.337641091433822,6.389151620892379,-7.197795388779452,-10.879755685095128,4.913515961294661,1.924207168921935,-0.24746629553770028,8.211160316609117,11.70295979654746,-1.5433661781014205,10.857787520783914,-9.164268127649587,-1.4562949006620212,5.729723220631154,-8.600336104132559,2.8189344677024337,13.290319075640777,-4.802178136342672,6.111308696766759,-0.8720689270627462,8.054973199904982,7.451269380268088,0.3618928737488245,5.495794548697738,-6.998445815287294,-4.952083985174265,-16.97318633920385,7.4819912728869
neuralNetworkClass 	class coursework.ExampleEvolutionaryAlgorithm
INITIALISATION 	RANDOM
SELECTION 	TOURNAMENT
CROSSOVER 	UNIFORM
MUTATION 	STANDARD
REPLACEMENT 	WORST
ACTIVATION 	TANH
COOLING_RATE 	0.0011
TEMPERATURE 	100000.0
TOURNAMENT_SIZE 	90
maxGene 	0.9999999999999999
minGene 	-0.9999999999999999
populationSize 	110
maxEvaluations 	20000
mutateRate 	0.95
mutateChange 	1.6500000000000004
seed 	1646684373006
random 	java.util.Random@3ada9e37
numHidden 	14
numGenes 	129
Training Set Training
Fitness 0.022348873961693074