-0.2389487419148386,8.297945007598496,6.796833755397148,6.3155029013478305,-5.164367612119388,15.003793295908316,-3.40038909053064,11.443552770067836,-8.536762259837149,12.999290179222973,10.00768278064879,1.8996922602895836,-6.644522057171709,-5.1229731814258885,11.789757036900696,-8.283089209798728,3.102011032139874,-8.542333380285687,0.24931466876854458,-15.012913127319392,1.8604238480832063,-10.013776668784127,1.7184086488895796,-11.253349765788988,-6.541653078372423,-3.1192675302308093,-1.3707919986303407,10.10434356107819,-6.309073379646836,-0.29181250326782227,3.446704457033846,11.466717302540895,-11.822948039451347,1.4413239386613306,4.7606465204932675,1.7550771053163983,-0.16324345986793087,10.147294782954141,3.1181648098628223,3.4144393047215136,-3.530010259641715,-11.774507927608248,-1.5692993658124301,3.1906357055040804,-1.5465252445825017,11.39673010331031,8.209748234648615,1.6460450789408512,-13.02235549573214,-1.9002832194523744,1.5755698171929406,-9.702485413556523,9.619669530882064,-7.976799386919561,-4.85855944770382,3.24187022332492,-8.358633899382445,-3.406608220156609,-13.296870493128514,-4.814998506355855,-1.4877044550556704,1.5462163784439733,-8.290779390867144,8.059841270200456,9.988639622167641,-0.20732555464110192,-5.19747351879519,-0.09335207725107963,-9.722539967867931,-7.966967344354474,4.806246126270617,-5.054167545951094,6.333723802510069,-11.658205991598933,3.0306661714769447,6.349159792313425,-9.976000635270433,-3.469652471224249,1.7471035270774316,1.859488681392829,1.696001903290556,-4.7020879750514375,-0.28456404541920843,6.422301236352984,9.667189964979071,1.4538487284264217,-6.3900345017591125,-13.425891400806805,-0.1116114847578693,3.135628933585666,-3.5844920822018285,-6.766594616939363,16.299937253586844,-6.893296767803401,-0.2384999667982992,-4.740818473539086,-4.721863470248863,-3.5027697530948245,0.17656505605511308,1.3800858363432544,-5.2312136753617935,-3.451916454695267,-5.070625371496348,-8.24582811808954,-1.677612443564784,6.384766307045277,-9.876205493738718,-1.7052575192897343,-13.167901835569234,4.682824374042166,-5.062800488522271,6.842144948354909,-16.66919013088939,-1.5599407478418486,5.080491622272994,3.124455634616078,1.3777352160888539,-4.706696664486904,-11.733246461485475,1.7318276558440466,-0.19233254485829754,-4.7412690051647495,3.5526186783729052,-6.370137992612223,-4.872400129460026,6.334639617562155,-0.08766339789044864,-9.843301771284782,3.375663942096036
neuralNetworkClass 	class coursework.ExampleEvolutionaryAlgorithm
INITIALISATION 	RANDOM
SELECTION 	TOURNAMENT
CROSSOVER 	UNIFORM
MUTATION 	STANDARD
REPLACEMENT 	WORST
ACTIVATION 	TANH
COOLING_RATE 	0.0011
TEMPERATURE 	100000.0
TOURNAMENT_SIZE 	90
maxGene 	0.30000000000000004
minGene 	-0.30000000000000004
populationSize 	110
maxEvaluations 	20000
mutateRate 	0.95
mutateChange 	1.6500000000000004
seed 	1646684373006
random 	java.util.Random@3ada9e37
numHidden 	14
numGenes 	129
Training Set Training
Fitness 0.047804011377934635