-13.67768925531378,2.165430277640584,-5.260786047221915,-6.029133603036381,0.5071681149241911,-1.9179340920057526,7.786477632886715,-3.8703859817693465,-3.870078139148595,-6.4091804340461875,14.561998731281301,10.13157968312382,-7.71364558570479,3.525304893843696,-3.3778570121982376,2.8341033845693975,-4.426686370518539,0.4030646434565188,6.270177120294089,-8.557403927835313,-11.815012283187386,2.923148637222285,6.726355586597998,-17.88313556415443,-3.4564926309871353,-15.304010557750061,6.171903800440004,-5.088636800490962,-2.95356847066523,-4.932277809611358,-5.114022619565002,-5.103517942275676,7.021094524648879,3.430390891977079,-4.979151246925033,-8.293979351198372,6.620714590338812,-6.023718475608293,12.774244657850318,1.1915526375165175,-1.8704143530375221,-12.991082037496751,4.618929653217286,-8.162573708785299,-2.7854041096383995,-12.78494505506425,-1.7616973132411076,4.600696019612562,-6.7322612614210335,2.731297480463848,1.7429457781961757,19.588326156361347,-5.020796577984838,4.8557750627414205,-16.843264416211085,3.169555111222948,-0.08694522337606436,-1.640406071103028,-4.8376993447934975,-7.805644744741626,-1.922566880547837,-1.6054113181524219,-6.36572121163127,0.14946996207582508,1.6386274541927257,6.573191284074705,-1.4849988060119141,19.281557155760225,3.7732965437505666,-3.4869680798749734,-3.649098440787382,2.9525144694153393,-1.4644647564299316,0.39318357124962766,5.009120518876545,5.415109346455515,16.635403961847736,3.4607585244735013,-13.417552744929926,-4.842417423345544,-0.2170373811799724,-1.0941374936452766,1.9669124520801233,-3.3360575691533336,-8.7532292414151,9.439708435692825,5.4600184865806245,-0.22778798132162859,-8.34176141482164,3.0649890752464914,5.3787644064539,-5.014059839017905,-6.286865231734407,-1.8305955864921533,-0.4147047859768831,-14.345167258567605,-1.3710206024290423,1.2025368363840991,7.934177220771101,1.5384081646066807,-1.4880284734843707,-10.186936142795782,-4.5310273814785695,6.952127753747474,3.419523535224183,-4.572405459387674,12.096958382838544,-11.381501347838233,3.524395574230823,-0.05578603683952288,0.3095068661989715,-0.4438064699035209,3.7438460024454017,-2.9068847808484453,15.291816842650176,-3.261721337342699,-15.957865194540588,5.233496862995128,0.3293558342426497,-13.013811946959736,-1.2528603261476228,3.860199556980014,3.4195466566477046,-0.3108705344468614,-7.008234411326125,9.985352981961908,11.935902480274702,-14.550846645223599,3.148251156461132
neuralNetworkClass 	class coursework.ExampleEvolutionaryAlgorithm
INITIALISATION 	RANDOM
SELECTION 	TOURNAMENT
CROSSOVER 	UNIFORM
MUTATION 	STANDARD
REPLACEMENT 	WORST
ACTIVATION 	TANH
COOLING_RATE 	0.0011
TEMPERATURE 	100000.0
TOURNAMENT_SIZE 	90
maxGene 	0.6
minGene 	-0.6
populationSize 	110
maxEvaluations 	20000
mutateRate 	0.95
mutateChange 	1.6500000000000004
seed 	1646684373006
random 	java.util.Random@3ada9e37
numHidden 	14
numGenes 	129
Training Set Training
Fitness 0.03586916007760601