-5.953470905732562,10.868293343244646,6.962931103300202,2.6130394235132446,1.6188636041753952,8.213001533171099,9.063292913173047,14.620360128117461,2.447994292108005,4.175823801547794,-3.936406684101703,-2.7312418558901514,1.735855147547948,-1.6749631667019669,0.9518574687063808,5.74027603196625,-0.7835326809326766,9.134707640291385,-2.598094056235011,-2.49294924874229,-2.615817756699201,3.618465361090755,0.15828174543394624,2.5601129843282173,-7.421407323415242,-7.633531050996064,4.351025110485439,6.736440507691677,3.7251844916021293,9.07395841049915,12.279331034148218,5.079912204357289,5.107771132148116,9.016152007271314,-6.697291952226304,10.008158354766914,-5.154297734076788,2.3502458832293627,-4.760359575578168,-1.5533356502866553,1.018683317379848,2.493956613446067,-7.81193209186787,17.010448509366448,-7.589761611474296,8.53488101808787,7.5943304294579175,-2.317059424567292,4.104316499763247,-0.47956777789953886,4.110980002757446,-0.9277026351264759,-7.826692932048127,-6.648874960921204,-3.5182587114915744,12.760612523400944,5.108638682377864,-8.847442309663903,-3.255110045670259,10.110781167829318,-4.901498086460549,-5.930212143551211,-1.5496166067787414,7.021313679047687,2.343230752503697,11.52238550127106,-8.887611952079064,-12.451466637306984,-12.767960420988542,4.310766073972895,2.330669932242201,-1.7840484829702907,0.16894983615954828,9.4967416676339,-8.408650857691327,-4.728039515863433,-13.350944015071464,-6.202790570664789,-4.400070780593371,8.912625570983788,7.2087103800662415,8.49791007764498,-4.707564818032401,-0.9301996401035435,12.707481979439061,-5.884990374266197,11.555851500571164,4.243417657976532,-9.97095604950436,0.24929108759986995,7.5437062280187295,-6.010217153821877,-0.5978233080438993,-2.441504703007534,6.367926268167592,4.603128582385181,3.73328730592934,8.082402054366376,-1.508138787991852,10.874419854194889,2.6284821290911626,14.475917431162781,12.256517385273035,4.951299574178863,-3.228105480832289,0.725684084469977,-4.917389074915263,6.521891751245741,-12.290719428993015,-2.766606455122229,6.152658294841732,11.939191421368616,-2.356073342300025,13.456859843781292,3.45945856214213,-14.610035348656302,7.899911376196771,-1.7417971343547105,0.02861787848481967,-8.974933333863063,3.80879695808183,-9.983889095529978,2.414439065500276,-1.6804368811324535,1.020364064181682,13.426974439382379,-1.1205677319299037,3.758387748901553,2.5149804855621127
neuralNetworkClass 	class coursework.ExampleEvolutionaryAlgorithm
INITIALISATION 	RANDOM
SELECTION 	TOURNAMENT
CROSSOVER 	UNIFORM
MUTATION 	STANDARD
REPLACEMENT 	WORST
ACTIVATION 	TANH
COOLING_RATE 	0.0011
TEMPERATURE 	100000.0
TOURNAMENT_SIZE 	90
maxGene 	0.9999999999999999
minGene 	-0.9999999999999999
populationSize 	110
maxEvaluations 	20000
mutateRate 	0.95
mutateChange 	1.6500000000000004
seed 	1646684373006
random 	java.util.Random@3ada9e37
numHidden 	14
numGenes 	129
Training Set Training
Fitness 0.01596490700098702