8.976935305571471,5.365554701834119,13.36785831895512,-1.1303483985697236,2.467381644482823,5.76313639066007,1.3575731357596856,4.733724460394871,0.16808745339061026,5.639963148618803,16.17067285200629,-14.901147568781038,15.598483598308524,-0.4606357750915624,9.191123325069405,-4.302936311645956,7.894225834288986,-4.342799306970706,-2.006830750873286,-5.71960039842352,-5.4177041342548815,-18.338637068364676,-13.01945516158048,-5.959505717932079,-8.112740756879539,-4.556550524357904,9.382395541738473,-5.084471530103487,-5.8135108804219815,-12.383571032563877,-2.3006922973175534,-7.51511543314588,10.442714461249365,11.329515998504249,-1.4778604777391022,7.378007037622307,10.040295356367414,2.3164101003437265,5.4131422088045955,2.3376389164016853,-8.862824546407003,8.825468967611354,7.243158480602982,-9.271217687475978,-4.9324886160345045,-9.649689612017026,5.770481970035284,1.3233967024673703,0.8905214493955507,-5.363242515852058,-8.673742826467208,0.3170280140274606,12.679145287994686,13.986966790382526,0.8380979923034815,9.047225530341242,2.5776537121059118,5.813994799373829,5.877898786390929,-0.6652182969113962,-4.269606898966781,7.119988097328633,-2.238390936172925,-10.992501269701762,-4.95560427011327,-4.121402569852853,1.8080384969427925,5.592357831134937,-8.853364397184558,-3.8528588495487064,-2.419440663377075,-5.274358892662582,1.932256408609847,10.666466325182752,12.4398656972377,-0.7182757021703452,-3.6268596258706367,-6.473626524694749,7.127748272891836,5.25993394760564,2.4667432787430172,7.281897509751943,-4.068857260166235,-2.104968350314734,-7.396843336565851,5.950657884781551,11.24249967152276,-0.47943640326817505,16.763912749884575,-2.346091235188169,5.5868288123551455,-5.634520485850713,-4.310907117253987,-5.566150176858872,0.6275613402885263,-3.346895883269765,-0.8401555309456281,-11.262827773038143,10.892674348048955,2.2977105187756237,9.091461654309516,7.899741357977196,1.1293173457046706,-3.992380992748907,12.817729543410199,5.2997380794077635,14.949475157453746,17.004917854726287,6.67028065998087,2.516501203589847,-14.278995012731107,9.410571112029066,9.417256867178502,-6.110262076070416,19.737673164061846,-3.880145903288537,-2.476381627735754,-9.081311517124135,10.068622138441933,6.156726992708924,1.580988252241804,-0.4767446266814739,-14.608008635534501,-7.203071354393273,6.677968672096711,3.40902715252549,-4.390788755069025,0.7882452932302915,-7.957592816683091
neuralNetworkClass 	class coursework.ExampleEvolutionaryAlgorithm
INITIALISATION 	RANDOM
SELECTION 	TOURNAMENT
CROSSOVER 	UNIFORM
MUTATION 	STANDARD
REPLACEMENT 	WORST
ACTIVATION 	LEAKY_RELU
COOLING_RATE 	0.0011
TEMPERATURE 	100000.0
TOURNAMENT_SIZE 	90
maxGene 	3.0
minGene 	-3.0
populationSize 	110
maxEvaluations 	20000
mutateRate 	0.95
mutateChange 	1.6500000000000004
seed 	1646684373006
random 	java.util.Random@3ada9e37
numHidden 	14
numGenes 	129
Training Set Training
Fitness 0.03185924710096882