-20.783878440840425,-14.535762376405236,7.687234661946956,-1.162728695491598,-3.777379089547365,-11.060252981723293,6.100951619448592,-3.814778660455154,-16.99259854766285,0.3608399108511442,2.829119826033839,15.202072830764726,-19.799858240927833,6.286587099589884,19.16035144364882,6.042576789755007,-18.194626496698135,-18.559066040876658,-17.113478395420806,1.6516981347496422,12.4733549341273,8.766305137526922,15.685909212728566,18.6100761515088,-3.1720658034555242,-5.695319659780607,-1.1860681620544113,11.167276761505791,-5.092408212387122,-3.8502691006885694,-7.727688143440359,-0.3054876375249549,-12.610478274851305,-19.25084425687698,28.159933005371336,9.792804281480306,-11.982214420504125,-16.29059764513822,13.828568935557445,-5.915641171848026,-6.804757089123589,12.315503788954473,13.574086567961555,-7.5557754210691,10.025134983470375,-6.073188552585755,7.6886488501941646,11.896095951448427,18.701869902458945,-7.405051777431057,-4.118135832922945,14.850423391140728,-11.74826970312719,5.273356101320136,7.098751013472153,4.45479136824448,-6.887106283415319,-1.6016443289884732,16.869808032943943,5.055816315638795,-1.7296675297394621,-3.780313884553597,-10.426598217132886,-20.111380379300797,8.924824837668972,-1.296706172789742,-7.176891946458634,9.464222482194565,-14.42350982287484,4.715086129446508,-4.787439906943515,9.517010598703592,7.691923694065595,-7.3315320577676,-0.6293485824049343,5.423363974547105,-14.449816614785034,0.3828883033348216,2.1219226870064567,0.23973882935864843,8.358573247732508,-2.7662844949626297,-7.869824781477799,0.5928123634370568,4.1388111055106735,17.765318339818812,22.09638462131388,2.4306241600084295,0.5587494420958556,3.3131479025932578,6.087716846302209,4.565687972887961,-4.5007617948835,4.318300601729035,-9.101467859960685,10.751097799213648,-0.6254086260932699,-4.277136926339353,-8.787705507545104,-18.917360326884,11.287706101567746,10.987750698255732,7.567227238055008,-7.752887071137793,13.478994507272606,3.4200050799890267,4.728983501743967,-8.786816885363804,-7.372926697186596,2.2450367022046613,1.8710500081338086,-2.165857123877486,7.829082622870997,1.2424974948999026,1.0522785242246666,-18.657503012900733,-8.454078352114603,-15.001142556437859,-0.7428930874744424,-15.885660432037877,-18.35738448527006,-4.937171249398004,5.211884697251463,18.659734902167585,-8.522848224643559,20.593391481656248,5.063540336342015,-10.931897323508819,-11.87646204814059
neuralNetworkClass 	class coursework.ExampleEvolutionaryAlgorithm
INITIALISATION 	AUGMENTED
SELECTION 	RANDOM
CROSSOVER 	TWO_POINT
MUTATION 	STANDARD
REPLACEMENT 	TOURNAMENT
ACTIVATION 	RELU
COOLING_RATE 	0.0011
TEMPERATURE 	100000.0
TOURNAMENT_SIZE 	10
maxGene 	3.0
minGene 	-3.0
populationSize 	110
maxEvaluations 	20000
mutateRate 	0.95
mutateChange 	1.6500000000000004
seed 	1646684373006
random 	java.util.Random@3ada9e37
numHidden 	14
numGenes 	129
Training Set Training
Fitness 0.027127493357437322