6.939482039331233,2.249499582547722,0.5901318185404492,-6.696431123960907,6.244811432397225,5.318095885576837,1.2738309893106408,-1.1049261377371078,-1.9337462727370038,0.25237760771729345,-2.9131237005119797,-3.306466413823461,5.736829791063928,3.638556953640844,-5.17899289243527,-1.2427821777961974,-5.352277765307284,3.4172594981709823,0.5419797789252883,-4.63594950821623,-4.510052752538647,5.86574887785975,-5.461079946418426,1.6639198383098863,0.23824272447392847,5.882015646139452,-5.54998368079329,6.92533199790048,-1.1445227607520163,-3.188163006885568,-1.8010849966872495,-2.2967522381837417,-2.7451250637123206,-2.0467364499250724,-0.6210852909812896,3.042058292048086,1.8038332596198243,-0.4961439808744723,-0.537708744814366,-0.6977402257400076,-2.612907554956254,1.8843489220675882,-1.360180076164399,-4.2885011268005115,-1.0814949614247977,-3.4717189806093742,1.5607942339428895,-0.05972952929349029,-2.300366536633578,4.220490018785989,-3.553423168170887,1.7396566049707598,2.9198917236523085,-0.5517706685157968,3.990951266615604,-0.5468927709935212,-6.423072475654317,5.947022552401442,1.4382771701710073,6.376371409213485,-6.182568362196252,-2.820767151987164,3.1956880093214464,1.7892962723154402,0.9075373204694541,4.276682381494054,3.8383034182417948,-3.329677383915504,-2.761534020750078,-4.590484152257477,-7.293339004580407,-1.8208861688534306,-2.8429474169836526,-3.488135901640442,-6.176688915576598,9.254864181045225,7.4822723305863175,-1.7492814838501172,-0.17925265886220698,-0.3225578748867841,-4.07212628679731,-0.9322071531748946,2.825584329389825,-1.024365488220079,-2.6522928251706244,4.105001310210541,4.634126051023135,1.9913656153351114,5.354322451694526,-1.4574533623730457,3.8422027321844308,7.520874713153651,-0.7671056861438155,-3.3155307215036114,4.407389947675197,-1.846553512294368,1.3815172530749553,0.2698661825338404,0.9244572065383689,-4.034604750236588,-1.4446029988854234,-2.981147569831821,-8.764874426160457,1.9016164720229511,2.576450517767052,-1.309309189330004,1.2709534548640224,5.339126935267044,6.341309566471857,-4.612618244326581,-5.606602188557437,2.7766221243396068,-3.6302935344102236,0.9293579799599163,-5.852162117162438,2.381194772828289,-1.368290391566953,-7.7892044824788815,-6.2614219591393905,-2.7020394565771415,1.2262544341625299,-2.6395976009497346,-1.5404138945595536,1.8404517628567554,-0.44509565887384683,-0.6105837366904794,-3.169048174954799,4.629246001441671,2.943758755620376
neuralNetworkClass 	class coursework.ExampleEvolutionaryAlgorithm
INITIALISATION 	RANDOM
SELECTION 	TOURNAMENT
CROSSOVER 	UNIFORM
MUTATION 	CONSTRAINED
REPLACEMENT 	WORST
ACTIVATION 	TANH
COOLING_RATE 	0.0011
TEMPERATURE 	100000.0
TOURNAMENT_SIZE 	90
maxGene 	3.0
minGene 	-3.0
populationSize 	110
maxEvaluations 	20000
mutateRate 	0.95
mutateChange 	1.6500000000000004
seed 	1646684373006
random 	java.util.Random@3ada9e37
numHidden 	14
numGenes 	129
Training Set Training
Fitness 0.040126044539529455