13.23312846582685,-1.8199759114940637,19.99025155545978,-3.4620693121842434,-5.113380698165901,6.770794290180293,4.987292201012646,4.974740692281913,10.007719419915047,-8.124392349984333,3.329796042117824,24.93638440781961,11.486892389873148,-9.887411840325386,-8.161845859967324,4.902045774963096,-11.729510961257914,8.366715469577242,-13.275750036600856,-9.907009606895963,0.0610868594769034,-0.13060848130578417,8.111411107175904,-5.081055567775849,13.042286621810186,-3.243638651485094,-8.431527250736586,-9.86782038507788,5.140185334157309,3.118258271583909,-6.7624451320328856,14.67876960405146,0.19663555628286034,4.861558896196169,4.754295849613585,0.19624873712965574,13.15479142544194,-3.486250597257232,-4.9590741014303585,6.629169731450128,-9.854667489926994,4.935019880725196,-1.5032959148277598,0.06882245742445114,-4.83785262470521,-9.960180685008558,4.816883580348929,-1.5793581664826064,9.979149038729425,-11.414880742081737,-6.509489704791491,1.56259798118535,-3.214714583775767,1.4982500980492013,-1.6409992423118878,13.230128084613659,-18.09730165012771,1.8456892112258458,1.461585521089054,1.5479343051648953,23.253375423700334,-6.564803942449846,8.200345301105498,-1.6237616300453297,-13.09747047661675,-0.10279514137890677,-14.873292574927362,4.848848655993747,8.432331425073013,-3.192598847577143,-4.8670890324533795,4.802661311359394,-6.412488167247156,-1.759075954453806,-18.273910617002613,4.832982751810091,-11.465260701785606,0.08965177537079949,0.019260316129985355,-3.3436737495823525,0.09057157605951494,-0.022456301857886274,6.592652685039479,19.62210115746634,-3.2018316537336613,6.7250273722861795,1.8104418788318846,9.83687874935748,5.070843909991176,4.891935337647329,5.122104441144739,-8.100315494065509,-6.729070891461445,-8.230488596120164,-4.8657556287884915,0.04403204621235268,6.555302301019553,-3.204477808551859,3.157883646173561,14.742179817619444,-5.105660028251174,-13.01747479205544,-11.682149717267325,8.299356967943744,-0.04107205293268179,9.82786032583242,-4.794962091026687,-9.799529318739117,-18.029434906357395,-19.78505284473389,6.758951324819449,4.919072860308736,-1.8275182132414542,-3.13101349882999,-18.162906678719658,-1.7418704867680157,11.655086110796244,-3.403820321539273,-6.490611610873652,1.6644019636223693,13.056941512177323,-3.235904971459659,8.159980027290146,-8.406985344064816,3.2128700502538896,1.471826688943068,-4.9646216637918315,9.946049766382309,-14.86633386632029
neuralNetworkClass 	class coursework.ExampleEvolutionaryAlgorithm
INITIALISATION 	RANDOM
SELECTION 	TOURNAMENT
CROSSOVER 	UNIFORM
MUTATION 	STANDARD
REPLACEMENT 	WORST
ACTIVATION 	TANH
COOLING_RATE 	0.0011
TEMPERATURE 	100000.0
TOURNAMENT_SIZE 	90
maxGene 	0.2
minGene 	-0.2
populationSize 	110
maxEvaluations 	20000
mutateRate 	0.95
mutateChange 	1.6500000000000004
seed 	1646684373006
random 	java.util.Random@3ada9e37
numHidden 	14
numGenes 	129
Training Set Training
Fitness 0.07090755738452105