-25.721546572316072,13.60145831839473,1.7825628002270477,-1.318092829567222,2.4975879823146228,-15.44678138793388,-0.4485187839577085,7.330678411676928,-4.316904728902806,2.350545373585997,-17.29341601548336,-0.6989719662129961,-5.381560333429103,-16.718637990148054,0.9465900251451593,22.187527235173768,-13.505208791878399,17.081885026275387,2.104568376795072,-4.0417111720548915,8.88205414727398,9.383113118300695,0.9648993968243991,4.741187536663488,5.621548521691437,-7.805378416279655,5.116513376987331,5.343437771889208,-7.743358200762406,14.84689800358368,4.651231055187916,26.354279758640573,-0.7365722046878975,3.578225822344913,-1.9643337034973385,-13.058964853079498,-5.584344026085553,-5.353522641963478,3.663124951689758,3.6327608346885825,2.0963990638722976,0.9957827502872298,5.350914655857004,2.92908495236847,-12.228321981613604,-14.904847977651206,-5.755028105723881,0.3026709855912113,-7.4184950603037585,15.790739501418924,-0.9723125008381883,6.732113226478793,-14.168468084470328,-12.674455541841544,10.946305434552821,-11.19207254178196,-4.066267838355817,-0.7200443789037729,-15.811752681884743,-1.8083735956242162,8.30650867450705,-7.925990765366832,-18.515921330713496,15.826861567180051,-3.6533900983514673,10.558973542874904,9.572232109301822,3.849946926141401,0.91942758961748,1.418936180904172,0.2754886044008904,20.380683596608833,-7.969323969463034,8.294737735667342,11.672304728810076
neuralNetworkClass 	class coursework.ExampleEvolutionaryAlgorithm
INITIALISATION 	AUGMENTED
SELECTION 	TOURNAMENT
CROSSOVER 	TWO_POINT
MUTATION 	STANDARD
REPLACEMENT 	TOURNAMENT
ACTIVATION 	RELU
COOLING_RATE 	0.0011
TEMPERATURE 	100000.0
TOURNAMENT_SIZE 	10
maxGene 	3.0
minGene 	-3.0
populationSize 	110
maxEvaluations 	20000
mutateRate 	0.95
mutateChange 	1.6500000000000004
seed 	1646684373006
random 	java.util.Random@3ada9e37
numHidden 	8
numGenes 	75
Training Set Training
Fitness 0.01583307372366545