1.6328467757896656,-0.8112876590937184,7.832507549874252,2.4617246052987714,-0.20949657308216407,0.10229786909368332,4.289000183679059,-0.26295880621870715,-0.9787004200020171,5.4448318587487154,-2.4711216313573345,-1.829356602443847,-6.971758410323535,4.3831575625056125,14.157551399410831,-3.729518607941108,3.0129766116739676,1.9300688895598679,5.025637652297794,1.982169160769221,4.625718984658879,13.322753897127027,3.2058692912795568,13.315111274543048,-8.282267361310714,10.66358761512821,0.680933485662842,1.4640171568965625,2.101899663269686,-0.23984846754058697,11.47063100558955,9.212094498583994,-4.911767409003128,4.390810643752019,-5.780687643111268,-3.1770834526754124,3.685016833217645,2.4741312194370177,2.019628420852702,-11.988839306823724,2.4425972406704854,1.5848766676379862,-0.8837881457219234,-2.371880174642845,6.065650891885654,-4.813728959770995,-6.237017547399043,8.606089865410608,-8.818883154234351,-0.21232667542919392,-0.7496507686474416,-7.023559143179989,7.822781152738182,-10.111240982146652,-3.926341315356648,3.7593819428656925,7.079844046933371,-17.76424238085044,-2.5181823102486174,-3.5808664940411434,-17.394376295187776,-8.907750530475383,-11.77490246391374,-9.463577029091809,6.193879816563664,-9.18352349524418,11.11370325027786,2.8209238147370184,-9.845932147211496,2.439076259968868,4.5037710782000335,-4.030539078169162,3.8531635258729304,10.699600562694409,-10.104965297568311,2.421507668008058,-1.5094762285959753,-1.5728656399476995,-1.6955209004970815,8.971703931197883,-12.866418816968036,11.489782113073197,2.372879040808119,7.3198273150006745,-0.8340062528029799,-0.11025652209542613,-7.283802915511444,-2.028147378073026,-5.313796987943282,4.5951520498685134,1.6013948339979072,-8.948561901554104,10.743179447630263,-8.873194698006177,-2.4437118469750985,7.539379793412593,-7.492536483412238,-4.142634263635383,-9.884343752706219,3.429278955499063,3.999438112124336,6.0325670951541515,-10.8891079420155,-2.2291303124369515,-7.416903296702074,-10.361587433661638,0.9780597923082679,16.41815850372256,-3.9676004760983314,-2.884695345762367,2.289303243430613,4.7077290808761285,-1.861361776753994,-7.890499832072649,-3.494872983453213,4.8632696355318785,2.051056970097253,-13.945763832602454,4.650150777796913,10.855583263791553,-7.5706921639271005,-1.912673589859935,-8.867485285697247,3.1930445684814615,-5.864856114875938,0.9389805052154845,-4.042807552492585,4.075668843520932,-7.5979159999383805
neuralNetworkClass 	class coursework.ExampleEvolutionaryAlgorithm
INITIALISATION 	RANDOM
SELECTION 	TOURNAMENT
CROSSOVER 	UNIFORM
MUTATION 	STANDARD
REPLACEMENT 	WORST
ACTIVATION 	TANH
COOLING_RATE 	0.0011
TEMPERATURE 	100000.0
TOURNAMENT_SIZE 	90
maxGene 	0.9999999999999999
minGene 	-0.9999999999999999
populationSize 	110
maxEvaluations 	20000
mutateRate 	0.95
mutateChange 	1.6500000000000004
seed 	1646684373006
random 	java.util.Random@3ada9e37
numHidden 	14
numGenes 	129
Training Set Training
Fitness 0.04759860662857826