-3.3297058368742807,13.300595256780172,4.645640536354877,11.07071650163963,-1.959426838809538,7.517645701331965,-2.2835038004913963,4.209151868849804,4.338473803167347,-1.3802385235055565,-7.9997417799686765,7.829247059033336,8.650096881696662,7.109277430718893,-4.270534944636437,-9.482945681214813,5.19450804144763,-5.724436480372081,8.97650292868925,-8.89903803600972,4.321409924543704,6.516343141949031,3.7416971880659697,-10.910842769484104,1.3219494069675601,6.362144505805899,-1.0070899774388264,-6.226259761058092,-13.28006921973,8.536297141804052,5.328411170479214,6.755581520445567,14.99156929161154,-14.176886037462356,-11.790604493913301,-1.0220041472106436,-2.0697232306475613,-5.005359537741272,2.520630399972025,13.42878982975143,3.828828121342756,9.161582257981106,-2.532671518738015,11.729225789789128,-1.1553781016592026,4.516758254444721,4.753445996238312,8.924930907271936,2.9446034147247033,-2.4703382400416753,-0.03878010226245676,1.9277588191917205,3.7947789709369495,-1.9715557211574541,12.163865417290673,1.2791039371557034,6.665111755300041,0.6708737009768502,-6.1470358988298255,2.1641445544733253,-7.386054655512787,-1.6914501713961592,3.499182814570948,2.102981472514691,0.5469631406979918,9.988898142038474,8.389572922337338,4.478619909957355,10.964050135382626,0.8171935511881383,11.196809584461022,8.483228138757688,-10.686716309701989,-11.033896711921942,5.935337333304793,-1.6769101832465445,9.064637838190626,0.37297035458246164,0.046502254724205105,7.369152918480802,-1.6531537080920078,-18.244706172308405,2.9293555637897075,-8.275940023636988,-5.34077111107452,0.3525976961307995,-0.804074149763851,1.6480320474806014,-27.473855501267515,-1.2318867464049337,-9.570634122042671,-8.855040368534123,-2.5949071921668407,-0.5135655548916649,7.860488848355455,15.556541004318843,7.99034921238571,-0.1664599400092701,-0.8471810738165928,12.296291461685083,-5.777628185407614,-2.3266876394966287,-0.45161101412003557,6.476731416010361,5.5690842231841255,4.499913354427768,1.276130151898113,-5.20795426552195,5.588492741778403,-4.511883417864105,4.011805625607654,-0.5850080565916111,4.5129586682582685,-4.846073158439358,-6.246951714369258,4.150817204759158,4.713804647752765,8.855551734407461,-6.9148217426276,3.112430622887736,0.11079377511969546,3.1300278339792342,4.763076248947003,2.740060954628868,12.78437910545954,-3.9864668746482987,0.22150617102135017,0.23511365988307187,-4.220518629922495
neuralNetworkClass 	class coursework.ExampleEvolutionaryAlgorithm
INITIALISATION 	RANDOM
SELECTION 	TOURNAMENT
CROSSOVER 	UNIFORM
MUTATION 	STANDARD
REPLACEMENT 	WORST
ACTIVATION 	SWISH
COOLING_RATE 	0.0011
TEMPERATURE 	100000.0
TOURNAMENT_SIZE 	90
maxGene 	3.0
minGene 	-3.0
populationSize 	110
maxEvaluations 	20000
mutateRate 	0.95
mutateChange 	1.6500000000000004
seed 	1646684373006
random 	java.util.Random@3ada9e37
numHidden 	14
numGenes 	129
Training Set Training
Fitness 0.023582884036108743