1.0613890711566354,2.589029816744392,-8.15511156482582,-2.283440079829452,9.50384780661022,-1.9675752633938899,7.005994467580013,3.931084322716802,2.2105936346795136,1.430571774886214,-7.875227852143356,2.1439818288559387,2.616228765494716,2.1980010184016816,4.742654391629733,-1.475229935342929,1.0697773015922776,-5.282596288107664,9.035509743536931,-13.466633435192453,-6.099857583924624,-5.704679786844768,-5.438120496525405,4.706901876615671,7.294656402862101,-4.165801559660052,-0.7711006337961592,-6.267630150787939,6.463714546883837,-13.540563538554824,-0.5568425009285676,0.2164594781588356,-0.7263384449454424,-4.987045561121714,6.564972364231137,3.07507550738168,-5.379832014372617,-6.15491182602327,-10.333380921353374,9.003273784030524,-2.018624371451553,-3.015108178685516,-0.23359437243739478,4.1682594320739375,3.067454561715585,10.43683776877865,13.644814419327377,-11.129829975193543,-5.845626178901059,9.523392705934643,5.252824379580609,1.983197817280601,-0.546439936897392,6.833789463604729,-8.39891420353965,17.16970397327013,-8.620206099725339,-4.8463801995050915,3.520907637148385,-3.7114210647010193,-2.6097769799773296,0.3740121163322421,-6.627341438871698,6.714401826528858,0.6518620112824944,0.6701590033984886,-3.7995160301944937,7.196352898643712,-12.389067165632834,-5.972189809709413,-2.9866548502634096,5.0540224349181315,-5.2032606173788185,2.6432559532373627,3.3142403950007955,3.974972465538368,0.5509620920922345,-11.380361697414372,-17.005511936033187,-5.144551263001732,7.447498845133661,2.366413767684776,-12.921684588692703,-10.946632241869183,2.8800838015969186,-6.569722783436971,9.708852263206344,-4.962055515966047,3.6445300889826875,0.255997448507868,-10.423974333018023,-6.626942771190388,0.47954582105858456,-2.6671740069157748,-3.0105616045844483,-0.43832074784396236,0.7546891176467749,-5.421413586976664,1.166616870248114,2.1564465078534756,4.556129665631461,-15.939885441255676,-4.335009027173466,-3.243341484877279,-4.6294989605940335,-12.561146422499801,7.8516805559437035,-7.685250391706916,-6.1457682281880714,5.951975173460827,-5.011861922201895,-1.9164524218233474,-6.190166337736523,10.604146813595255,-8.125524882052073,0.24679244144602563,2.849528806316046,2.357252351728455,-7.144004209306634,7.074489627404665,1.826460995394764,4.54278693290572,-1.7322653573259217,3.134816368249603,-0.4963032246726735,2.5623282399530884,9.22731688348025,1.6538701673708545,13.430664738980198
neuralNetworkClass 	class coursework.ExampleEvolutionaryAlgorithm
INITIALISATION 	AUGMENTED
SELECTION 	ROUTE_RANK
CROSSOVER 	TWO_POINT
MUTATION 	STANDARD
REPLACEMENT 	TOURNAMENT
ACTIVATION 	RELU
COOLING_RATE 	0.0011
TEMPERATURE 	100000.0
TOURNAMENT_SIZE 	10
maxGene 	3.0
minGene 	-3.0
populationSize 	110
maxEvaluations 	20000
mutateRate 	0.95
mutateChange 	1.6500000000000004
seed 	1646684373006
random 	java.util.Random@3ada9e37
numHidden 	14
numGenes 	129
Training Set Training
Fitness 0.03894566198789946