-8.241432430896303,-1.7322515404288978,8.423593270183224,4.926858621660563,-1.5065843037036313,4.794019926993654,5.0568275021944,-0.1786658800596408,-13.05684641643989,9.764944213950619,9.80405269388796,-8.383364742546306,10.02869088909898,-6.440931542025728,-0.07053538476902155,-5.12663829886908,-1.5317407812717292,-8.139157540616193,8.239634912674187,-1.7857313801613532,-8.376334064205283,3.452092071722827,-6.765003435063922,-3.441868605221874,-11.425151146187059,9.875277892366489,13.269299511625961,-1.8062143663345216,-1.5885352919486722,-0.008255115875394736,15.009870665291023,3.4482120559917977,4.7540724123585765,-11.739878368294995,9.846591114146838,-1.6642610312315913,-5.096199707727653,13.174481020556579,8.265081138790082,-14.878861728488609,1.5182145660797257,-3.2711727681954628,5.079661971176266,-1.71240595704373,11.6724344590963,-3.3360727395040133,0.014241088241073285,3.271225609186044,-8.36163246335913,8.304458017619638,23.024346424002587,3.357050694070951,-6.498733092531351,-8.241106630619921,1.721112444466388,3.476976692191192,-14.968359981121775,-10.068491443736264,1.6880995797634197,13.308611814942287,-14.708132965978054,-1.8146673824460837,-8.375593507999183,0.14439060117170577,11.380714774288142,-5.103167615610099,-6.647387298853202,-4.866288395814166,-1.4947395504918566,1.4575650055148657,-1.502332644164703,-1.5035118850482494,-8.081432680072995,6.704988809319621,-4.927082055573136,-8.335284085573328,-6.777217045724555,-6.545924319610413,0.10205101255976246,11.579365224455893,3.2611582704880266,1.4533210848262224,-0.039205204644427116,-1.496892902424138,9.858814406130318,8.403201047950901,1.839812289420606,0.055087540750361264,-11.5290881846759,-6.647921420125899,-5.0897092553429815,1.832166022457816,-13.091795108426613,-23.2259849319094,6.76631240570522,-8.098262084380073,13.083792789834567,-3.215104654471565,6.623168800005196,-5.115536433932377,-3.3387941129303034,-18.18227172916184,6.768359516988833,-11.459069994142187,1.7327949630559267,-6.695062310604087,-3.357905823443865,13.184474215013472,-11.68128129488703,10.004911954019368,14.666694694466669,8.263100072862052,1.7006528667639245,1.6620331121472258,14.949372771856012,-13.013375733822162,-13.359327103156836,-16.546139927177435,0.050436029384472114,9.920889608644828,14.934589790907259,-6.643906727893781,1.589053937069337,-21.520912948443787,8.360346986443291,8.145401315149297,1.7512931726009238,-14.78906866683207,-1.744085535604638
neuralNetworkClass 	class coursework.ExampleEvolutionaryAlgorithm
INITIALISATION 	RANDOM
SELECTION 	TOURNAMENT
CROSSOVER 	UNIFORM
MUTATION 	STANDARD
REPLACEMENT 	WORST
ACTIVATION 	TANH
COOLING_RATE 	0.0011
TEMPERATURE 	100000.0
TOURNAMENT_SIZE 	90
maxGene 	0.2
minGene 	-0.2
populationSize 	110
maxEvaluations 	20000
mutateRate 	0.95
mutateChange 	1.6500000000000004
seed 	1646684373006
random 	java.util.Random@3ada9e37
numHidden 	14
numGenes 	129
Training Set Training
Fitness 0.027290937274237065