14.031626460740254,4.3865971125649486,16.007727052784375,1.36534250209575,-0.6818764418498868,-9.581901302026216,7.457095876640713,-15.392606736825975,-10.804552634572696,7.3371083436694295,-7.9507381268428095,-0.25517907158918085,1.590604700638068,-10.287318694791871,-5.099669642370825,-8.918820747315543,-4.345486209918917,-5.444522213469002,0.6901898676850955,-10.89235157163854,0.5369044106290835,10.002076423779409,-1.6668835376468865,-4.06128162979458,-0.49291483947958437,5.634244616438568,-12.191906166716269,-12.859914240871277,-2.4754557163950173,-0.5940195907473766,10.650667829796296,5.345993791945432,2.3246806926702046,4.340594373993704,5.450732307567739,-9.766052820485841,4.058787137916825,2.7120521109402347,-8.89427796232096,6.557937060332259,9.863738903583007,1.889252191906941,20.64626471854163,-0.4129854815813738,-6.814333766265831,-9.301133065814872,1.5314247128722505,-4.445745458412798,7.943219672541906,-12.398173943668418,3.1032471340804353,9.841854171337637,-5.910136669914721,12.430477691317686,-5.40460986061348,2.311313599911397,-10.179038890248401,-0.15208710983559648,0.6082112803514317,-1.9666497015469968,-0.9797525015063293,-12.132105995738588,3.8427514689468794,-11.56959932219558,-2.6483962342039495,-8.536720253446207,-12.521361239278901,6.565266134444398,1.27588793046929,0.3427933405146577,5.036012186300281,-12.307336103281303,0.6588949907125059,11.790432765934344,4.429143278409079,0.23614610245529244,6.135352672260938,-0.16122400317421182,-0.050487633600019066,0.2110530679245688,2.5551851860987966,-0.2631136810612036,0.5586735841947217,4.1848713724938325,-10.937893997412495,-2.774523409251284,-6.473678609484812,7.599568669807013,9.090929370051306,-4.453555324417957,-4.433450658509437,-9.673818815825973,-9.581182972495368,1.2408442402857833,2.655369868648507,-6.869866349955553,6.867006111274824,2.4288093234226267,1.3051423171637957,7.896472499572039,-10.626608164404722,-2.03309560586389,1.4266336721059547,-1.3026008530454263,15.492665955760772,-20.55717678288604,10.727016029193237,-10.669809678995918,-8.67045822726032,11.094314746076273,11.022181676212709,13.361797735137884,-1.228077360828709,1.8286661698356017,15.334335261165137,-0.9628783283655498,3.364700552182237,-1.9289728023864545,-0.8490991826261389,15.491155870849166,12.251199014610659,-6.615687971733296,-8.81164075475246,2.5509050223771563,8.958102088598489,-0.5196309077998418,-6.865289890823112,-2.628821349510689,-6.18895962202614
neuralNetworkClass 	class coursework.ExampleEvolutionaryAlgorithm
INITIALISATION 	RANDOM
SELECTION 	TOURNAMENT
CROSSOVER 	UNIFORM
MUTATION 	STANDARD
REPLACEMENT 	WORST
ACTIVATION 	TANH
COOLING_RATE 	8.0E-4
TEMPERATURE 	100000.0
TOURNAMENT_SIZE 	90
maxGene 	0.9999999999999999
minGene 	-0.9999999999999999
populationSize 	110
maxEvaluations 	20000
mutateRate 	0.95
mutateChange 	1.6500000000000004
seed 	1646684373006
random 	java.util.Random@3ada9e37
numHidden 	14
numGenes 	129
Training Set Training
Fitness 0.01801099223110371