-0.8634895285906632,7.517931502921217,-4.119554282894944,2.257052372595636,20.702446165100852,-1.9718536809318685,-10.033141807999788,-10.404363856565258,0.8438491923638107,-9.990527666401894,-9.532771202330721,16.271618791290592,7.868465633415424,3.168537468297467,3.66358938024234,-1.3367177389014806,-4.892719144733336,7.900760504304282,-11.995988849456833,8.663383851688641,-1.381703663717098,-3.8177595639502053,0.812393163584475,9.44038426053553,15.436249707585722,-13.561632868889244,-5.599838150785866,-25.10002098951435,6.012142037777528,12.03340676059947,12.791097521547403,5.035088313346272,-7.466925065157689,-20.668348160649785,-2.2476518375398786,-5.720724340985157,-0.6325573956118351,-4.825306365534386,-20.491730577496043,13.537834385879687,4.424955533898006,-0.8993561539725938,2.688453597190236,-11.149890922340985,-6.400682209257903,-1.0998962585696237,-5.73010636057491,-14.129106807579165,2.4808148552592666,2.9100110190712796,1.0050645116607653,-7.764449455606771,-13.519392268390595,-13.266751252515352,6.253157103679502,6.156456802205472,8.95428869977836,-13.498512594671618,6.296970969693079,2.1165576488257294,-5.957265613183393,6.48038442313031,0.6170171970010347,1.8455382566157628,7.472295866719851,-2.9698017614428247,0.1223124861610696,-5.026706368366899,1.014730105928395,9.111724976297483,-11.294424308524244,-6.9828938135363305,2.845310140248804,-16.41209868365103,3.76779946661245,-16.09705273406267,6.0195941981655245,6.2235406446854356,2.8398033316570963,4.070209190826825,-3.784949443404857,-5.357716294797591,6.1720586583415376,1.0620626327503233,12.82717601489789,2.5803239429983496,-11.357623088176426,-5.49999844975043,-5.336879078459191,13.147165461202245,-5.736668695666676,2.283867855932707,1.0311620764341214
neuralNetworkClass 	class coursework.ExampleEvolutionaryAlgorithm
INITIALISATION 	AUGMENTED
SELECTION 	TOURNAMENT
CROSSOVER 	TWO_POINT
MUTATION 	STANDARD
REPLACEMENT 	TOURNAMENT
ACTIVATION 	RELU
COOLING_RATE 	0.0011
TEMPERATURE 	100000.0
TOURNAMENT_SIZE 	10
maxGene 	3.0
minGene 	-3.0
populationSize 	110
maxEvaluations 	20000
mutateRate 	0.95
mutateChange 	1.6500000000000004
seed 	1646684373006
random 	java.util.Random@3ada9e37
numHidden 	10
numGenes 	93
Training Set Training
Fitness 0.013201853450843877