8.22472160952958,5.900206267186387,3.5107095273696807,12.20360550398879,-3.068895905197264,2.490996116085727,11.923496980408423,-13.082128840604875,6.524575803618157,-16.649559503718216,-9.876861367747766,1.8595524500096765,3.178719199368789,13.830618491189574,-9.500353857015948,-2.4758394879638272,5.942321947783475,4.204252296375584,-2.188152882480459,-2.0392679825115785,11.174918774446967,1.4071031183280809,11.745079645445951,-0.59524635638377,1.5797893957116846,-1.0517916916133885,-2.4133894649837764,-15.250128550641845,2.7441318322801873,-0.4428415208346985,8.516940069807724,-0.4049089786365174,-10.637393233760756,17.301499384824417,-6.50622532908814,0.05331864959986987,-5.567816836862285,-27.42688651777901,6.4801152494550225,-1.422388952728788,-2.6897265639127044,11.549826100128303,-13.562497452969337,7.697068079110068,17.331566191747008,4.829607991636935,6.849579382918696,1.6836469151908275,22.243685178189857,7.385833694719491,6.961883890621381,4.377039375779936,-6.18989271513723,-7.330865272889268,15.773419022958382,1.9794974558899234,6.549651533772552,-9.064575145465398,-2.47810361266846,8.592641253190592,4.24717680029927,1.0745683433193065,1.325295135987055,8.068785154685102,9.972077179484904,12.427399821440767,-9.636409985789228,-15.231137410827818,0.8000883394879583,8.824319249167752,8.026124775543062,-4.370174072258139,7.5444236151047335,-1.6104611025059246,0.48376526769099293,8.95135784473657,7.470339247611202,-2.2041214074400344,-2.574670992661856,9.421597337091708,1.2968877972102248,5.324560153030536,6.0451417371520035,1.5133207239803452,-1.305914152047702,5.910363331008202,-13.656341018211156,10.382045070835437,4.3468552087691155,3.232462523021885,4.226547324187765,-0.571538047405129,15.466112574806385,-10.480325020584907,-17.701265890140753,11.944243203834354,-2.8167691405386286,6.10908252014511,3.6138337597034127,7.378973884345324,-17.54507476372899,4.0989830937313005,0.08726710663163573,-7.305855376010542,12.726094675368312,-1.6417005718056759,9.846737920745726,-4.286860002616983,-1.8758091021576018,-6.730626527572487,2.4740042876978823,-22.38926341936584,11.461863691549919,-6.554903394128244,-7.102130996918881,2.5048956890290075,-12.696377342392411,1.6967260881035955,-14.835743805244226,-9.414568789445289,-0.41213785480360343,14.515553016337345,0.02835100993377271,18.705145593199,1.8792280122266245,-7.127449406477557,5.059322630799986,-5.4961630500044425,4.114359679575333
neuralNetworkClass 	class coursework.ExampleEvolutionaryAlgorithm
INITIALISATION 	AUGMENTED
SELECTION 	RANDOM
CROSSOVER 	TWO_POINT
MUTATION 	STANDARD
REPLACEMENT 	TOURNAMENT
ACTIVATION 	RELU
COOLING_RATE 	0.0011
TEMPERATURE 	100000.0
TOURNAMENT_SIZE 	10
maxGene 	3.0
minGene 	-3.0
populationSize 	110
maxEvaluations 	20000
mutateRate 	0.95
mutateChange 	1.6500000000000004
seed 	1646684373006
random 	java.util.Random@3ada9e37
numHidden 	14
numGenes 	129
Training Set Training
Fitness 0.012821366807253695