2.006778589319735,3.624890042375248,4.35428837988629,7.802007224952995,-2.7864327980209396,-9.342320509915455,8.465128492646166,14.570787516749041,-6.402924405214451,-3.6506733267585307,3.2735333662313444,-3.379786389567503,-3.130785106744108,8.53198969990222,-6.061267680865376,3.0617542427989957,3.917779246121439,10.073996173803861,-11.050514196963073,-2.873768907473436,3.2067410167026864,-4.559979534978741,-4.727482764264314,-6.2396354847305675,16.99638883823789,5.584652239010928,4.686432036504673,-0.8538670290351131,5.210201431211091,-3.7032260672164172,-5.7760856722436404,6.0297003553241595,6.901521990038317,-0.8897847892544668,7.839913308784455,3.3134639598307105,-6.263233091851936,-6.268303814422789,-3.7440457621271204,7.3690723104105835,-1.8369210042579498,-4.289879668090505,6.800629254854666,1.6210593564788187,1.967002434241115,-1.6681760305546671,5.473746748742329,9.680036180652403,11.206933191665955,-9.775564833793059,11.556539259913222,0.12118162168082236,2.6157660761371293,11.037544398639058,7.822750881064303,-4.341931422127972,9.771335285848714,5.641432736820656,-6.224650906190451,-5.996342333574512,-1.5290848136191748,-6.254346604178799,6.091025348786834,-1.9604096541075728,-2.1277809161881276,5.237307674783009,-4.350427950461098,-3.3182915219983276,-4.722991174205825,-12.37559768433406,0.857646195665609,-8.265977219600881,5.7345960661033315,0.6927250147761281,3.6963493648235852,-4.684845038063068,1.231191276276383,3.395219003299866,0.6794781915163801,0.3205661687503536,4.107226116806887,-5.759114423598407,-1.4457801756452504,-4.699308769912003,11.808447083627739,-5.914208918699574,5.758488734619448,3.5893875102660022,9.877752708029792,2.2017989544623022,-9.230975203065665,1.2589084514969882,-0.016587093251768437,11.209199370726273,-7.118208848459554,2.156905104540324,5.855488900778703,3.007449084476944,0.011136504026999283,-5.852238833138253,-5.384065309435501,-0.7262117882848038,-1.8733954237955697,-3.6151433552082164,-0.41095748806049315,9.372541484719905,-4.683802750823379,-9.617839699178655,-4.432442459900313,-0.37153865091643823,2.1723195793651175,-2.4171602892109263,10.435967210102731,-3.134481294371003,-2.7584433551619707,1.239382403620458,6.466135337824825,7.048088583840901,1.8118539139868233,7.824011343070042,7.3516280240604654,2.234531791472774,-3.3194056574389394,-1.7700189002105189,6.135748599293461,-6.586285953475741,7.904489022895966,3.403633491928927,-2.8355318391729885
neuralNetworkClass 	class coursework.ExampleEvolutionaryAlgorithm
INITIALISATION 	AUGMENTED
SELECTION 	TOURNAMENT
CROSSOVER 	TWO_POINT
MUTATION 	STANDARD
REPLACEMENT 	TOURNAMENT
ACTIVATION 	RELU
COOLING_RATE 	0.0011
TEMPERATURE 	100000.0
TOURNAMENT_SIZE 	70
maxGene 	3.0
minGene 	-3.0
populationSize 	110
maxEvaluations 	20000
mutateRate 	0.95
mutateChange 	1.6500000000000004
seed 	1646684373006
random 	java.util.Random@3ada9e37
numHidden 	14
numGenes 	129
Training Set Training
Fitness 0.022452972431055998