-2.5086950726577752,10.204676793121704,12.644198470913423,-2.5135628628063076,-5.716242960526305,-11.94685872606042,12.218308477943324,3.9988165189397726,25.542827457496685,-20.461451340567088,-17.304583636114224,-10.58494112306257,15.400614263442042,2.360239110134252,-2.415717565603627,3.7721303347871586,-4.038307577613702,-2.16110194290842,6.279889223419932,4.620102554990138,-2.8301523153017625,4.536310917271697,6.234546299593699,-0.456139122675137,14.285785233289797,-13.675799426329716,-5.815966809721065,1.5572046277317586,-2.1107704160121123,-15.945473045664277,9.222467240335671,-14.49956958327509,7.3137516209313045,13.100427965025775,-3.316743367570532,1.1080374471750734,12.755084507483605,-4.158726489607648,-2.86532475203599,-7.913762214255753,8.663606910319613,-7.042894081281254,2.937257929496468,-9.099492905096811,-17.610900820377644,-5.172967205485296,14.386398494756923,4.971450747435382,-4.009205079511188,1.5429379867423059,7.077194382116348,5.812813732343015,2.9581764392193204,-14.445827661331071,-2.9702385105206837,10.668505544392142,-0.39211788246876367,-21.04931770895545,-7.4980916727976386,7.266060495303016,-0.2204834861561915,8.271331243478194,3.542235879370363,15.951998685157946,-14.25192527197452,-13.95903165706148,9.400398082406,-11.189898636003369,7.453117016421777,5.094089546250128,-1.737570433925324,5.08666114197299,-7.585252742430086,4.23474223391388,4.067722259479577,-9.092687170514445,8.213876454265327,9.26161067869061,-0.1595985652991896,-0.7318999398086596,-1.2908317113183703,-7.314075309229514,-1.9886396053201008,1.4228054579391927,14.94549008639511,4.318941729067088,-3.830308032027779,-1.9384673509292085,-3.0329227909764125,-8.909313565293155,9.906359717834716,-21.251029799381485,-2.8016745325452845
neuralNetworkClass 	class coursework.ExampleEvolutionaryAlgorithm
INITIALISATION 	AUGMENTED
SELECTION 	TOURNAMENT
CROSSOVER 	TWO_POINT
MUTATION 	STANDARD
REPLACEMENT 	TOURNAMENT
ACTIVATION 	RELU
COOLING_RATE 	0.0011
TEMPERATURE 	100000.0
TOURNAMENT_SIZE 	10
maxGene 	3.0
minGene 	-3.0
populationSize 	110
maxEvaluations 	20000
mutateRate 	0.95
mutateChange 	1.6500000000000004
seed 	1646684373006
random 	java.util.Random@3ada9e37
numHidden 	10
numGenes 	93
Training Set Training
Fitness 0.015486367503868049