2.6958655902236455,9.26012223146369,-0.8577353818569744,-16.20045478604473,-11.037273890089631,7.309772993915004,-13.179796966173603,11.442788412084735,-15.456978893797325,2.425417464806255,-6.6952298449918,4.575320171281465,5.25162475732696,7.425563327538926,-12.590581251720826,-23.342339080744807,10.823368212667605,17.004885582134683,-5.0697532956036895,-4.2469446871583205,-7.936196359562359,2.647002746042066,-5.829233966247362,-2.9865958959185175,-9.867892758334497,0.7341708713013126,-7.398607198507028,-8.207423909183563,-12.808346769518796,-20.996214934941825,-6.939130795824019,-4.736643512024239,-15.295969156756845,8.476188111597594,-8.559180538242796,2.0826500861280275,-6.879995979049176,2.940394601630473,7.916120665102907,-11.944585130319645,-0.513843952015482,14.983949628942389,-9.157242776075018,-9.208840019049562,-7.711312971599364,18.940248698317504,11.591309870721666,18.97770488272078,7.296073540552344,8.351257243849812,-5.581783766286261,-9.534746795656847,-9.70996915394624,-4.294325572606505,-13.0015771778614,-8.99030636193583,-2.910548217115334,-0.7378015252946142,1.1020346655334503,-8.68259629242944,2.8747333917766085,3.5046580888885277,-4.505949947077738,-11.385314939378315,4.260134452711132,-29.299616122164167,-2.979744191348056,-5.916674718072768,2.689543563906124,-0.15469511313186235,-13.686159376787947,3.159634974306016,5.996268165487638,10.728862785837512,1.3162685339748288,-5.312327900851702,11.770194299256113,12.488945833075833,-3.947560244545759,12.948222386858589,13.06589747019942,20.751655979677956,1.7841506185214406,-9.746534604513252,1.4130197880976567,-4.337170782365436,6.287346873109957,3.853115325558754,12.755465741159835,-14.432159097993681,-8.692348255179041,-12.008816902875969,-3.0513015254497606,-21.71666447122648,7.095132077729387,17.53336888202343,-25.06534144607634,12.679129869437105,2.6032525677697613,8.253449832780849,3.8915562512074953,-3.4993488503805157,-6.741550877862101,9.572891358517985,5.721026781634189,6.511874700772395,3.815740644784098,8.691265159374577,20.98786973299829,11.475841010420183,-4.437719096528593,11.775919437341148,-7.032171094350661,-14.235560395265187,6.514735821993172,-9.352292508706256,-10.113394326863974,6.5512542278377985,-3.6221430803852366,-1.3945649976496135,5.398527139260551,12.090876682949638,-6.959392563071409,-7.274948664381425,-3.69396614194177,-14.074795972732792,-20.917322136585653,12.15046627762642,1.9613766348322343
neuralNetworkClass 	class coursework.ExampleEvolutionaryAlgorithm
INITIALISATION 	RANDOM
SELECTION 	TOURNAMENT
CROSSOVER 	UNIFORM
MUTATION 	STANDARD
REPLACEMENT 	TOURNAMENT
ACTIVATION 	RELU
COOLING_RATE 	0.0011
TEMPERATURE 	100000.0
TOURNAMENT_SIZE 	90
maxGene 	3.0
minGene 	-3.0
populationSize 	110
maxEvaluations 	20000
mutateRate 	0.95
mutateChange 	1.6500000000000004
seed 	1646684373006
random 	java.util.Random@3ada9e37
numHidden 	14
numGenes 	129
Training Set Training
Fitness 0.013160529698155595