-1.7314110163746328,-6.601038931739755,13.741353827001552,10.854666378621504,-2.4821103524792596,-11.123360062616348,-1.034841160366026,2.0876740951132993,-6.182962789812155,5.588242620778829,-0.2837501001311846,-4.656618419947023E-4,6.340772481742995,-4.828682105926906,5.116110017901845,9.715864341689887,4.436299562257746,-6.849177495687167,5.1062487165606445,-9.331721206455697,0.5757397483209541,4.903222196401561,-5.245556179749361,-7.494978146224392,-3.285281509659681,-3.7332241515913003,3.4356672108418156,-2.8202430448675337,5.692523623675455,-0.7123629283244561,0.5182447750038204,-5.45454445318634,-4.728619291561069,-1.1871055146691605,-7.008332661900875,-3.6544388730823165,1.3620001455100992,9.600656216737367,-6.2341746751134135,5.0973360168906705,-5.280336170184482,6.163766903592497,-6.497702991309202,11.452537611524168,9.569723134601762,10.647731497283319,8.356685660913616,-0.3016998589575959,-1.9165067687181123,2.414904483859985,1.21685278709582,-2.3736637381748924,-2.2248624513821715,-7.984014608987769,-23.734738634404906,-1.1486948816267946,-1.2727553247731018,-0.3236499590323234,-2.675502768201098,-3.850572240946123,11.627408210672415,5.30872584702318,2.8133967136593245,1.9661680148419762,0.8102340523891272,-3.764791169146788,3.997072535081265,11.607025898429185,-9.451197350698493,10.310601540976988,10.507481322027942,4.6282307414189106,4.0767283887720485,-3.9144636972855746,-5.307955276539126,-7.8656472778894635,12.046565110156418,4.381832935086029,2.0161868796547893,6.817584785029986,11.092416573984922,-0.3759768424711627,2.951517440446888,6.238684629873015,4.664219537322245,-3.2700405082684076,-10.525257322855257,-5.5977031710125935,4.788278648272195,12.559912306161582,3.683252746299206,-12.580385240780995,-2.066761907177498,8.107537511000068,3.3516860856182387,-5.720930820008306,1.3727887527533422,6.837588869347886,10.609636570649918,0.3109724922285344,6.236014040396711,-11.965771282580114,-0.7859737870006409,11.484775825479216,-2.2266082128700173,-0.2797239306598467,-0.729475222537407,2.367834263278672,-11.908924482591448,4.391715988440319,-4.6232411905568185,2.8023084407322054,-1.0818109865073247,-0.7167208163141474,-0.9340896160873848,-0.22793503968827444,-2.3785218283946694,-2.9601170922343396,-3.6273320768323627,-6.015827143399289,-12.63122819888197,-1.4847887397075583,2.1243459704147356,2.679827982985848,-8.43268614286155,15.652695726556734,-3.471644894681903,-5.882728932787314,4.265139689661723
neuralNetworkClass 	class coursework.ExampleEvolutionaryAlgorithm
INITIALISATION 	RANDOM
SELECTION 	TOURNAMENT
CROSSOVER 	UNIFORM
MUTATION 	STANDARD
REPLACEMENT 	WORST
ACTIVATION 	SWISH
COOLING_RATE 	0.0011
TEMPERATURE 	100000.0
TOURNAMENT_SIZE 	90
maxGene 	3.0
minGene 	-3.0
populationSize 	110
maxEvaluations 	20000
mutateRate 	0.95
mutateChange 	1.6500000000000004
seed 	1646684373006
random 	java.util.Random@3ada9e37
numHidden 	14
numGenes 	129
Training Set Training
Fitness 0.027573070679816406