5.854379387620538,0.19905140279878353,-5.273852684543113,-11.10200921964659,-1.4183074503075286,-2.1142459083541087,2.8966193265668005,2.122680234296377,-2.4771008050679804,4.918958079275633,-7.265697140509328,6.575881895089571,-7.169301628652802,0.2928308717694441,-6.4655706534446695,3.3050200156949536,17.480494530161053,-1.0607477637928966,-3.0835151887296455,-9.039026357802387,1.313586981298468,0.7019151513495405,-0.37192417953452583,-7.474242443829889,-3.2185237880866486,-5.261902731339706,-6.758870126024329,8.66128807002528,5.781631989697868,8.015498135875628,-1.0518430233996932,-4.678176118360787,-3.262042238584156,0.8750528931899826,5.6354404361363155,7.632438606522989,3.4045771752680487,-3.9033517094634114,0.19166514350599861,-5.841854015259036,-0.9405417345310525,2.4331836305633066,0.8046320574712786,0.7730650097203053,-9.645217037894051,2.5694331751855444,1.45534848616043,-7.063721947709097,7.503858049288963,5.815684131144885,-5.712075356800083,0.040800455738090324,10.859756834430994,-4.637861451731543,-1.3846531258336299,0.6743453543648457,4.128769253300231,3.8485832702954212,15.315339134526205,5.265333662127497,4.162129846667927,-3.25515154106572,9.227164935271222,-6.915135409403602,4.682383981631543,0.8410900214710093,-5.470637823702971,-2.414872329722293,-2.623858069853527,-0.13705259841186823,3.2600442821023305,2.427002559574321,-9.227137362082763,-1.644856652699442,4.335541647518604,2.1843590936543933,-3.1703013544542658,12.568108565029606,6.779797741922483,9.509835710129403,-3.2446755543947887,-12.164271077386546,-2.103924677983426,11.006638844663138,4.981061531022523,6.348329473955144,6.69416812863753,0.823173438774484,4.725503409122151,-6.596475502438791,-3.9695447978027216,3.2720782512079607,-4.050765021726299,-7.741421824201945,9.074773775913167,0.5225071407443327,-4.24086854022147,-0.9885625848402064,0.687229837899265,-2.5257381113363975,-7.3528883774411105,-15.29638785014638,10.769703355731634,-8.15535219560688,2.2861120278625275,7.866595778471996,-10.399052275364644,1.58369042738404,2.156439104427815,-0.5254672510638665,3.0708230804138723,-7.169385471074671,-13.861454259898176,-2.7306434715632015,4.09834327365065,-11.165744418574878,-0.516329021059815,1.040637246207229,-1.0001423051491418,-8.417663498101941,4.261671409436774,1.470892389501107,-3.8321710303627268,5.069309907260909,4.585763184709791,0.19813155074210265,0.02730899771951023,-0.22026872159345423,-3.273215402570939
neuralNetworkClass 	class coursework.ExampleEvolutionaryAlgorithm
INITIALISATION 	RANDOM
SELECTION 	TOURNAMENT
CROSSOVER 	UNIFORM
MUTATION 	STANDARD
REPLACEMENT 	WORST
ACTIVATION 	TANH
COOLING_RATE 	0.0011
TEMPERATURE 	100000.0
TOURNAMENT_SIZE 	90
maxGene 	0.9999999999999999
minGene 	-0.9999999999999999
populationSize 	110
maxEvaluations 	20000
mutateRate 	0.95
mutateChange 	1.6500000000000004
seed 	1646684373006
random 	java.util.Random@3ada9e37
numHidden 	14
numGenes 	129
Training Set Training
Fitness 0.03152757140714071