-4.651442028249006,-7.025241190671638,-6.142668145197612,-10.317110325243563,4.548531273249988,1.1220829425069985,-12.874033061238036,-1.9786747070676185,-6.572420493530254,-9.014629887784912,0.5400649353538336,9.021982901814324,1.1407320513054096,-10.094658888666478,1.3020203494745513,9.043620485635172,2.5169532412709836,13.397884308367017,-3.79340314333437,-6.088644902949009,6.163901230400171,-3.8395700076307007,2.5014032681532736,4.507547703414085,7.201217939526067,3.666178618768022,-7.5186613495796255,-6.956567390642664,-6.871947265611468,5.038506761768936,-1.2454558259546982,1.49658655105066,-3.896434259273806,-6.232207527995908,-12.49080457362665,5.138005201617023,-1.070294119776328,-5.559671291325567,6.989766493372197,2.048724523686788,-10.576394320130058,2.9939083741731585,-4.891809266656488,-1.710399994786318,5.852478682463831,-0.9529068459174805,-0.13035617392339915,5.9390237451387335,-2.9730416153470403,-15.480903998623585,-12.465528969148881,0.8520374646162967,-2.0906441782746805,12.714630509144335,3.9170740559368085,-5.179536316048816,-3.0586306246280692,3.9930027962491152,-7.610625472045152,-2.272642165900299,-4.218681197422678,0.773140471053865,2.3607643901838244,7.540247615761532,8.664028146585814,-6.053818922137003,-11.301747308493761,2.82630475464874,8.55702629575999,-4.875343450942914,4.579812602178004,-6.4512391088829135,-10.515218874001375,2.652238388626717,-11.059266893980803,-12.282445124565639,2.328231430261601,-3.219571573000219,2.7770722764489717,-1.081631893236759,4.729925287275515,2.5384980923830014,-8.937890203098263,2.1328788409161428,-7.854376193381068,-0.16959116983900646,-6.889009764617711,1.6892356749233102,-2.3187289065983965,3.98735886957863,5.745548402846596,-4.504576185046485,-5.160215438401602,5.937031944098543,-1.3343978859862071,7.159369883721473,3.8251604297083244,2.970539363746858,3.4747956618892424,1.2383021924280095,-6.838059934848525,-0.6045285609385322,-3.7616239943491205,9.18605457398495,9.486128784321995,-2.541603330118244,-7.182922308796565,-6.56932364316561,3.9492038762030726,-5.447434271158829,-5.474410436363569,-0.13412089327794252,2.9498985421533495,1.2465048742406584,5.605877642729983,-11.621473764593334,-1.8310070595024328,4.426597400029001,-3.3650719767169726,4.91054177469247,1.1803904597122097,1.2416825596716112,-8.946722293552897,-9.482714110745242,4.347306628881165,-1.0298851571165928,0.3049929549380028,6.085617946558286,-10.114558695547052
neuralNetworkClass 	class coursework.ExampleEvolutionaryAlgorithm
INITIALISATION 	RANDOM
SELECTION 	TOURNAMENT
CROSSOVER 	UNIFORM
MUTATION 	STANDARD
REPLACEMENT 	WORST
ACTIVATION 	RELU
COOLING_RATE 	0.0011
TEMPERATURE 	100000.0
TOURNAMENT_SIZE 	90
maxGene 	3.0
minGene 	-3.0
populationSize 	110
maxEvaluations 	20000
mutateRate 	0.95
mutateChange 	1.6500000000000004
seed 	1646684373006
random 	java.util.Random@3ada9e37
numHidden 	14
numGenes 	129
Training Set Training
Fitness 0.023043326475442077