-8.268096689918845,-5.94929840204561,-12.132632974954465,-5.431695036456642,-5.425716605347839,-8.176106660242933,-13.602469253559155,-3.0039065530757876,-1.5546827632810878,0.5142787736797381,10.930506985870045,6.4383795105523,-1.5374914525308068,-0.2313819992553725,-14.82714856771713,-5.085001734125443,-2.134374074668849,0.30902484257144014,-11.80868428242669,17.738466853336647,2.866203270559571,4.4641911661659455,-8.061658972303084,-12.932774923184517,6.09580261205105,1.7021980542141382,16.806169461327872,0.3749614440709381,5.172466765219388,10.289175160041674,0.16640302793224215,-7.662467765823904,13.553031217281283,-4.8365007546846375,9.721956877258348,-11.548713589380045,-10.219042225099,8.274403181373744,12.062221682835814,0.05266263174649488,3.0750932832065647,8.186795473890845,-15.08013433867074,-1.1412695701345292,-10.2657498584912,-0.09922903759952195,0.6790756308279691,13.241901476661685,-11.394253043897095,-4.925277816301254,9.830152577605348,-8.160657331710961,3.0330396121947256,-23.374858523945974,3.9042444805685346,9.628675792312368,-0.541683787678183,-7.195867390437105,-3.095383240649654,8.626354809463546,-3.13957978712163,2.3273312494055904,-9.37277221041478,1.8836656842320378,-14.19329063349189,-5.609637069175964,-15.116506261441293,-5.582401662004923,-9.360550426125071,-11.078853342655188,5.001994559207699,-4.630104657075885,12.753085446869644,-2.6817176887775123,-6.506509890459933,-2.262613493630318,-9.951778841222678,-0.07756036010225564,12.164982309139054,0.6102728893362013,5.921387444765124,1.9080960925426105,5.06367681812238,14.492329206400553,6.966663042746044,10.36715087321297,-7.779435533574027,1.7080474854702032,1.3259608252429755,-2.166128563215425,-13.604039800217281,-2.623450193348204,-2.2207189859706498,2.0723097646047246,7.905704579326382,-2.099346944255947,-3.3855237254950925,6.712753652901457,5.126849331966291,-10.518227519972065,9.208065530128343,7.782959604176035,-7.704483335469606,4.827406509622324,6.034375477728827,-6.117157653595088,16.81723858399387,-11.782251052695376,-1.5502189152595403,10.597976627992782,4.711449603677178,6.441530217933165,-2.6279413992687317,-20.21230415307543,6.556923981972419,0.6484934632833914,-5.308143578339294,-3.7822477880491547,-6.8561848624678525,-1.0030335022116859,-1.4859679501431309,6.835433020731946,-1.729427634013632,0.14979441851278708,-8.618905357977745,10.156706315027654,-6.549622261154408,7.240453660338154,13.17923567382323
neuralNetworkClass 	class coursework.ExampleEvolutionaryAlgorithm
INITIALISATION 	RANDOM
SELECTION 	TOURNAMENT
CROSSOVER 	UNIFORM
MUTATION 	STANDARD
REPLACEMENT 	WORST
ACTIVATION 	TANH
COOLING_RATE 	0.0011
TEMPERATURE 	100000.0
TOURNAMENT_SIZE 	90
maxGene 	0.7
minGene 	-0.7
populationSize 	110
maxEvaluations 	20000
mutateRate 	0.95
mutateChange 	1.6500000000000004
seed 	1646684373006
random 	java.util.Random@3ada9e37
numHidden 	14
numGenes 	129
Training Set Training
Fitness 0.02187865573712442