-0.7755688688978708,-15.598018471785357,14.482686339521132,-4.706988235772574,-11.248100137040327,7.658365616360628,15.016867720528856,5.7015294434237624,-2.081965497456311,12.385921560556538,-2.4616701987827696,-3.110652632691986,-15.351206254387384,5.7751321635431125,6.122812473902022,-3.1622065814016382,-0.8300025754019078,14.116455650553224,5.815271655190083,-9.256853965974617,-12.650499745176717,13.571077360140695,4.004151277342212,1.506935065797311,8.866094929223873,17.122547020527556,22.79976823155014,-4.232706606187412,12.907655061211429,-13.560755543667545,7.842544935236861,30.197705045659305,2.0407854425133767,9.891625394850573,-11.123616702789377,8.82632875821615,9.060584957620165,23.428465987644998,21.737591180549813,-2.8833358338712856,7.836069931498077,8.991997247064758,-15.126972070843237,14.660922394132012,-19.916018637011163,16.04330050053487,4.82005613902091,8.727325622855007,14.161443339025938,-6.974758593363424,8.93090330521682,-9.503347579215301,-11.89019364783134,-0.6541619752362173,10.233586867983563,6.6155034352357465,10.003589732749123,6.231613090065149,-2.300516732226763,7.5675906377499444,-11.189706340149582,-1.14979926232897,-1.5339409403567323,-11.85366132644695,4.289809576204254,4.058123611939676,-9.234173165467581,-9.70068809764434,2.5569717283487314,-16.841396331356677,8.576455777085572,-10.755013220987852,-5.272018115642219,2.282345049831937,-0.08717476398113355,0.7230819321242858,-5.74911355850278,-7.3999692653483695,12.025169226790048,-6.226932762668543,19.263883565856254,-15.93156017769824,-4.708177308179971,-7.132918264112552,4.897499703676175,-13.385102732510907,7.218766399907652,-0.6005584881554977,1.3486719933746425,12.189498509393193,14.16440404089985,7.336358291451575,-2.741356061441226,12.8199659105954,-19.613847180679358,-17.663616982889565,17.04298664215672,-1.985466126637462,2.1490160936874556,11.768164933778717,1.423924686673315,-3.338528790572857
neuralNetworkClass 	class coursework.ExampleEvolutionaryAlgorithm
INITIALISATION 	AUGMENTED
SELECTION 	TOURNAMENT
CROSSOVER 	TWO_POINT
MUTATION 	STANDARD
REPLACEMENT 	TOURNAMENT
ACTIVATION 	RELU
COOLING_RATE 	0.0011
TEMPERATURE 	100000.0
TOURNAMENT_SIZE 	10
maxGene 	3.0
minGene 	-3.0
populationSize 	110
maxEvaluations 	20000
mutateRate 	0.95
mutateChange 	1.6500000000000004
seed 	1646684373006
random 	java.util.Random@3ada9e37
numHidden 	11
numGenes 	102
Training Set Training
Fitness 0.01394758035592521