-8.012556091214321,-5.48287258651899,9.362070991565304,-0.9695414217627851,2.8306796419514058,-4.6075204629324205,8.740271262540844,-2.6539669212049315,-12.615224167491647,-2.851938974690148,6.883782052153203,-23.67127890695842,-7.224793206371286,-8.692502732602644,-4.590137338596859,-18.71634342759984,7.441537934363818,-9.473467051558632,8.61826935171478,-5.589059161910255,-0.14202985462445383,21.16789890280773,1.3371863148640548,2.5878832220309036,-21.168000878040772,19.153888929286936,6.565186504495928,-13.180721037936417,-7.982298618998746,-7.050924772905939,12.183037817705541,-10.524857492403534,-18.848356809435757,-1.1685487326569088,17.824403801882262,0.9349295053554876,5.278390938693109,-4.94634989921455,6.897225897781061,-5.055613838239035,1.9290887743438114,9.526744766275918,2.0378038764317568,-9.93422491861918,24.150551108031834,20.777498824281075,13.907329304126488,-0.4856602646990158,-5.246195597692983,-7.664208414408623,8.705859271223977,-6.476529958875364,-17.090006205756033,4.252304619038316,3.631452829945184,6.918153201714082,3.168058258987964,5.377413768687307,-1.19757341960519,8.750891176355337,-0.39744007662277614,3.9005907173830145,-4.661580036168276,-1.2836146520277065,10.671537623064053,9.455478937376295,-5.288803680574111,-17.98910852046553,1.373239987832144,-1.9608349625779047,-4.871161030305508,11.739261369828752,5.637077807445139,-5.924970774923784,-10.442764260843836,3.7972954512335217,5.718119263768079,-5.233083769969966,-2.739518457229602,-5.2308600168066555,-6.064064291850558,13.148227821170648,-1.8429388954207475,-9.920927498733251,-1.6924094474220945,7.022897135616246,0.991409098756213,-1.5258719158223677,8.121048366644892,-21.573935773084152,15.460679021678711,-7.111372484503519,13.62926623451375,-6.249365964686577,-7.735712770742316,-1.3962193448671885,-1.93328937520835,0.39175228247238536,2.0590319475568144,-1.3348560724742153,3.499032531361567,-11.295400432863131,8.155322531214775,-18.542177257713043,21.063112947616858,-14.748239141556118,2.6802869753707235,7.913919216600975,9.388679062647933,5.284784964842249,1.061262388207635,-5.7611682165493505,6.214173448353765,-6.139586359214391,5.448404772767407,4.892628305049543,0.8685438653643276,-10.214688319497512,3.4978923136330575,7.949816887879713,-0.9128948537272175,-6.636003662156478,-6.122573799290668,1.435453569581755,12.363610582674454,3.1930179144209268,8.083471746580372,5.097633480874691,2.3121519999984326
neuralNetworkClass 	class coursework.ExampleEvolutionaryAlgorithm
INITIALISATION 	AUGMENTED
SELECTION 	TOURNAMENT
CROSSOVER 	TWO_POINT
MUTATION 	STANDARD
REPLACEMENT 	TOURNAMENT
ACTIVATION 	RELU
COOLING_RATE 	0.0011
TEMPERATURE 	100000.0
TOURNAMENT_SIZE 	70
maxGene 	3.0
minGene 	-3.0
populationSize 	110
maxEvaluations 	20000
mutateRate 	0.95
mutateChange 	1.6500000000000004
seed 	1646684373006
random 	java.util.Random@3ada9e37
numHidden 	14
numGenes 	129
Training Set Training
Fitness 0.01571279467539608