1.0018172131043612,4.741210658061101,-3.8829164915335372,-15.0922279084754,9.446097140576288,6.388825005432557,8.642226621514846,0.5430507565667355,-11.551075650760803,-2.4787374960595976,2.1689392995532764,0.45306940800761897,-6.812464665724734,7.640893814784748,-5.382573295633765,11.148424537133428,-10.038924827281056,-2.7317610233414698,-14.175698052302144,5.423855731591116,-12.723336875474104,14.500230164500605,16.02836295338602,-0.47644294011345245,-4.952777440322361,-2.948513933102282,-12.74272970141193,-13.84429319586393,-0.8793591888667631,4.107256458815327,-17.525541603261026,-2.504508476724986,16.43952060106298,13.814495879326742,2.4004091464189594,3.0215537153241705,-3.3086194397923476,13.76339167475104,1.5679438496529396,-9.376905474530444,7.584438680070578,-3.9317814260172383,-1.0229644341157549,1.6647583376708477,-4.543741463689657,-4.272791723811231,-0.2914050117712579,1.0516246018884257,-11.847987883729228,8.269674559427608,-1.4120398108158057,4.838059104509879,10.196376154763106,-6.816022768078904,-6.89616963105909,-7.6546318509717395,10.700727178263127,-10.854975376571808,-1.7812851846386022,-2.3330859733682168,0.5327540612841135,-7.582938066405578,-4.529509429433981,-8.687048405305237,-6.4216198129083715,3.4790172863457522,2.989608217719976,-5.513975918171535,15.663842681210598,-10.856936880789286,5.506729254023185,-1.9397274241857918,4.489736471377939,-8.444849992044247,4.834933429679638,-1.06057349103608,2.500324053769292,6.023278724648085,1.0584666301201047,7.807199979212671,5.208160783251774,3.8980515400510765,1.5535092627702074,-1.7602441432600662,-1.3258723751687,-0.3931910061997339,-1.117337397084425,-6.386400459735463,15.42341231992622,4.918928640737057,-7.636893881100901,10.796255038124514,0.4639299067838487,0.8129782215006278,-2.4135765012053705,-2.6885829707335223,5.242187600248542,-14.209261406454157,8.914058404590497,-12.76619330468489,-6.0599595865096605,20.841332736312246,1.2516437047963018,-14.69657674927274,-16.21432000142842,0.9751622472367725,-1.467864735986348,10.325485235899842,-4.210336704742459,1.6337157618654308,18.3652447226823,-17.630702195437344,0.06520527921766028,-7.821727713121396,31.831965395263545,-5.394468306118356,2.762397468358248,-14.344484804877942,6.40828793328444,-7.820443022661663,12.313146589827593,6.961611582311276,-8.587467072835,0.99309848033122,-1.4119134244818872,10.839561423552235,-2.3054701003230935,6.160745555169273,9.312905318050774
neuralNetworkClass 	class coursework.ExampleEvolutionaryAlgorithm
INITIALISATION 	AUGMENTED
SELECTION 	RANDOM
CROSSOVER 	TWO_POINT
MUTATION 	STANDARD
REPLACEMENT 	TOURNAMENT
ACTIVATION 	RELU
COOLING_RATE 	0.0011
TEMPERATURE 	100000.0
TOURNAMENT_SIZE 	10
maxGene 	3.0
minGene 	-3.0
populationSize 	110
maxEvaluations 	20000
mutateRate 	0.95
mutateChange 	1.6500000000000004
seed 	1646684373006
random 	java.util.Random@3ada9e37
numHidden 	14
numGenes 	129
Training Set Training
Fitness 0.04065768881791828