3.4741633406897314,-1.8544741098622897,2.466876135840801,10.616529455326328,7.025528392064398,7.592649749851285,-9.330480809374084,8.455057470398028,7.376096755466667,-10.363708057208623,-3.5825800129624428,7.701100157837965,5.206127320618247,1.2751641666318871,9.506587975089626,11.376933712906316,8.460777451343041,-2.7504357936248365,-19.258564793955372,-1.791388506764096,5.665321570680383,4.904190363437092,-4.729665173096546,10.39634420568641,11.113539802116827,-2.779408536726242,-17.494487110320136,-3.200532068526285,0.8811063664764616,-7.076722993219988,10.476659997203265,15.07726313164648,8.683768348828455,-3.550192585088407,-3.3563901894707637,8.602580764273366,6.065993303886636,-22.726849028027246,5.454838070312557,8.986397821768204,0.01670678020559535,4.5650191365000214,-0.7900760999720973,-11.088027811479636,-9.18384298182766,7.618183849170691,1.8102871129406317,7.833615977663282,12.82525272093399,-12.26812095279457,-3.822547723775865,3.3859821462277795,4.79010800596965,7.1642886470868605,0.21914647573373802,-5.518748476862953,1.6270019916289424,2.13830873966285,-6.762387980456859,1.9263528983073872,2.4014101550469826,5.93528889069465,1.9498822615197664,7.703236811844933,6.85768474137585,14.529232136087112,-7.85805244712463,-2.9512084018972695,-7.044157570142053,10.337444827682146,-7.169955247998466,3.666625958828436,7.548328215400721,1.2780139446266237,20.64840872222824,11.522097460679408,-2.0163178419018415,13.737287098417251,-10.011561342819553,23.88368127712016,-1.6642924033113697,-2.309125517303805,-7.769489936312599,-5.989970105953734,-5.460401077894076,-0.2764715313423318,-8.492019370070045,-8.850859110591509,-4.569602275818361,-8.424744132044419,-7.436130510753738,-2.0756447197805175,9.18752589666148
neuralNetworkClass 	class coursework.ExampleEvolutionaryAlgorithm
INITIALISATION 	AUGMENTED
SELECTION 	TOURNAMENT
CROSSOVER 	TWO_POINT
MUTATION 	STANDARD
REPLACEMENT 	TOURNAMENT
ACTIVATION 	RELU
COOLING_RATE 	0.0011
TEMPERATURE 	100000.0
TOURNAMENT_SIZE 	10
maxGene 	3.0
minGene 	-3.0
populationSize 	110
maxEvaluations 	20000
mutateRate 	0.95
mutateChange 	1.6500000000000004
seed 	1646684373006
random 	java.util.Random@3ada9e37
numHidden 	10
numGenes 	93
Training Set Training
Fitness 0.013430807260420834