-8.961981324866803,17.233439667653244,5.349030698053788,-12.812833855318408,-14.751427014997772,2.0294063651413383,-1.0962411299368338,1.4463173197268695,-2.4836693381176556,-10.336860901830928,-7.20063808407725,10.827739763273671,-5.045452829275101,-9.177510808750855,-4.593424234150028,-14.430775857754545,8.939441164343013,9.652723964747869,1.1756756316664383,12.95401985023105,4.924290316934009,8.046248401770155,-3.978753919310969,-7.803385336141487,3.7659410139806546,-14.833910517026473,-15.569411343578762,-6.524791862792265,-8.607667007897106,-5.5249970692649555,-7.0898882603143125,-12.614327529345779,-0.4669992826800531,-2.455198193768892,10.071155084105557,-16.71172258467854,-17.334631186564117,-1.4892611899235346,11.781310331666631,24.602439663605097,5.048023508996154,-16.636495207562852,5.669409532728203,-0.07375635006134384,2.9679969071996357,-5.913350812902316,2.2219629522424,1.6164630385743797,-1.1775380978606087,-13.750048698310717,10.645933630762512,-18.638703066637063,3.3360965977026265,-17.090483534366086,-2.0526469462558588,12.212019504937013,10.383733840854147,-6.022334768391297,-8.18534022918865,-3.072563932028123,-0.8977413050382523,-12.585428061678133,-9.35972670991023,-1.755848108918455,-1.2929601983028984,3.1232686886557817,1.7965299780655597,2.7962382321846952,-2.41924114244776,-1.9541634867015594,4.947450303343565,-7.378713736875639,-3.06019288204814,6.584100433151978,5.192658362924455,-14.935861083895906,-3.6440376086887625,2.6806079950909343,-5.302772053830815,18.490180420002126,-4.402762057622244,12.354704884630628,-17.57843952175316,0.18319775801617944,12.418129320045406,-4.519458491433266,-28.952599301621582,-0.35584962922781926,8.094607093882107,6.4667089620721505,-20.205398292421698,9.91081138444091,-14.468740585830323,-8.68339926603741,-2.6323082002617975,10.54902479408054,-2.928253293397071,-2.046185187756425,-0.6200397428479345,1.2599982279864017,18.77977244892878,-10.86700272104616,1.3284213424465587,-0.5274977818654616,5.119955972033328,-8.128080414929748,11.945719063183017,-4.930081096956805,-17.651875188433834,3.5480317541698643,-0.6892187651094677,4.957716178880402,2.939126856235104,4.483853082976433,4.0942067245432705,-10.3188670542143,-5.95808519210118,-3.0101240241019154,-7.543506472694868,7.058764792741867
neuralNetworkClass 	class coursework.ExampleEvolutionaryAlgorithm
INITIALISATION 	AUGMENTED
SELECTION 	TOURNAMENT
CROSSOVER 	TWO_POINT
MUTATION 	STANDARD
REPLACEMENT 	TOURNAMENT
ACTIVATION 	RELU
COOLING_RATE 	0.0011
TEMPERATURE 	100000.0
TOURNAMENT_SIZE 	10
maxGene 	3.0
minGene 	-3.0
populationSize 	110
maxEvaluations 	20000
mutateRate 	0.95
mutateChange 	1.6500000000000004
seed 	1646684373006
random 	java.util.Random@3ada9e37
numHidden 	13
numGenes 	120
Training Set Training
Fitness 0.016688625391249694