0.3313518242147726,20.677330566721558,-12.995130251810313,7.196352048418708,-3.4163379842099406,-5.700711813989679,13.969248158415734,-8.089801004368388,-2.3829587644684107,-7.716211276574013,-3.3885495623988424,-1.158701505682842,7.225030416167497,4.226775274510368,5.668686536757786,7.816339323884539,6.919178468613978,-3.835615656966006,-8.18860813750527,-17.35584699703348,-3.973223579043289,1.0096547488376029,10.69793100771057,-14.923479644115416,0.665754087582902,0.4774376505758333,-7.9656734970903695,2.510871844429378,7.865452882562746,5.018661917915949,-2.3334842664977735,10.02888721749344,-1.4398090648533675,4.7964377698206295,6.1720902430544555,-9.392420427685476,0.8032403312554219,8.360310334431114,-10.77957268872632,0.8945263584516852,4.632039155944962,-3.388698414990979,2.28457486884197,10.256487483901195,7.761164031499364,2.0992082271246737,7.815205237645651,-4.209269650290533,10.687792719503467,-2.795049170494199,3.0264051722515424,9.830957801823326,1.1650884603594793,-0.6154017217234209,-17.004975915572928,-7.265185349720067,-5.56785907873142,7.188018124059818,-17.360245968906177,-5.942474036656584,2.034803450137323,0.21393390167794468,-5.926930359822066,3.4962982416319592,-9.370033470296812,4.924496151878408,-8.19139229228517,16.732693172277294,-12.063486854597443,4.566303991753665,7.858521279789851,-1.0447385940041567,9.029403774791408,-2.1188587554533793,11.519793647429307,-0.48769781925554234,-4.930959101012174,-5.561481162799312,0.22545348734975335,0.974692561499582,7.566268486682249,5.683444746434603,2.62608348215642,2.4813084409043356,-4.495937565696991,0.6666694529235562,-1.331031280055761,17.04463693877112,-13.87982735895232,-0.03901625545223464,-2.643315779597623,-3.8382407488736705,-4.899319884584889,-9.634026484628633,4.193874254547733,1.0059593546508339,-2.757364246004796,-5.535035215217075,-5.129571235559037,-6.383206382100756,0.9146500413021599,-2.378280455889829,13.981215488774236,-3.738466028042085,-16.872493469500178,-5.909228061972437,-16.9030200571693,-3.791525182821889,5.3225754464772255,-1.1358778577941138,12.827978024711353,5.43267322644893,4.694005763783025,1.9883326135479482,-2.9886408157814985,-1.6827313106016657,0.13137819889683655,6.6599013538621055,7.055271528157001,-0.9813916520237136,-6.0972955590535225,-17.056887054960654,-12.51288676919309,-4.469020094825053,-0.8566390912256203,0.35339765548684454,2.6303073199485567,-4.233165463846472,-3.4752514857758623
neuralNetworkClass 	class coursework.ExampleEvolutionaryAlgorithm
INITIALISATION 	RANDOM
SELECTION 	TOURNAMENT
CROSSOVER 	UNIFORM
MUTATION 	STANDARD
REPLACEMENT 	WORST
ACTIVATION 	TANH
COOLING_RATE 	8.0E-4
TEMPERATURE 	100000.0
TOURNAMENT_SIZE 	90
maxGene 	0.9999999999999999
minGene 	-0.9999999999999999
populationSize 	110
maxEvaluations 	20000
mutateRate 	0.95
mutateChange 	1.6500000000000004
seed 	1646684373006
random 	java.util.Random@3ada9e37
numHidden 	14
numGenes 	129
Training Set Training
Fitness 0.02317524581241876