2.0499803904407994,6.452320393859869,-6.280762251180571,4.414002682862682,-9.42251056359854,-0.4461407131484485,2.097512320463329,2.152299245601351,-10.295093047055971,11.131729516661347,-5.264074939350916,2.130936510982674,-2.293870708810733,13.058975108435225,-12.015971401571388,-16.529803595859022,4.957743730530936,-9.019098587128308,8.649991133066122,8.412593907076506,0.23150832942493782,-5.3019215986966906,7.078549398153678,-0.9553637756594453,-15.141967430325284,-1.648110575118749,-7.585120086719497,0.9381388419289882,6.909353631585976,1.5141286829469873,2.8557909506501176,-0.5477514515046886,-0.08510312238066042,-6.554180604988832,-4.924813004020805,9.069744686243538,1.979606061518183,10.89159798264498,-17.61619877254146,4.31111311156019,6.664829722993061,-0.2353173859525448,-7.95625700485216,6.177306492921193,1.5718408697896287,0.7036125065144843,-15.54355017378379,-17.48296845301069,-5.51532990127718,-5.504377201500721,4.228182755149362,9.246818675347612,-7.3667767324822595,0.5126829336210994,-6.909750409973588,-3.7779410533226496,9.07945828697299,-1.8050927543878181,11.211689602935028,9.314607878678675,3.308685182999679,-8.757788284785033,-15.509804044969764,0.6474841573204984,6.974856817835327,-7.961233563341285,9.492603418580476,-5.930392533997553,0.35301122396713147,1.735963536337854,-7.110686559602128,-6.32655412790052,1.74382335703495,-5.591707628352339,-2.912424040727049,-9.484137969439772,-4.145478019954444,13.072687267164868,0.8665941575529432,1.0473718671595362,9.297224920105538,9.07558156000324,2.7029653878895123,6.387448490014796,5.750040318954362,0.7530776643892745,-19.151981218972807,-4.1965708876580194,5.018080150629903,-19.891688882487408,8.87915536354227,2.958001592803326,4.510830554463835,-9.773738113340173,-0.8546542928747485,3.485171524497086,-8.180884113948105,-7.590066061203501,-3.4875145850771134,9.387031599557211,0.7291959161279866,-5.976998993371186,-0.862644599371535,-4.586425074324366,-4.396672166803919,2.9626826920025575,-9.840517709939755,-4.004778253891265,-4.064576382336194,3.412792790614331,3.548239723734593,8.792643068802505,-2.1927688253302042,4.090568292051449,-19.471921667228706,13.06089240170071,-2.8752375377422403,6.0520631121155475,8.777821056991657,1.0947766624142563,8.506489006034272,-7.240438965486382,-7.039496326307498,3.4298191265876437,-11.42587561726626,3.1906334771784692,-4.9617092170947,8.01808876532575,-0.7863932952029149
neuralNetworkClass 	class coursework.ExampleEvolutionaryAlgorithm
INITIALISATION 	AUGMENTED
SELECTION 	TOURNAMENT
CROSSOVER 	TWO_POINT
MUTATION 	STANDARD
REPLACEMENT 	TOURNAMENT
ACTIVATION 	RELU
COOLING_RATE 	0.0011
TEMPERATURE 	100000.0
TOURNAMENT_SIZE 	90
maxGene 	3.0
minGene 	-3.0
populationSize 	110
maxEvaluations 	20000
mutateRate 	0.95
mutateChange 	1.6500000000000004
seed 	1646684373006
random 	java.util.Random@3ada9e37
numHidden 	14
numGenes 	129
Training Set Training
Fitness 0.014108393368316608