-6.817682266069314,-2.8145699609320047,1.6965266771633463,2.7925958760518945,-0.8785812885699755,1.01072578034388,-4.248881203749163,10.306813318285565,12.818835286610566,9.502168857637088,12.578197567956886,0.45616073947303093,-9.175358298495198,3.3561043061061984,10.100727301950592,2.3217857973211133,6.982736501254033,-7.431947892955193,1.1750224280736936,10.25538430441468,-4.4680058003866465,-10.593982775595295,-4.825131813140892,-3.815502546759168,5.147626465516191,-1.822732401631466,-12.658375368431617,7.236559654088959,-3.7347175902922647,-0.7692613672306665,1.6173118607341115,-9.663812196288525,7.580794086841456,-2.146463383576263,-18.348350647711342,6.090922863671949,2.627947385435892,5.205230432416215,7.014142129372292,1.3237632400909423,2.803455179950534,3.9472919944647646,5.377849145506716,-6.356752820947068,9.912608000275261,-3.6237815426961983,-0.9354778480468484,-2.5382331490131094,-5.29912774087258,-32.59246046596184,5.251344051005155,4.180216224206305,3.766003615108266,5.684089443093963,4.887548753797838,1.6019988619202543,2.3120416397538524,-1.954411976012402,8.154744190147131,-6.67816022102325,2.710845878779126,-8.002246544874504,3.677814971194886,-0.5952260847453505,13.178632485623488,6.957838857007584,-3.246178221071281,-0.5219019649345737,2.8542670809561352,1.9516142835707146,6.556696753381617,-10.369373460721842,-5.8054572396891295,4.616697581494789,1.5564870989154809,4.962998701714151,1.3515752231530112,5.399027467613502,2.6311743002897137,1.8451024444823245,-3.2907231618416457,-5.005369908574643,-5.886405758431961,0.019087165973036946,1.48136011073497,3.9846931659950062,14.629723834509262,16.230155563569845,0.17326592379899974,5.68112448941079,-7.056460914351174,-8.921237981997137,4.734510866879383,5.090528502723865,-3.8392703374122146,-5.66413467111421,-4.093531761056146,-14.4953811109449,2.2073643042605076,-4.85805324641321,4.420842221425547,3.6482154339092308,-7.540926310968431,6.007512314435937,-4.905273978383838,-1.542035653754489,-11.009195904392731,-22.2665133401269,7.855810745153677,2.041064446734394,8.957277477039646,0.6101119187012696,10.182254875851617,-0.45047206989400923,16.623136640045825,-8.168796071575294,-1.2294716566117394,-4.637897601882056,3.709807728435271,-9.694459222437526,1.8113491590790227,0.2296522688633793,3.461652687735702,-2.3204188811709434,-5.291876774582427,6.090969258940768,13.75703642505105,-2.3943702288223125,-7.735905624524266
neuralNetworkClass 	class coursework.ExampleEvolutionaryAlgorithm
INITIALISATION 	AUGMENTED
SELECTION 	TOURNAMENT
CROSSOVER 	TWO_POINT
MUTATION 	STANDARD
REPLACEMENT 	TOURNAMENT
ACTIVATION 	RELU
COOLING_RATE 	0.0011
TEMPERATURE 	100000.0
TOURNAMENT_SIZE 	20
maxGene 	3.0
minGene 	-3.0
populationSize 	110
maxEvaluations 	20000
mutateRate 	0.95
mutateChange 	1.6500000000000004
seed 	1646684373006
random 	java.util.Random@3ada9e37
numHidden 	14
numGenes 	129
Training Set Training
Fitness 0.013530804857509893