0.09705097954677733,-4.990830014145576,3.321779658287187,-1.611445776201121,-9.844832225332718,-6.610026910700169,-8.227257956988307,-16.46383312217737,8.163066401449067,1.7151249783430984,-8.169076559480402,5.0409777473691975,14.796370515085291,9.94241513804991,3.3786642929092743,9.915977322700085,13.128143823566678,-13.155538934453405,-6.546995264498108,14.87762286251478,-9.926645473328294,3.314704310503057,-3.3893776910513536,-3.2294545133723513,-3.3455152936339214,-3.387149586669848,1.623035630545334,-3.2498597162861707,-1.7032930608742518,-6.644684259408583,-8.231954937644037,-1.6341864438632632,-8.17731932694968,3.230349187236028,19.78101752227532,-3.2248495108955186,-11.646351173114788,-5.012082428389849,3.2425461405418803,-4.88189294204182,1.5554631765831806,13.189051489344685,-6.549010249232497,3.347226193798816,-11.542500308539301,-8.264928201554621,-11.527002064195084,3.3350037432194455,-1.5911303512704693,9.924025876307308,1.6301850638643849,-4.861482493906497,8.296751975681502,3.378118822413809,-4.8514745144467675,4.982821343169144,3.2152064298584904,3.2791115990775777,-1.5638410892858579,14.900216878056241,-13.245724501810104,-1.6073655782379674,8.217814922418327,4.902946848154583,8.262723681446147,0.09088539215093494,3.318569115076942,-16.48673471355731,6.512210209898994,3.2979102150006234,-11.556470722805043,-8.17929507055119,-4.913966999518302,-3.223426808214003,8.196500622761578,3.206068786955507,9.912226426736394,3.36011438463575,3.3595554372641168,-13.110452852317978,1.735682282578967,-9.850474210316404,-0.08301403107876748,0.08735966549817409,11.528340008573371,1.7328732345554654,6.618627588121117,5.009675944273988,-5.046724669285997,3.36502580204601,-14.937849231310645,-6.615137580795463,0.06497883963848894,-6.507758879720512,6.640664364265811,-11.610198112543381,-6.512022188722446,13.292767655542104,-9.82685144981235,0.08084748251840335,-1.6106519023568877,8.235237660379408,0.06541321301758352,4.861405456409045,-3.399486521757572,-11.473085896385577,6.625823611260959,5.0170535828726255,3.320039949294145,-8.297761020428233,3.2392470627746626,-4.948014521523978,4.869676413969904,-6.50132773916398,14.823002750088477,3.2931413206223503,-6.622418472589663,-23.134081634990515,6.653243297149638,-3.3352171960460506,1.5654434671847106,-8.264271128226166,4.882203476840312,3.342009841826532,-11.591892974629802,-3.3717978286089325,-1.5628977867098683,0.041972328041211426,-0.05222817674370894
neuralNetworkClass 	class coursework.ExampleEvolutionaryAlgorithm
INITIALISATION 	RANDOM
SELECTION 	TOURNAMENT
CROSSOVER 	UNIFORM
MUTATION 	STANDARD
REPLACEMENT 	WORST
ACTIVATION 	TANH
COOLING_RATE 	0.0011
TEMPERATURE 	100000.0
TOURNAMENT_SIZE 	90
maxGene 	0.1
minGene 	-0.1
populationSize 	110
maxEvaluations 	20000
mutateRate 	0.95
mutateChange 	1.6500000000000004
seed 	1646684373006
random 	java.util.Random@3ada9e37
numHidden 	14
numGenes 	129
Training Set Training
Fitness 0.029033598329824713