5.752846598188247,5.733109150068795,5.645224900990993,-7.3204307384037435,-6.973912588155271,-15.516653032354148,7.160915117003591,-9.423798608537208,-7.487935442620797,-3.0165768094184964,-9.48620088757962,-0.8185575044346702,6.068706336329848,3.150937387306394,8.995203867624674,-1.1778397640429237,-15.320053261106622,9.020577995231918,-2.0966420153157337,-12.810955954391755,15.87336723910011,-9.146403583637758,-15.6671503116508,-18.41922060681734,-15.518959817981123,3.9109946973894107,4.4070595217092166,2.4375873912129578,0.5664222553700364,2.9220913711640133,10.833604099916162,0.6581877873125457,3.217260862750713,4.008323680884471,12.119920929312828,5.248664240097355,2.7464917962281215,11.410616627074372,2.158614303016888,-2.456467172891613,1.6224886585386908,4.927721241264665,4.487979578770607,0.7770868268164399,1.791376737476619,3.6438109890886317,1.0111257281670696,-4.04256030760939,-1.228819636837783,-4.142493832377654,-15.811985262853709,3.0812696150713688,-11.146391942093727,2.5852984188709422,6.558678060908418,5.50610088858657,7.160761995624755,-13.194657466464049,11.225351098272737,-7.72057325601541,1.0876526449657566,-11.449130438789567,3.398663781044778,-7.3318886974815385,9.951466921373646,-4.136885449054163,-6.006496464481737,4.434511978188536,12.21192416939077,-1.149379471968098,7.855689798035326,10.215609769905285,2.7069486724434935,-1.2303021579484437,-6.185628978123576
neuralNetworkClass 	class coursework.ExampleEvolutionaryAlgorithm
INITIALISATION 	AUGMENTED
SELECTION 	TOURNAMENT
CROSSOVER 	TWO_POINT
MUTATION 	STANDARD
REPLACEMENT 	TOURNAMENT
ACTIVATION 	RELU
COOLING_RATE 	0.0011
TEMPERATURE 	100000.0
TOURNAMENT_SIZE 	10
maxGene 	3.0
minGene 	-3.0
populationSize 	110
maxEvaluations 	20000
mutateRate 	0.95
mutateChange 	1.6500000000000004
seed 	1646684373006
random 	java.util.Random@3ada9e37
numHidden 	8
numGenes 	75
Training Set Training
Fitness 0.011500146208522365