3.5809060974389357,1.164399719174435,4.401753778785345,0.019185579647606588,2.598531442740512,-8.64130173405477,7.177447339809936,2.7944778228146596,-8.923202672465269,6.591190016917734,-1.331035651199187,0.9867427029288756,14.38348123596313,16.981452060211993,-3.195030673495433,-8.759589643821052,-3.5355339158894115,12.361530128843217,-4.411196539129259,-16.03486309707282,10.292362929271494,-10.673010078784587,10.064942615659527,17.864271012110663,4.082086633811965,16.04506022864048,4.322457341662402,-6.7814334252446695,-4.484021784773541,-3.942150763472255,-16.204761029192,-13.426903919158192,-8.844817401956604,9.094607170871766,-9.894779858455937,4.8263396640322895,-8.634666394110935,4.314270765850574,2.889739344044365,3.4004720199661893,-20.122532775303014,2.848852083373032,-2.4633782080432063,7.647100808106803,4.794762111361617,-7.462840888994059,1.9761413407196216,-0.3272537348177158,-2.97642814528443,-2.6921496225141803,13.641076459511073,4.728481160588284,-5.619207104498495,21.128820349948477,-5.8401920505326785,-13.579492339217481,-7.672429497474262,-5.6774630007436695,7.065903456196933,-4.19980010661141,1.979250291805477,-15.168423820031782,-0.5550433162041166,-7.060251717059484,7.261396912824022,6.951418156966756,6.582972493106368,-13.300405409523126,-16.390622678856673,7.900559089431502,3.376858127305491,-3.942148101398926,-5.420397889291941,8.293596658490774,7.572534346659038
neuralNetworkClass 	class coursework.ExampleEvolutionaryAlgorithm
INITIALISATION 	AUGMENTED
SELECTION 	TOURNAMENT
CROSSOVER 	TWO_POINT
MUTATION 	STANDARD
REPLACEMENT 	TOURNAMENT
ACTIVATION 	RELU
COOLING_RATE 	0.0011
TEMPERATURE 	100000.0
TOURNAMENT_SIZE 	10
maxGene 	3.0
minGene 	-3.0
populationSize 	110
maxEvaluations 	20000
mutateRate 	0.95
mutateChange 	1.6500000000000004
seed 	1646684373006
random 	java.util.Random@3ada9e37
numHidden 	8
numGenes 	75
Training Set Training
Fitness 0.010549568321568404