1.483361782684021,2.0833372488633044,11.975802109769443,2.373255423288267,-2.4293936649242482,5.6425307751076765,1.1788704050938161,3.8686505951792984,-2.4717987633090903,8.49746526201889,-9.282881239231848,-11.128064544248748,6.027638606046638,1.9254716224844177,5.094192907621073,11.127322830559368,-7.457893822734119,4.457564362026236,9.67154077668456,0.06817845947638457,9.791507479325713,-0.4177604346732924,8.115325490116836,8.516796634132092,3.2196592118957597,-4.04808147858653,-2.8564235419358983,4.667528589135443,12.45531395266716,1.7838212715552633,-1.170280889166695,5.216726484847957,6.7395161570360145,3.737289553798777,9.443230443573668,6.1369541008802795,-4.829843699490638,-4.322687228607246,-3.3297174279884425,4.3643945129948545,-0.5295481979883725,-3.900756628528251,-7.443161475613779,-10.822624921123435,-6.6685628455309,8.192426180237854,-11.14621768436362,-1.8095905367988685,5.459411561160136,-2.6393045930376333,-3.781733042604456,-11.177856392576656,-2.7723552380536205,7.4954324239290635,-3.7624223853384624,-2.4829230552984702,-0.5624921876358715,-8.537890560216571,-0.45858292969871606,1.0099126694406895,7.387548617971039,-4.136023322548265,7.605627180648787,2.8678774843415793,-0.2201020456671392,-3.3132092920002743,8.574970341317304,-1.269666617482656,0.8617445915768247,11.106207542027777,-11.605292656163789,-1.4135091128988728,3.055482310227978,-5.995291247196175,9.740311662003213,-2.8589843536933337,6.874489160688808,2.1976531400662047,2.921775904329462,2.0138043583857694,2.552358060626796,2.0082881488392594,0.46356976576819164,-1.1458074275781263,-5.918241542044907,2.0092857340594,4.223422570390587,2.671340255361275,-4.935031996029576,3.1136040436659522,7.062710965924992,-11.158477525782098,-4.728529376078352,-11.099791727579408,-10.481659336336596,5.299543559085361,-1.1211190019575659,-1.299579027966967,-0.9493761999647035,3.955469636977157,0.1418088240100559,10.498404334236989,4.6037590850603385,-6.349311776832067E-4,8.689141941852137,8.264512360092258,1.115133272522896,-3.334300700084773,-9.606417602483083,0.7429858147072155,-1.553227515496169,-12.474423210687311,0.8381287326135469,1.505696100676726,-2.0131201663958063,1.458924449541792,-5.727436639015723,-8.08862218841923,-3.0684947245138474,3.880259848621437,-1.241147507427848,-5.324972406611776,9.206004066390232,5.9506424932982505,3.4977365835259118,0.9048771554318646,3.6230490916695093,10.204899852714783,-4.790359040937906
neuralNetworkClass 	class coursework.ExampleEvolutionaryAlgorithm
INITIALISATION 	AUGMENTED
SELECTION 	TOURNAMENT
CROSSOVER 	UNIFORM
MUTATION 	STANDARD
REPLACEMENT 	TOURNAMENT
ACTIVATION 	RELU
COOLING_RATE 	0.0011
TEMPERATURE 	100000.0
TOURNAMENT_SIZE 	90
maxGene 	3.0
minGene 	-3.0
populationSize 	110
maxEvaluations 	20000
mutateRate 	0.95
mutateChange 	1.6500000000000004
seed 	1646684373006
random 	java.util.Random@3ada9e37
numHidden 	14
numGenes 	129
Training Set Training
Fitness 0.03176645960269668