-5.648815484051821,-7.410202990066005,-7.565133622239653,1.4593724504031718,-5.099887410611853,7.404355530325739,-2.9844141847424703,4.15091819882223,9.375891126380061,-6.000734245610048,-1.1010324936643823,1.0109781783380818,2.237885229067156,2.754292353990042,-5.706705594489129,-4.65416438405524,-5.094228586787178,-8.91743243540649,4.541891556713869,-5.7089625846674865,3.285497321305807,2.838367555143475,4.146574226213165,-0.9997422980216344,2.263358982806099,5.509104380290831,-7.923457780162003,0.8721781351934634,-6.680838894812473,4.9615412383640365,2.08223745282388,-0.5413629322617322,0.9434080811627181,7.330597883131287,-0.9385780158121086,3.8344060718946924,-6.435041279932346,4.394972086650741,-3.785040487076734,8.408559741905236,9.204563114999909,10.627162203122113,-1.817471980122697,3.7445206260453805,6.016182412702274,1.2363360337169897,-0.2612857638203887,-9.119538502594294,-1.3880214658936776,-6.959149090635579,-2.7923139064388858,2.353865468337294,8.688344394374855,-1.486912953364845,-1.8801354726824888,2.958646983030972,-1.220671157360969,5.107618211980899,-10.513243099374822,-4.649649334423534,2.735296618588883,3.1396017897612847,-3.0896549392009924,-2.410449401859008,-1.6913538846219245,4.823629764741699,1.92115530315648,-6.274313604091978,0.8998948713866763,-5.610857815185554,2.6043762898970932,-4.3268237174890425,-4.423578029726758,-6.418137675253378,-1.5238822904679865,0.7687630671834018,-0.977351973992131,3.191575626382872,-5.837854401678831,-2.4763476571532923,0.11441114978328804,-4.33507131314977,3.9091564300952335,-1.4038837489502898,-1.8682136377905438,7.867789326422961,-2.426106409327021,6.309841751381378,4.1835760316268304,-0.8199346836549228,-7.511862101212667,3.8304152253205093,6.113189578443471,3.286736445959643,-9.812156370229795,-2.663057884170356,0.8396065839396538,0.17222137746746036,0.27242211998728827,1.6129100056325418,1.508610319463929,-8.118948931300572,-1.42458885809864,-5.6699850932542635,-6.911543528734364,-0.6988144469392807,-1.7694979367292873,4.985776776534809,1.5906309418327416,3.0071710605725848,-0.6428684419916779,1.2303815837298018,-0.36966914544385876,0.8686876989315699,9.367578532498666,4.1302981676364325,6.812791530366882,-3.514095158264291,6.862742026052176,-3.5841778614882074,2.0905628812159502,-2.393585097818134,-3.588490633943115,9.146815826268096,-2.6166744084044993,1.9093791033943548,1.9738578636224755,-4.144484381392717,8.735819102236382
neuralNetworkClass 	class coursework.ExampleEvolutionaryAlgorithm
INITIALISATION 	AUGMENTED
SELECTION 	TOURNAMENT
CROSSOVER 	ARITHMETIC
MUTATION 	STANDARD
REPLACEMENT 	TOURNAMENT
ACTIVATION 	RELU
COOLING_RATE 	0.0011
TEMPERATURE 	100000.0
TOURNAMENT_SIZE 	90
maxGene 	3.0
minGene 	-3.0
populationSize 	110
maxEvaluations 	20000
mutateRate 	0.95
mutateChange 	1.6500000000000004
seed 	1646684373006
random 	java.util.Random@3ada9e37
numHidden 	14
numGenes 	129
Training Set Training
Fitness 0.0335811126305745