-2.7505723399907662,1.74752814353685,5.817184102646731,-1.110203517660711,4.97452950855074,-10.148551672931177,2.9612154670630346,-16.1538560562921,-6.142963373781054,-1.4175931646489985,0.4295257465872391,-10.102698334748967,5.5962126529346286,-2.185068378014196,-3.861765709610361,-0.6330579514472858,23.22399769406971,2.518888923898664,1.2261289697576556,2.214792754616342,-10.384872831772439,9.852374053680771,5.980785361977077,-4.5279735488966,-11.57190967197863,11.19095395415855,2.3472544830184123,-0.8837537374097515,0.21583209103295342,-5.978084858977776,-2.5786954797929322,-5.661260520149443,8.830647325574187,-5.585415384369931,11.533507717287446,0.5078432502889769,3.6707679010981575,3.397723125873215,-2.627748546021863,-4.479058210274202,11.77668398989726,7.032399555102723,-7.326942669838408,7.563782519380691,2.3832933951251265,-6.036310833755969,-10.431616150670354,0.8094717627635273,-14.280485109262349,-5.23304671024629,-4.55361296542982,3.7906839602416325,-6.379946638802402,5.324380016251092,2.958909973125891,4.617287840408016,3.1745451803115827,7.274891408239138,2.798269643999899,2.487766584245282,-6.462633911937703,3.775440878594873,7.479205291457408,-3.7935195280235634,1.9569245261144534,2.894146676993703,-5.083350252213183,3.469991243928808,7.106315206098143,-1.4243668361218766,-2.768216608069147,-9.475657825720376,-0.7422495961662365,2.476365446398349,4.798123776904207,-0.4286451515178875,-1.008763451760153,12.51269575793686,11.556206494580222,7.665682521021667,6.413509125225982,5.246750197548204,4.529703292596677,-1.9044769168296423,-6.663714891164826,-0.1947836356518362,8.867624702983573,-10.921424292386101,6.623441299437904,9.483507311355844,-0.5334488923444836,-7.319010442277666,0.5147708664524249,-10.367297537939473,13.793629593242555,-7.219271551202382,-7.8304799420697995,-13.290912624062784,-1.4146243296455916,1.347948973440892,12.945951275529932,-6.063963655753046,4.439111337112317,-12.24634508406216,-4.556271392626841,2.7854026883703904,-7.206827886153694,-5.705928257670595,-2.7660342492840826,2.4805044488788175,3.8088068791888645,-0.5681523216234581,-0.6626748722521079,-1.994785145290158,-0.9790012461980542,1.8063671562522616,-5.916396877262187,-3.3264120941876474,-2.6827753459476575,13.904130148713646,9.746783234052037,10.421874238620093,6.38247327966681,-1.6936770582453784,1.8475863614692578,-6.57030063001489,-3.434364178035093,13.694380524584274,-8.748906529255446
neuralNetworkClass 	class coursework.ExampleEvolutionaryAlgorithm
INITIALISATION 	AUGMENTED
SELECTION 	TOURNAMENT
CROSSOVER 	TWO_POINT
MUTATION 	STANDARD
REPLACEMENT 	TOURNAMENT
ACTIVATION 	RELU
COOLING_RATE 	0.0011
TEMPERATURE 	100000.0
TOURNAMENT_SIZE 	70
maxGene 	3.0
minGene 	-3.0
populationSize 	110
maxEvaluations 	20000
mutateRate 	0.95
mutateChange 	1.6500000000000004
seed 	1646684373006
random 	java.util.Random@3ada9e37
numHidden 	14
numGenes 	129
Training Set Training
Fitness 0.028503085457073744