17.17292873242927,1.3251617865135854,0.7021488129131246,6.011089940321201,-6.140208783560812,-7.732144000494914,4.721892648492203,7.389691964255491,6.1669831296418005,3.7200695235531906,10.413216434435535,2.9921603446118823,4.7868657553009335,-8.184017394018369,-5.9286830013301595,-10.793707558337234,4.9535164794428095,-3.3624503156855,-1.8618293356107225,-8.328079963389548,-2.436527933003217,0.21724441434794617,-5.505907784744576,-8.488040882037309,0.049746919898707276,-6.6754396166828345,-4.9933319845345405,-1.8383862050108855,5.78441159149636,-10.740502776414848,-2.205042364840577,0.09376795594921639,7.472116938743635,6.0727449911644875,-12.55227473454467,-7.021166566042819,-3.8784321226742255,4.316267820676402,-0.9471850605192911,4.745059250693895,-4.655946924881031,-9.3005316817367,1.8006466036198976,0.42053940141308965,10.227748199611664,6.135101032802478,-1.0818317029589295,3.4408893060260315,-1.5263761804204794,-4.194413807094956,0.6704590876716994,-3.5031985622928152,13.503391071145167,11.914360418147442,-9.214461931436498,1.2234172947700888,-3.737967037344484,-6.291614536726398,-0.6862089926113466,10.648693072643033,5.487078651366806,-2.433082017973083,-10.473210392270085,-1.1293319628927474,-2.1461167493768256,4.248132995215894,3.0411338529051797,-1.9262203219202014,-2.569210763974789,-3.730829079794466,-5.628688881886622,5.122104748257225,4.440153007894496,1.7166700247885505,1.4214215449273038,-0.5673630451727538,-2.929170765258055,-10.856176496971385,-6.231019551808361,0.03445172988793033,-0.7751824998613541,1.6064904821201074,4.1248684742832245,5.509836307841562,0.8053804897876784,-4.7251293729803185,-0.8281427578712766,2.0412032469199026,1.5660572952142973,7.328739243270734,13.240000589201253,6.852836536512093,13.439602119784555,-0.6467787183206877,4.67053804865359,6.23925592662751,-0.4970123240971116,9.598570044215958,-10.949181380964967,-2.737782465911941,-3.4407764984008216,-6.498601050124761,4.921112012716735,-3.4238957255349627,-12.021151365390317,8.886298432491206,-0.3899689744107233,-3.893304979296099,-10.65643479514353,-2.524242765737265,-3.9513452030427505,14.411033111944617,5.271592588563027,3.732788194222522,-3.6057069561466895,-0.6636481300580828,11.128927398065237,8.444646521131041,7.213198581178576,9.87374773798802,0.8928066187660466,4.577509090771915,-15.67260912148928,-9.532474097242998,-6.716719739091994,-3.6090281930422172,-10.87588631419823,-10.806121385787225,-5.53409313703034
neuralNetworkClass 	class coursework.ExampleEvolutionaryAlgorithm
INITIALISATION 	RANDOM
SELECTION 	TOURNAMENT
CROSSOVER 	UNIFORM
MUTATION 	STANDARD
REPLACEMENT 	WORST
ACTIVATION 	ELU
COOLING_RATE 	0.0011
TEMPERATURE 	100000.0
TOURNAMENT_SIZE 	90
maxGene 	3.0
minGene 	-3.0
populationSize 	110
maxEvaluations 	20000
mutateRate 	0.95
mutateChange 	1.6500000000000004
seed 	1646684373006
random 	java.util.Random@3ada9e37
numHidden 	14
numGenes 	129
Training Set Training
Fitness 0.11233147217684751