2.6724577616607235,3.89243110316548,1.646883122893092,4.231622775408862,-10.72858303411498,1.8240967283510514,7.245633842286749,14.186220165512408,-2.7928152085822786,0.350954001287735,-2.924543910260428,-9.119490530831097,-9.572947981081233,-1.1450280117953628,-2.516083424022238,-0.146139932995772,0.8380377267093717,-3.355579709849028,18.790627767665967,8.860410836994255,5.852731638983202,0.19936518481182564,-9.238564700146362,-1.2952112211988736,0.5030183190375821,4.721080669987717,3.0620783395954243,7.7206252172783945,1.2631252355632716,6.930623603965861,4.286474955144979,2.2267726899023574,-10.00976510406828,0.5754969223172859,1.1403342099858769,2.128540964979333,15.44519813506389,1.204497551986849,15.23384263588027,1.8011982758226317,7.297681003633466,-3.4904865403060636,11.797718162737144,12.000402243610285,-4.550624104008475,-1.1907883428481911,17.23497485984501,15.989147956404322,-1.9242947117590914,-3.8867747125663046,17.756285349973034,-3.196757805838617,-0.4092593194993137,-5.9433748709220655,-3.9801242397020022,4.947236594584902,5.181858548245388,3.683127787781336,0.40743601230641513,4.120169969885403,2.58995108023933,14.031668454056645,8.865574070391704,-4.734602896818185,6.577806506548045,-14.405363469053475,-0.4221109413825914,-6.1287997060007084,-5.716429799336253,5.1172434008388334,0.655786615781424,3.2188006986785496,0.29799562069756647,8.896165339790116,1.89670584133078,-2.51818738962017,-8.716509503969377,3.7117752006768967,0.9564740863066046,-7.573899149780646,-4.380240727557855,-3.6080512884741953,-3.2319483026090214,1.9914264726484348,2.0151431543700973,-0.7933968050213762,7.61197917151353,12.956187848604522,-8.035448568180424,19.930797672584376,2.7043812381595727,-1.956017657212863,-7.835821308195249,-9.509602482022494,2.5164326967922976,-11.174357716465735,1.5599965226866086,-7.832025232325574,20.524737327718135,8.052813595314635,-7.938692773929356,8.84779074528015,1.9151159226476127,-1.1209268531007996,-3.6075581750478047,5.217377750924989,-1.3771511165647876,-3.968001325353086,10.534984775680881,-4.380590740624205,-2.759534327943708,-16.005470121454515,-11.67029997717129,0.061217546033644155,4.259716141879407,1.886379604002828,7.011634725140054,-2.509504993595458,-0.512587629319099,-4.243824720693257,-2.756329575163541,-6.615620806060729,3.7353708038147486,0.5524357487755136,2.193089863877029,2.125302797600619,2.482734133317198,1.5864061490392274,-9.23747545737431
neuralNetworkClass 	class coursework.ExampleEvolutionaryAlgorithm
INITIALISATION 	AUGMENTED
SELECTION 	TOURNAMENT
CROSSOVER 	UNIFORM
MUTATION 	STANDARD
REPLACEMENT 	TOURNAMENT
ACTIVATION 	RELU
COOLING_RATE 	0.0011
TEMPERATURE 	100000.0
TOURNAMENT_SIZE 	90
maxGene 	3.0
minGene 	-3.0
populationSize 	110
maxEvaluations 	20000
mutateRate 	0.95
mutateChange 	1.6500000000000004
seed 	1646684373006
random 	java.util.Random@3ada9e37
numHidden 	14
numGenes 	129
Training Set Training
Fitness 0.02004846316742385