-10.873495832015637,-6.114995488793051,10.145078907624303,2.169272334528225,12.728354147070473,6.5410756936716385,3.837635986789465,1.2536364048545607,-5.833469599940038,7.373037612800273,2.2492744792148898,2.7563560788285892,5.454775976030524,1.8598080689405982,3.460340615570443,5.0429622653071435,-3.120767881353351,9.488778737375123,0.4784122280184837,-2.9611318609121486,11.750691592942134,-18.925531917040686,3.7687806451506773,7.816901576684691,-4.5641921706334605,15.239931014390775,-1.7562145318918114,0.022376512410369642,-18.750517982958748,6.500808754808839,-0.08923575017818308,8.83793479159252,-8.142485577101723,8.196439542725182,-8.38506025574594,3.650134858247439,-6.03754185658493,2.567658182881601,0.5011004661873306,16.805769512369793,-15.736999696475099,5.930372769399394,3.418284693021109,12.518346629280236,3.0515037231126643,3.800470197123988,7.669406571894064,1.3472813189609631,10.485831428587042,-17.418534302759547,-1.276998869832922,-7.278045399156817,-14.369440612175525,-0.2803297394126627,-0.24300444124717124,-4.780096366224104,2.8091645875052578,-3.8874948546402237,5.444654490907908,-5.566981525563127,-5.757234917388706,-5.876040989816211,-14.879426111896379,3.9177281838845346,-1.6275323103925254,-4.582964554497228,-5.070161787262624,9.724771477408733,15.621366790081288,-9.743596382063666,-0.13381094420172168,-1.2587478738069997,5.4487221010220335,0.41532039963544953,-17.404716216969746,4.002293332025213,3.282824519701479,5.039254731514308,1.0868634766882712,6.291710784622635,-8.859452721147045,-3.2254999713058012,1.2448777722885707,-1.2992634575239261,-16.74943840188135,15.313427043418258,1.3773526513685708,-12.449067264509017,5.743682161752796,2.4388786978236645,3.0380204741964754,6.562044758842465,-10.742210403329647,0.7685797723904564,4.849464259175671,-1.3923456427264904,-8.673735764338236,-12.643717433116274,-22.61723446542966,12.001098423133596,-1.3221512021493504,-14.40026395481184,-5.728623278664005,3.2412326820087474,14.272340420904241,-9.213575662641551,-3.222823870857434,-9.677772068361369,-0.9694995408388838,-10.523623476477294,1.004394191187215,-0.7763075424684152,-12.161949971140993,11.077212395081796,2.672338458073792,-7.152969989563072,-5.337391056731178,4.359947739516514,-3.389424244590602,3.151045766059136,4.568915230795449,9.144940665884102,-2.4695340733387194,2.514425347842521,-1.8084165841073556,-8.93787794589922,-5.452364240896079,-4.26727723371403,4.415139735620537
neuralNetworkClass 	class coursework.ExampleEvolutionaryAlgorithm
INITIALISATION 	AUGMENTED
SELECTION 	TOURNAMENT
CROSSOVER 	TWO_POINT
MUTATION 	STANDARD
REPLACEMENT 	TOURNAMENT
ACTIVATION 	RELU
COOLING_RATE 	0.0011
TEMPERATURE 	100000.0
TOURNAMENT_SIZE 	10
maxGene 	3.0
minGene 	-3.0
populationSize 	110
maxEvaluations 	20000
mutateRate 	0.95
mutateChange 	1.6500000000000004
seed 	1646684373006
random 	java.util.Random@3ada9e37
numHidden 	14
numGenes 	129
Training Set Training
Fitness 0.01742799065817002