-0.09408631651852861,-1.4635141741057867,2.5761528782982026,15.661205047115844,-9.436981392347914,-3.968432850863658,-6.12041921040195,-1.7611836304886648,-14.354917380195582,-2.8028548309395713,1.0297929188267982,-2.5327426248364358,-0.7380884267442154,-5.409304227464161,6.560219319907729,1.4685167371386,-4.661446785104657,-1.8550722558571646,-0.7262070148711155,12.38287822377059,10.667927557980343,-23.897485643187693,7.4782746711196335,-3.265678115864228,7.480619020861889,7.537399538126462,-0.00825161834826904,0.10157333836964,10.81568079710811,-5.72681177025124,-0.7718851744711586,-0.767150295444953,-10.706120646663138,-3.8951654878276765,-2.37876272682435,3.1693052209280417,-11.875114413885047,7.488044415406366,6.607722470579365,3.7316315014168158,-8.777502958427814,12.381512124684807,-6.13785175345796,22.026221898861273,-12.692946186397238,11.260313346757082,-16.635123751855645,-5.4082390783898155,4.191788811846317,-10.835519106540454,-12.41858183528649,11.33405446305902,2.429931505893352,2.7049922176247927,4.3936492230353,-14.563631766634087,-0.4580385721779443,5.520100205058679,0.49699429548236296,12.884496009716164,14.79748749574477,-6.2918566370013655,7.314037051764407,0.6602319737719986,4.593805616256308,-13.691326965954426,2.623832201199236,4.883874389693325,2.453266053601739,5.5119394847098775,-4.682470914906714,-1.0241586874451771,7.804160707983501,0.29748176532477544,5.36474234365809,-10.140568018755305,-16.28508351046687,2.1357683217745844,8.311433767805013,-0.7587792427351641,4.368962216289338,7.582540184550595,0.32889794849175225,-0.2174763767609571,3.497711638773942,4.203709729782843,0.3947716735406681,16.414830024548976,11.031684850463014,-5.710626661888221,2.760816233848022,12.054046565461592,13.134868700960704,5.248696919270563,-12.951451523089224,0.9828518202358607,-1.0950063812218902,-3.976861329617554,11.662626188450476,12.447414243674896,-6.5475161159581425,1.6636751303790023,-6.376779797655141,-0.6958202878338771,3.963415384579953,10.688400154647757,-5.907565428319675,-19.095613798793167,-0.243106198588654,-5.779930282744491,23.10616348402315,-5.881581385023594,0.36484351482843635,20.09886836345862,-2.6283968431293037,-0.6709325898435532,-8.657723540945165,0.17387627875063494,1.2519629230340499,2.1622105923100854,-11.791312089731713,20.147418954783127,1.083749859025092,-8.974611296961912,-0.9236963065277806,-0.4203146993965543,12.90832864863033,7.989198391355107,-9.211516839116051
neuralNetworkClass 	class coursework.ExampleEvolutionaryAlgorithm
INITIALISATION 	RANDOM
SELECTION 	TOURNAMENT
CROSSOVER 	UNIFORM
MUTATION 	STANDARD
REPLACEMENT 	WORST
ACTIVATION 	TANH
COOLING_RATE 	9.000000000000001E-4
TEMPERATURE 	100000.0
TOURNAMENT_SIZE 	90
maxGene 	0.9999999999999999
minGene 	-0.9999999999999999
populationSize 	110
maxEvaluations 	20000
mutateRate 	0.95
mutateChange 	1.6500000000000004
seed 	1646684373006
random 	java.util.Random@3ada9e37
numHidden 	14
numGenes 	129
Training Set Training
Fitness 0.019470037167303892