-2.948355509289442,-6.722859705048938,-4.010121563334295,-2.634805845560374,-9.525751900953804,6.534801744764371,-4.822254731330328,12.595515083763214,7.425304508273669,1.4637952861859764,-5.6897738756451535,6.537592608759078,2.0893965801637364,-11.872375555975385,2.039416535236805,-9.379149455085711,5.881167403235746,-6.0050761160814226,-7.7324413912432,-2.1286662488890933,3.098122506122456,-6.068648854808126,5.213436910636107,-13.616718370595818,5.639471923038089,-6.208768013475083,0.17305729634657752,15.05263223975268,6.969665569543807,-1.6890496499737635,-10.222718919932985,-7.353092741618031,-4.862310835724747,-7.189632687638287,-5.049740295061822,-2.6910231508925753,17.633118208146627,13.750355228771765,-2.0888126797750344,-0.8972539651639782,12.667343461371038,-6.476175277785087,-2.111939710264968,-6.743143555132955,11.66330547099421,-8.97557522740254,-1.8241959908430916,-11.001959402946722,-17.43050076435614,7.541386227236663,-7.877699624586025,-13.711185900145034,1.7339268807710022,-11.029216236922037,-14.63548019463036,5.594736728226324,-1.3188955935849718,1.2627814476659918,-5.0368653277597115,-3.695477412986987,7.380146076941983,-9.908772575408085,3.247662929004024,-1.0381757887386733,-3.7756268796482173,0.7362593167704397,-5.3646390175066605,-6.009436488827722,-14.387184075454158,10.812379240670102,10.975759023553488,-0.14377177166878763,0.9313999653206562,7.353753800170429,-11.451097949584684,-1.996398427462891,-8.723472310205452,-14.164710277578857,0.0590331650504341,0.44693717663998456,-4.1038092057723095,2.2623365260473918,11.016625759631271,5.111639486896265,4.243669776759595,3.1036617937473094,4.440345273681489,-10.212943271877323,12.1962971842203,-10.378360680085082,-13.863308307520258,-0.5519591913405568,12.686685922718613,4.320393755425558,8.128745165307425,-1.0115259177028664,1.726243635337486,-11.213064170935299,1.0066120880451068,-2.4669898396567254,7.920717765297421,-4.457877591773922,-8.28916426211045,-2.4461754801303375,14.884934578686636,12.097571444150837,2.9362137381158586,-3.8327846123075453,8.758822528347244,-4.118540601792844,8.957130396187933,-1.2295571794971618,-12.390772786306783,-9.599574437876415,2.1266883661216838,4.102241904019375,-1.1280505567087626,-6.653396769751938,-7.109406298528514,-15.679008749983858,2.8458600608211553,0.23809669437727088,8.78292039755824,-6.907434424209292,-0.6541343024164687,-3.451981819883846,-7.465447264586599,-3.7345509502876926,-4.296077242428283
neuralNetworkClass 	class coursework.ExampleEvolutionaryAlgorithm
INITIALISATION 	RANDOM
SELECTION 	TOURNAMENT
CROSSOVER 	UNIFORM
MUTATION 	STANDARD
REPLACEMENT 	WORST
ACTIVATION 	TANH
COOLING_RATE 	0.0011
TEMPERATURE 	100000.0
TOURNAMENT_SIZE 	90
maxGene 	3.0
minGene 	-3.0
populationSize 	110
maxEvaluations 	20000
mutateRate 	0.95
mutateChange 	1.6500000000000004
seed 	1646684373006
random 	java.util.Random@3ada9e37
numHidden 	14
numGenes 	129
Training Set Training
Fitness 0.025620462078324652