-2.6983875214372794,0.864750302495727,-14.386544684204706,7.705101789106617,5.784555147923592,-2.586055026328074,-20.015415674787448,-3.2148815963319812,-12.014713404400142,-4.3086804147307864,2.0173011123259474,-1.009073222546978,-9.11834006018673,-10.806800435369377,-0.39720153630124955,-1.8057569179186217,4.932319830114902,-16.96981108600427,8.032547445198032,5.479036815860248,-3.2377683748738058,-14.622661718993472,-6.872906634898767,3.854844989327699,-14.9750980691321,4.545835891223721,4.353403524593171,6.0048569770074165,15.973693667882177,-5.622864001630775,-9.568230901168544,6.932272621543407,20.740207626239275,1.4053618322284551,5.420121506092581,-0.9325200242127893,9.322491072428662,-5.908584033857551,5.742955259548571,10.001474488243547,-7.709475740415181,-2.7992261763233888,-1.4813859451591345,-5.376238475721578,4.101788182335678,-7.240826135429577,-4.150553192211321,0.8622550103831141,-5.807068944890977,5.855715071675679,3.8032233851188035,-3.9114625215536893,-0.5342246185283406,8.384130244224867,3.584720845820639,5.369369911917145,-6.047405782142618,8.523219270647632,3.9979565012030474,9.055837105126415,-4.274894084594865,-5.244781970388756,2.7681892322328494,8.456528793594462,1.1744568245578115,2.565958942799817,1.6324996543476544,1.6169215594425257,6.745682926587647,-4.405716380567387,-1.2229945271717497,5.185844425750883,5.835796477596938,0.8633267826842186,1.5751505637357557,-13.929536787415769,-13.072133405751613,-14.059276366490696,-5.046864745006552,-0.5506681795815638,-0.6701745203009333,3.633952637687293,0.5671132902782681,-13.599434294269205,3.666804556616256,-3.5735634972742556,-3.116295080931021,0.6616847523656322,7.046604391559116,-0.4994702956889796,-1.7103599664897162,3.6247018771299357,-5.61295340245173,1.0168467569433535,-3.338305153843021,-2.773025895106879,1.4271031990236498,-14.180724172903235,-2.800185380959878,3.950462667012066,0.5843094706536727,2.877433615853305,-9.843330683237355,5.042144187258056,-1.4434933236591903,1.120067022027449,10.50065404042549,2.919488146693226,-6.954677008101882,4.7312815967644815,-2.4747740766442137,-7.074142723384709,1.7865188221449904,-1.0035117923145442,7.622191370109804,-2.9847103831462274,-2.179351226010406,0.11866342465275714,-10.759144221675554,9.43060614111343,2.6672551281377963,-1.973457522125572,6.196744601616537,2.835505370832294,7.375980927182512,3.3537851781781765,-3.5771005667502056,-0.3087683777181498,2.247810711866771
neuralNetworkClass 	class coursework.ExampleEvolutionaryAlgorithm
INITIALISATION 	RANDOM
SELECTION 	TOURNAMENT
CROSSOVER 	UNIFORM
MUTATION 	STANDARD
REPLACEMENT 	WORST
ACTIVATION 	LEAKY_RELU
COOLING_RATE 	0.0011
TEMPERATURE 	100000.0
TOURNAMENT_SIZE 	90
maxGene 	3.0
minGene 	-3.0
populationSize 	110
maxEvaluations 	20000
mutateRate 	0.95
mutateChange 	1.6500000000000004
seed 	1646684373006
random 	java.util.Random@3ada9e37
numHidden 	14
numGenes 	129
Training Set Training
Fitness 0.01585094930637356