3.114051558332667,0.07667755771701135,-5.973712642665675,-1.1959613863403042,-9.404364794086465,-8.108088265882394,2.9485219950470984,-2.2761142516989157,-10.148567172715389,5.71093036102806,4.8821644955379915,1.2480205612713364,-0.7726122115625231,9.540347395100223,-4.057020659120823,5.928281302348369,-7.649722259709527,-3.4896751290224852,5.885792078072241,-5.2716414223164625,-2.5217451232828694,3.640723260060433,8.468312714031631,-0.8139988805154141,-9.945624153074762,-1.577555752066604,-7.746244514282861,-6.6277307695261545,-11.909499304490819,-0.9673463639506252,-0.7916500237294537,1.081171421810125,0.875737531208193,-11.53375058315056,-1.6146219236392723,2.215445711156322,-8.692091010084257,-9.98289661902484,-1.9395748514487074,-1.3458343777121007,3.13830883928968,2.881283126690846,2.5930746722497418,8.495274020195984,-3.650680920081328,12.730630378747318,2.7883272311172,-2.3389304642233313,2.8512510347591586,1.3687443189199833,-7.583432000564647,-4.5629071935039756,0.38907132729195926,1.6825896401099225,3.9739560151435365,-1.0152187936680068,-3.808526190358757,-0.058378789363144,0.9256547331908891,7.525681696261879,5.524049255402447,-2.277509424822018,-1.8276298796318562,-4.6100648857621085,-8.474891401896826,5.551068391076985,-2.3837913698069757,-4.495833544630441,2.0070058529817736,2.704691942892807,-3.5250827459288043,12.96383581001482,0.14760953513247,3.406216828799823,-2.94589085532065,9.192529619938519,-2.47413811647493,-5.582376256466683,-0.6148674036022825,-1.0144088588016116,2.4221704294579665,12.404604546961998,1.7217811765309232,2.4179123017308823,3.508662703219173,1.3947226605628211,5.512093206321594,-0.7843695679411322,-5.903855914021036,9.740414137095945,-1.32796390807141,-0.9511043310331373,3.883882437236016,8.374269200361011,7.435915560238779,-0.8522039613800647,-3.2248471612860037,7.107705449933567,-4.856101453055398,-10.57405035797897,5.375761883183543,-7.474686640361817,-6.199915033145403,2.8661956508035447,-0.8154241304253071,5.465831824166152,-5.254890521764302,8.280235739967317,-10.285631768409493,10.456876924377983,5.7853033892076,-4.000997085306767,5.848102933935515,3.2342252859537064,-5.244009448841556,-6.9170478014172705,-6.709936089009259,-1.2223805463770026,3.3195423164310647,-1.9886062085538927,10.863040649450122,1.1837400188482032,2.4593583284092313,4.567408251074176,-8.317927307813326,-10.576844260974784,1.2289909264838261,9.029806181142433,2.902059225649225
neuralNetworkClass 	class coursework.ExampleEvolutionaryAlgorithm
INITIALISATION 	AUGMENTED
SELECTION 	TOURNAMENT
CROSSOVER 	TWO_POINT
MUTATION 	STANDARD
REPLACEMENT 	TOURNAMENT
ACTIVATION 	RELU
COOLING_RATE 	0.0011
TEMPERATURE 	100000.0
TOURNAMENT_SIZE 	90
maxGene 	3.0
minGene 	-3.0
populationSize 	110
maxEvaluations 	20000
mutateRate 	0.95
mutateChange 	1.6500000000000004
seed 	1646684373006
random 	java.util.Random@3ada9e37
numHidden 	14
numGenes 	129
Training Set Training
Fitness 0.03431277506133718