-0.17947015090735974,1.503742663038044,-2.851939371887763,-6.98270171858744,8.131912200143203,2.0109781579340824,6.829390829727531,-5.038434619798958,4.4787367205432185,-1.2475279877367669,-7.174970860776206,-5.167949621649102,11.73204543953588,9.804837624186726,-3.7260927912302573,-8.009727395114833,-4.907366184218536,11.047985229616296,-1.9391183471385904,-3.316014348590132,3.633204322761639,-5.370955340867098,2.979042725731467,-0.11552901808389393,-2.2464743589079834,8.339150752845715,0.46128396995938736,13.758994453928981,-0.2904191200201516,1.906204403045038,-1.11728622818522,-8.440468002980879,1.6165187038119222,1.2094563623476375,-10.297949580578107,-0.3575408572163248,-8.738073791552202,1.7371069426954442,-14.875102695551064,-9.661543627667358,-6.80132364713468,14.28495565079985,9.771192413595157,-4.618470789406233,8.461580380693828,16.66249728583549,-15.055280290230812,8.270768802124056,-8.629213832146135,2.869338377190763,-5.248221109134999,5.008496627422804,-15.20095107912984,-1.4523700031036206,-1.9027363829003132,-5.1745454946310225,-5.37698400822665,-0.3704375599933609,3.656966394467184,-1.217529566972896,-7.662691764944805,-5.129225311858558,1.738195646814729,5.443432252709744,9.493792685781395,-0.1945151488174477,-7.048857713009304,-6.971799157229709,-1.3621057252971625,-7.691897819881136,-0.050433069021236676,4.565329912078827,-1.3532908266736934,0.16692916841872174,-0.31022446676655324,9.939092704401542,-0.027736381255694553,14.444239620408288,9.98209732637923,0.3213379228894251,0.44584440018416016,3.4432439882140913,3.66732315568799,-12.917783528401404,0.22278281716549664,1.1745169242372926,6.026810893683786,-4.854043327864611,12.915434156949916,-1.3625286389335083,-7.037410308951602,-3.114357767385301,1.9679536675081066,-6.292850894033946,2.7886814943296567,9.374897703695034,6.719829516945529,-1.4174819424971812,-6.1624177044661,0.003387636666099425,-4.814007527088934,-5.04784836847366,-1.7856327174395332,-3.065127947148672,4.749681452999006,-3.447171487395795,3.3232930861112555,-6.690436122201623,-2.0298961852875816,-2.024338463342626,8.064275313284337,0.2325872054632443,2.8502879837258757,-10.978601917369414,-18.145448539653472,13.638269128741673,-5.388013764271419,-16.84284092833974,-6.2503829517818605,1.7739083669026918,1.2280423501822364,0.37664667499155735,1.9133999288485226,-11.071703524194602,2.045305808895562,-0.4753787044817539,1.6741279043142807,-7.88593375638501,-1.3790810777919642
neuralNetworkClass 	class coursework.ExampleEvolutionaryAlgorithm
INITIALISATION 	RANDOM
SELECTION 	TOURNAMENT
CROSSOVER 	UNIFORM
MUTATION 	STANDARD
REPLACEMENT 	WORST
ACTIVATION 	TANH
COOLING_RATE 	0.0011
TEMPERATURE 	100000.0
TOURNAMENT_SIZE 	90
maxGene 	0.6
minGene 	-0.6
populationSize 	110
maxEvaluations 	20000
mutateRate 	0.95
mutateChange 	1.6500000000000004
seed 	1646684373006
random 	java.util.Random@3ada9e37
numHidden 	14
numGenes 	129
Training Set Training
Fitness 0.01659181552724748