2.265652809532863,-5.681324652018696,-10.652242531757443,-0.39939267141081336,-7.167078734480549,-2.5282301134326843,7.6390086377980095,4.099350111840804,15.146902029332974,-11.298048935913952,8.55305202938765,10.750068918232879,5.43251549445979,-1.0242879110698584,0.15875916177267246,16.121777691110317,1.914341334191248,10.058606902524419,-12.028283957410443,-15.591572612061201,8.283264662937398,-11.353796976191761,-12.48897291454522,-14.448580221768188,-0.061824446015207535,4.7238453505333595,6.555947931146685,-17.207780080147487,1.1345934824226784,4.058097642584594,2.9348030170709043,-5.277417401322393,-9.854862335807097,5.867653147942271,-5.104555694865544,-7.536416743666939,-0.9839423453744525,-11.030448721423197,12.97955360946249,12.37456193126418,12.98333967637358,-3.8147893565390962,-16.069488246374256,2.500516174184072,9.453696203549908,1.5169574994118125,4.581357087298049,-0.6261058665307857,-9.57120162021732,2.794405796348232,-4.407600370275418,4.975417162695821,-9.122722536652237,4.528709863458342,5.912356145000092,-3.402771937458179,-7.971051495665759,-6.886109592369435,8.828668102932225,-10.140913271902642,-0.8987485625421829,12.384349147481096,-1.9855386232959562,0.429504241640414,-12.209044102547987,4.795115203912324,-4.578598694632568,-6.376369672798814,17.180970149277826,-14.951216247380485,0.3844975861326434,0.11337898368916477,-1.1211077431693317,-6.08071756916876,3.7592062768714127,0.8302009505082091,-14.929260629592138,-6.669978892447196,-13.097023683483132,9.460831878547756,0.47758557627867004,-12.204847107874054,-9.544817553887583,-4.668732106002709,-6.124111072140855,1.8713469712911301,-8.15131533143082,-7.530857566064595,-6.8002929132980015,10.228019437338757,-0.9531990777911177,8.898348594099916,-3.333950962507811,-8.486109098510347,3.460026473552718,-12.007200053743711,-4.093591240006202,-2.101088796593901,-0.01761992257795919,21.51739314962464,-0.7519299561068862,-19.96573552219897,-4.8146954516523355,14.422908464650886,-0.36942739507610334,6.761837975654161,-12.001154377446808,21.58775639347504,-5.277976717827323,-7.5692892750232605,-15.604619766331046,-3.924351042532983,2.729234749909753,2.4418909851086963,11.470462102631513,-19.62367732563223,-2.8812793345857957,-3.937548630063575,0.23214898703991294,14.585112109097201,3.257372195791642,3.6420093288227404,13.376973835713555,-5.496656922716107,-8.904685002000624,0.803170288108801,0.29126809756557437,0.7270634540445795,6.542739115906519
neuralNetworkClass 	class coursework.ExampleEvolutionaryAlgorithm
INITIALISATION 	AUGMENTED
SELECTION 	TOURNAMENT
CROSSOVER 	ARITHMETIC
MUTATION 	STANDARD
REPLACEMENT 	TOURNAMENT
ACTIVATION 	RELU
COOLING_RATE 	0.0011
TEMPERATURE 	100000.0
TOURNAMENT_SIZE 	90
maxGene 	3.0
minGene 	-3.0
populationSize 	110
maxEvaluations 	20000
mutateRate 	0.95
mutateChange 	1.6500000000000004
seed 	1646684373006
random 	java.util.Random@3ada9e37
numHidden 	14
numGenes 	129
Training Set Training
Fitness 0.026682149094213663