10.216578386406791,-4.0268201891773145,-7.544014336550642,-5.527818520122132,-5.490173877007488,2.8041031727025825,3.8517265511670065,0.8071965598345425,6.803988887884022,3.995449740425758,9.152759784397102,0.44661908142176454,-0.5170465492993399,-9.228436908065536,-6.778337808918101,-7.610644387116091,-6.730506918001529,7.4638014037607086,-8.991933228556176,-5.599837239056943,13.607005797162794,3.46745340604501,5.054575756337847,-2.9558543281821166,7.423431989373568,-7.442600429919047,-16.941384828938553,-4.9469694154920285,3.572236922901645,-14.668279895847597,1.2126536025835613,-4.165985892025809,7.3910467304043355,5.051279235989837,2.472163848035695,15.812071117486363,3.976728945193811,4.05464488847228,-1.7098427509310308,-4.6608200426333575,-7.803587324755062,-0.04847213865229971,1.7090748071432196,-14.19099619091599,1.8371456839089966,-5.515743301752841,-15.284728377809827,1.0831423203036317,13.592589816812916,9.445629031396312,-10.861715099177756,-5.734851110877739,14.04335808391364,2.602810648017016,-6.68347161404119,-1.5989155924047016,-8.291698723066279,-2.099219783885342,-10.09699079345929,-0.8595414813809654,-0.17274611879251367,8.355147010266736,-4.000882868075973,-9.79101441042356,-0.518547302335195,-0.7070041848452178,7.081487881540101,0.4746627611177914,-9.033955209901748,1.4617422540882896,-4.073603357718131,-0.21874612877254673,-6.150195259152959,-0.3501906038319653,-12.511909961381729,-6.871658077396573,5.390382886844602,-13.100734827775145,-4.348081075805538,-0.8553086268622057,-10.730888149745818,10.53938704502731,-2.789913862294949,-7.768261754193707,-4.582400756444846,0.43145054026828333,2.7972783035595823,-12.803394415678984,8.02903900764986,-7.411135948075538,10.275401945155497,2.3491194753088553,-5.769622841673929,-9.126897717605289,4.671098618979739,-2.1951218231357092,2.5871692347913395,-1.3852820305644533,-9.003333386502872,1.1665065490992834,-4.528827694752036,1.37003940697367,7.374469805793545,2.347804580555083,2.6414147200791085,7.447990400643467,-2.56313315422869,1.8605780670969434,15.122692642002997,-4.2222035072797155,7.088148177517192,1.2515167184156226,-7.2888565274748025,-5.812830444967055,-14.808079632242842,-1.8934358947815686,-8.40524973542749,9.471891765208552,0.7868310836111991,-5.667199135508627,-10.752665394743213,15.211546749811315,-4.014519342682819,5.182941712584775,11.987797763654012,8.422475095758251,-10.024180211015723,10.355123903992673,-11.857925982882442
neuralNetworkClass 	class coursework.ExampleEvolutionaryAlgorithm
INITIALISATION 	RANDOM
SELECTION 	TOURNAMENT
CROSSOVER 	UNIFORM
MUTATION 	STANDARD
REPLACEMENT 	WORST
ACTIVATION 	TANH
COOLING_RATE 	9.000000000000001E-4
TEMPERATURE 	100000.0
TOURNAMENT_SIZE 	90
maxGene 	0.9999999999999999
minGene 	-0.9999999999999999
populationSize 	110
maxEvaluations 	20000
mutateRate 	0.95
mutateChange 	1.6500000000000004
seed 	1646684373006
random 	java.util.Random@3ada9e37
numHidden 	14
numGenes 	129
Training Set Training
Fitness 0.02739013250357672