2.5401672018013777,-1.6800624476255113,-2.52545823337052,4.7946168135190534,6.680100021496676,4.557703726316806,-0.8434754207589625,-3.937676366413429,2.720969628154255,-2.0374867007999558,4.175455297572638,1.1030466242846853,4.9032885694965564,-5.9255985606438255,0.8827627016470725,-2.7200336766118856,-3.5675545314865236,-1.1524854536078317,0.7878653734810648,-3.418536850508657,1.736781751492213,0.8007965674344533,-0.6893643634324418,11.362796251136599,-6.936841271934341,-4.673307653579854,-1.397866855224649,5.124576207352476,12.734364624261032,-9.141312187623981,-2.0367670240311444,-3.1674356264890413,-4.062359744850207,3.965300083495081,-0.44555246531917714,0.7688719658946859,2.746017388144141,-4.2075690323107375,1.7914134271929418,8.277682674204643,4.044089362913848,-4.6322098749848,-1.99081697386268,-2.4208319627887818,-8.66274456936194,14.810395505599736,4.804637491945947,-0.7266884604323676,-7.7816008202923825,-2.145048577705146,5.380004342647118,5.690905566277973,4.04838689360067,6.6052049429291655,-3.7883602806901635,0.17202917398973483,6.626692205968901,1.072174798173159,-5.043097013512445,-0.5871330202341651,-0.11412655165824237,-2.917551460744944,4.388126759077213,-0.6302313082022053,-4.361444829486234,1.9085334861128826,-9.593645893061616,-0.7549951360159319,-9.062015186803638,2.477553065427726,7.3386895204211235,9.101711495221352,5.233158456994049,-0.5436330452134084,4.661780494793207,3.0660718443825683,-0.8930687773638724,4.490500363036638,3.6201169586009483,-3.1271754131437905,5.330449238136258,-11.258944908977718,-5.9784872430497,-9.554263198362746,4.499663711964626,-0.5819199859517257,0.993298140687358,-5.172271674883298,7.38960586840269,0.5506701045533049,4.121430992137307,-7.714123463212747,-6.180471025249484,0.463362349468996,3.020901141187485,-7.435416432492895,-1.2830607694792437,-3.8048062808169405,4.62939179700095,4.588944821665317,-1.2990346957168324,0.6520818762143668,-4.921984357929221,-7.852316049756208,-4.074568418345365,-1.725011779196564,1.9692248201456284,1.0555987123128254,-0.32057044984807703,-5.164382889002348,0.8429470281174325,3.623442204355129,1.738096761822498,16.08820646818578,9.169694491682513,2.6737940471485633,1.8387392319490568,-0.33974591590051606,8.08534889679332,8.344457463784675,2.7273526232577705,-5.343168730173807,4.758600875833708,-7.658503757579555,-5.371979141215328,-1.7675781288839998,8.968883159381377,1.1063513480376894,3.83259119734658
neuralNetworkClass 	class coursework.ExampleEvolutionaryAlgorithm
INITIALISATION 	AUGMENTED
SELECTION 	TOURNAMENT
CROSSOVER 	TWO_POINT
MUTATION 	STANDARD
REPLACEMENT 	TOURNAMENT
ACTIVATION 	RELU
COOLING_RATE 	0.0011
TEMPERATURE 	100000.0
TOURNAMENT_SIZE 	30
maxGene 	3.0
minGene 	-3.0
populationSize 	110
maxEvaluations 	20000
mutateRate 	0.95
mutateChange 	1.6500000000000004
seed 	1646684373006
random 	java.util.Random@3ada9e37
numHidden 	14
numGenes 	129
Training Set Training
Fitness 0.03503022132185623