-3.5673224772661634,3.424476631691766,-6.685026075455946,7.990365908429163,-8.192010081380461,8.109601655402926,3.092779425832253,13.442080239977585,-6.327308704818924,4.7782219125265,-11.649628234140156,10.179297379900172,-8.107863798299059,-3.1872985628265518,-13.117174139659983,-7.96371861290009,1.4674442869116815,1.6066853740591558,-6.587557444548432,0.007883787213612159,-6.71554626615462,3.5384323977831613,14.58190168985824,-8.435037062639424,0.0689373686435566,1.9344536883303771,-5.0353266074946905,1.3630734147935173,-5.043843262277877,6.64320343613014,0.06277439180287647,-1.874599435811473,-3.2759605432754517,0.16571422133614178,13.112541748508356,11.492439159606153,-7.726688681737315E-4,-8.0640309906992,3.338432831621022,8.01118822000492,0.023952492009433612,-4.991550135072887,-8.017054316826009,-9.814342082726185,8.119160471040566,6.393702161376842,-11.252409484642238,1.6782572929395467,-9.654490068538147,4.684901113663335,11.555428475361122,11.688155648452476,3.348839364216012,-1.5106935482989767,-4.759969943970113,-4.662016661124726,1.3804025333895007,-1.6818611853455963,4.928791425868716,16.77426156076765,8.404634978970137,-3.353189408270719,-0.2796172674965547,-3.22027617923784,-5.151575013002203,14.88459166438064,6.556688626983366,-4.842784557135078,-1.4441765979637076,6.4386896375943135,1.508936896637783,0.2751308615827579,-17.909162542256908,10.022371956521242,6.685797370723318,-9.636628293431041,13.27841489413217,1.640156274816837,0.22806886152400363,0.01658254572829332,3.5399355231747016,-11.264756591084138,-1.3698419422875947,1.6979439814822177,-9.78551178610716,3.105266118285722,-5.027109808016688,-6.857923220362466,-9.989077594656221,-4.8179250910383,0.015277175809385923,-4.820366016579687,1.7081241128992906,-1.4703191544250007,-8.075295072664794,6.698931081055184,-1.9378228243657256,-0.20837623135601469,0.2755873668881659,-4.828511592862075,-12.96096824522916,8.314932518984783,6.515870805122452,1.5486324999865353,-13.279987282605658,6.542492368735251,-14.861141960864245,6.885327613915864,-8.175038347407114,8.449033410582757,5.004657778874355,1.6651810004721916,-3.1859828375433366,-1.6018981495836062,4.781150476208272,3.2370898152894867,-11.636000983770824,-1.6317253456591692,4.968698126583057,-5.070729596558523,-1.6809273907221627,0.08652671150317293,1.685911146480862,-1.3695654452184907,-1.8621687308071513,6.315057579197751,-14.574378588318138,-0.22934963271013942,14.650144798552082
neuralNetworkClass 	class coursework.ExampleEvolutionaryAlgorithm
INITIALISATION 	RANDOM
SELECTION 	TOURNAMENT
CROSSOVER 	UNIFORM
MUTATION 	STANDARD
REPLACEMENT 	WORST
ACTIVATION 	TANH
COOLING_RATE 	0.0011
TEMPERATURE 	100000.0
TOURNAMENT_SIZE 	90
maxGene 	0.30000000000000004
minGene 	-0.30000000000000004
populationSize 	110
maxEvaluations 	20000
mutateRate 	0.95
mutateChange 	1.6500000000000004
seed 	1646684373006
random 	java.util.Random@3ada9e37
numHidden 	14
numGenes 	129
Training Set Training
Fitness 0.026965246021816703