-12.304870345515921,-1.4108602102963523,5.6957813442138026,-9.263266620740286,6.990623177122172,7.331340143002189,5.843278541365548,21.692242386640743,20.348881397800646,-7.468451650615192,16.529227918310283,-8.476352376707982,-0.9858927372616346,-10.421370612813645,-6.127076109269328,-6.119325125434273,1.7884604181267036,4.218608920187343,-23.426750187636465,-7.442729151148939,-17.19358093459092,-10.646348826254346,-5.240823353520703,-6.504392710051686,2.63073004125439,-8.975567761115885,1.9399811633937842,20.742871709119548,-9.075254841831313,-0.5891175663878085,4.808614177195221,2.6022631734824664,3.0313309582091446,10.802286433293842,10.683289222989444,13.641877430373032,-7.473568721041611,0.8162451814053613,13.716503112407143,12.309930708880863,0.1657514771252817,-0.6629796099430445,0.15734091699494712,5.152037846519141,-4.044075907607082,5.647296146622028,-2.5779424630957974,18.236025646147112,-0.5930932382718543,17.593410149704795,-8.640430903770453,-7.587972232087552,9.410253209612307,-9.74737959582165,-4.05737134486813,-10.17962613261051,4.688289169109052,-3.8380094865799776,5.622100324564965,2.3570503028394443,13.822115672037388,4.271991699066138,-4.249113088545932,-4.833723752901776,0.941752462580915,-0.04606532081415082,2.6157074588496343,-11.997996033865236,-3.745002717723267E-4,-2.4811381008838325,-12.390939847679872,11.784918317247307,-12.151007674774812,12.696543957611516,-1.2196511180913001,2.5287753737592915,6.461790703879064,2.926741898102388,4.424289814500236,-7.18031319200248,0.8957854879819944,-3.819089331746376,-8.653642669816993,-3.995779388879045,1.4587803790501308,-0.038963254093919986,14.039167727050117,-2.223043606074422,8.41805056844631,-0.786683837587212,-2.0896596588509393,3.955397476300236,-14.533955501812548,-2.552102597520264,10.82151627112789,5.639908344026912,8.478792114658262,-4.728073239699395,-5.620144454794733,10.578611522048444,5.941348385281028,0.7716514601960807,0.7674740829925355,-12.50805605651891,-2.685008528408975,2.620349980690226,-1.3490774559556313,7.358837516575436,-2.5662149003400536,-10.207624455753708,-8.118050149408338,-0.37374464599704726,10.293506068932489,-8.170386163955637,8.58243431707533,-6.623920112255146,3.7338275726646764,2.7351719889927093,-4.549493119193536,-9.031884277214179,0.7150402561258407,-2.489868771492743,9.081530419455166,-9.274766095196082,0.8034835071774458,5.002711650573781,4.966740823848763,2.3364522350401513,0.655249655794349
neuralNetworkClass 	class coursework.ExampleEvolutionaryAlgorithm
INITIALISATION 	RANDOM
SELECTION 	TOURNAMENT
CROSSOVER 	UNIFORM
MUTATION 	STANDARD
REPLACEMENT 	WORST
ACTIVATION 	TANH
COOLING_RATE 	8.0E-4
TEMPERATURE 	100000.0
TOURNAMENT_SIZE 	90
maxGene 	0.9999999999999999
minGene 	-0.9999999999999999
populationSize 	110
maxEvaluations 	20000
mutateRate 	0.95
mutateChange 	1.6500000000000004
seed 	1646684373006
random 	java.util.Random@3ada9e37
numHidden 	14
numGenes 	129
Training Set Training
Fitness 0.02701164535068063