-3.2442537982168558,4.485060757187075,8.128544999730888,-12.439694195338205,-9.263774246054094,-2.2192553296330964,5.648069704979585,3.8307769116623493,-2.571254851936553,0.43931553400501855,12.290447291403595,-7.1132231977055085,-11.516982971168163,-5.810946379048904,-7.446622384178809,8.973286844017979,-10.68650342580762,-2.5108396735003904,-6.11282582773424,6.103710071923697,6.387998957266964,12.069389109089522,6.435290682219852,13.140210095633332,11.556998987416641,-1.0111902142161693,-12.132667647433983,0.04161635814069964,8.145085550221015,2.287035061616656,-3.3272990313002637,-3.896410708853658,14.616277773160268,-19.524153738591806,-5.182988538357028,1.4340995672091186,13.10264222013433,-12.768736887386432,12.034900507776387,3.7631367658155472,-12.799110642663333,-6.3542840903580196,-11.058168027689955,2.628918000354581,-11.75564404131775,1.2870822746740629,2.8939886987675703,15.81373025406233,-3.3019813160194893,4.3859659385481535,-11.990677048014895,0.270898023629937,-11.048081448363577,0.9346986095963441,-5.365673033133699,13.090227074870896,1.0536063504491215,0.281160787758699,4.60006203214413,-4.657365486669281,1.072958513696034,-3.762378052376321,0.4074759015505469,4.275536036876283,17.582944268189905,-1.3505860096745206,0.26601868250573535,1.9489176238914858,-2.832340852753487,-0.019642200407226973,-2.9689470232210695,-0.7921169997352857,3.4341764148407217,0.9214744533263968,-20.205462482236236,0.1808218712666818,-2.2924994016104363,-9.133378265369203,0.8799500506571185,4.07320882657833,-7.321858376589995,-2.0266964977294153,-9.073602596439862,-15.004602876569875,2.8495639847541234,-11.033130662901764,-14.275193215371502,0.28087534844603645,1.2515093773926722,-2.978210801026459,-5.173612842467747,10.44689610518879,4.05983435084514,-10.06891015089154,5.720950117866428,4.072944070550086,7.802062974965759,-7.346424960967472,10.154830795807605,-5.944521231095877,8.108939676073572,5.062768918395287,-11.118075853433563,6.566456777666375,19.693576100314587,-17.236069838918986,7.7823467229455705,-2.2970109222529427,1.2075135707887945,-2.909988152083871,7.759902194722182,-11.359015775734346,6.548967253309689,-0.13995690331766486,-3.5775330688810474,-8.066742800564949,10.713712053770747,-6.961651176961142,-3.894686246582813,-7.128336845576474
neuralNetworkClass 	class coursework.ExampleEvolutionaryAlgorithm
INITIALISATION 	AUGMENTED
SELECTION 	TOURNAMENT
CROSSOVER 	TWO_POINT
MUTATION 	STANDARD
REPLACEMENT 	TOURNAMENT
ACTIVATION 	RELU
COOLING_RATE 	0.0011
TEMPERATURE 	100000.0
TOURNAMENT_SIZE 	10
maxGene 	3.0
minGene 	-3.0
populationSize 	110
maxEvaluations 	20000
mutateRate 	0.95
mutateChange 	1.6500000000000004
seed 	1646684373006
random 	java.util.Random@3ada9e37
numHidden 	13
numGenes 	120
Training Set Training
Fitness 0.012596704482393972