7.274548594532105,6.952473818434607,16.664801238729574,16.524712925743913,-4.47063043947716,-14.264807716863036,-7.6476966734922325,-10.954453436216511,2.0302302101975345,2.3888165797733656,10.239686437068139,1.2588841141530267,-4.008741197151412,-2.5839587202683223,0.04452798779838396,7.889405437138315,8.729345629195,-0.37865680837693283,24.1324889000238,6.207632941567848,0.6919534329642563,-8.898108721243494,-7.034460076177898,4.079664841436527,-10.478783107454598,-4.603836465206411,7.192965148275695,-9.534764327356996,19.660176179231314,0.32297645756937854,-11.312331972404262,9.598173850024423,5.147228587066671,-3.631764044453438,-4.435708666690648,-5.2983145287012405,10.022611498778781,-8.161166066127599,4.187147083564589,-12.853246806264718,-9.264030817776465,-8.64728107650114,10.534936507240895,17.005297748483887,10.396787399650158,10.621283037349789,17.485723919989518,4.180609215237185,4.749714286710395,10.454813201867992,-9.230386637325857,9.115915645681671,1.1845210949308802,7.233865878529258,3.5080613706108164,-9.112184952413838,13.905691743295456,-2.3109659733014674,15.517743125704536,0.684654195261241,3.489361489520684,-4.9313158817767775,3.00337437059377,9.850801905500822,-4.404436772204772,1.5795979079920954,-3.435616889039254,1.8653909285866028,-15.202884102982258,7.06319804051949,0.640751291444019,3.9079254796192417,-5.608642968556796,-6.115813775697073,7.75648481119441,7.089041240446525,-12.066626328778758,11.226540131114588,6.999501938869944,9.576112215691058,4.607721489826573,-6.878225864854979,-0.25037523537588946,3.5112566979931064,10.550031452577246,-7.419568086566887,1.1342547411704906,-2.7046653373650162,4.754638563614649,10.86719458630231,2.3958072227279166,4.244980856275932,18.716648722531467,2.8187239628585505,3.227766734230367,5.306162210191469,1.3361987579908021,-5.280334268847364,10.748612626741492,-15.16169666529825,-5.712322387378826,8.103414551046248,10.565357042041226,-1.8789816200233949,-1.7632888193953047,4.4404211301352445,19.28742929672226,4.578849103834758,6.290443222624933,-19.086067532712143,-9.80188213465493,1.6502642086600119,-1.7931156910431127,-3.642337127336557,10.874770630597764,4.3455383810657535,-10.083170782544705,-3.8079926337557257,5.520435144167536,8.193985790267682,1.0270824543287405,10.295012558730852,-3.5713923897306206,-14.125614872310427,-4.373535951889415,-17.768563982696357,1.9992418826927132,12.453288458304343,-14.393699713917348
neuralNetworkClass 	class coursework.ExampleEvolutionaryAlgorithm
INITIALISATION 	AUGMENTED
SELECTION 	TOURNAMENT
CROSSOVER 	TWO_POINT
MUTATION 	STANDARD
REPLACEMENT 	TOURNAMENT
ACTIVATION 	RELU
COOLING_RATE 	0.0011
TEMPERATURE 	100000.0
TOURNAMENT_SIZE 	10
maxGene 	3.0
minGene 	-3.0
populationSize 	110
maxEvaluations 	20000
mutateRate 	0.95
mutateChange 	1.6500000000000004
seed 	1646684373006
random 	java.util.Random@3ada9e37
numHidden 	14
numGenes 	129
Training Set Training
Fitness 0.008403906362306042