0.2948173508954355,19.187426240858173,12.948510543021122,-11.248735732940462,-5.181494671007805,0.13142382751987736,-3.797097347865048,-19.070974058317738,-6.105657606421241,-4.169464368137491,1.7673039287307057,-4.380189222443608,-26.321964938456887,1.4095787962989181,0.548876536291818,-19.70280967834541,13.917075795423056,15.148349385027876,-2.400129508912771,-3.0489188727139105,-13.742419138524294,-8.322712882274867,-2.7616390985166426,8.976385685796242,-4.005464138506724,-10.440949027904503,4.572274875208429,8.881983935528549,-15.936367033247736,2.7087765367641543,-10.88858422226919,-3.392186626478711,-5.769698568190157,-6.914915393873086,-4.571642193064985,-0.26418933937226363,5.626456195324305,-0.44929689090434977,8.142762008698135,4.016043690563048,-16.48208806321849,2.155866610979543,-10.59516788746719,-0.4975929610069354,4.555331136699942,18.489450010130135,5.492303691633026,9.052797053689284,-4.881003638889762,1.2720929239926573,0.861529646984228,12.946737213886072,-5.887381109360428,7.632366463500967,7.806897374341734,10.758963043607453,-6.506180718518383,8.71133142525714,-2.1660124300085055,-8.649470881156619,-20.70116506333271,0.7826346889182663,2.4405517209265515,-7.900455667238697,-5.923568013107813,-16.195414604793896,-7.424439267566577,1.0416886300550665,-3.1090762692960574,9.387451986960302,1.1102490693660272,-5.8237870758931045,-0.06338516472951383,-10.036484055466266,-4.593752505189022,-7.9838306908866326,5.325916885596744,6.439215994799507,2.204573531440005,-5.577834466541076,-4.729200563611505,-4.161987465501214,4.635417483859314,8.906986278631164,2.7721653248573137,12.459400632770137,-9.98766522179824,-1.4160326156617673,3.714157842900361,-1.6162046363968958,-7.374371704062826,8.355060828627689,3.9803326920278863,10.344809300559655,0.5383740837492432,-3.1549303167104927,5.266046400731941,-15.080258087350948,2.114717909935491,4.286583715035539,1.2063363369705806,-9.64410586066808,-0.8262593470894775,-5.4543098212895575,-12.729009051080249,-20.495379425200127,-3.0366381700272616,-10.898416207069943,-8.551575631506479,-0.823172304953105,9.537425654961678,7.253743099341506,-11.352597772883083,14.26292263446681,-9.204719307561152,-13.121608131915142,-1.2094245924669016,0.22701602280226751,-11.293158681560021,-0.35849315272252724,-8.243791595617935,18.83947726508287,13.24728731295176,-0.6513163174579368,-14.005589977955536,6.5537380028398715,20.754232196246186,3.222715965167313,-3.548409228850641
neuralNetworkClass 	class coursework.ExampleEvolutionaryAlgorithm
INITIALISATION 	RANDOM
SELECTION 	TOURNAMENT
CROSSOVER 	UNIFORM
MUTATION 	STANDARD
REPLACEMENT 	WORST
ACTIVATION 	RELU
COOLING_RATE 	0.0011
TEMPERATURE 	100000.0
TOURNAMENT_SIZE 	90
maxGene 	3.0
minGene 	-3.0
populationSize 	110
maxEvaluations 	20000
mutateRate 	0.95
mutateChange 	1.6500000000000004
seed 	1646684373006
random 	java.util.Random@3ada9e37
numHidden 	14
numGenes 	129
Training Set Training
Fitness 0.018205183148970752