-11.516481195321333,1.8949113621457698,0.38007773576762816,5.426310739822732,-7.2575494383790815,-5.805581488638108,13.867297743757508,-2.2898014282731225,5.980025186400585,-7.56284177383589,-5.5912710829213905,5.679265722824548,-1.3869615009063612,-1.4839382406802013,-9.397051627259415,2.997110854645979,3.026883693291259,-5.0943504328048235,-8.39677857306178,-4.823399654412235,-9.466271855671351,8.920661070250224,7.184622385216116,-5.7352204918175405,2.2473761987098024,1.9335896262848236,-0.4516273033802527,13.701590377830772,12.584966671298346,8.343893107839428,-1.5072271981423642,0.39456831254323355,-15.475987731884175,-11.360023193893905,1.2720197373041406,-3.714966726113426,-8.481533171753702,-9.299411605824435,-1.3872193083026731,15.499380663421402,-5.933992337120073,-11.191140481837872,1.1735364383660825,-11.167521146604654,0.6874139528542189,-17.696336422497424,-1.794440888021053,1.7543741001465047,1.960322723220914,10.271984288718418,6.607593849950236,-2.1637997026359326,0.9133837217154888,-4.554085047965236,-6.250344104028488,-5.331568640776829,5.452231193476514,-9.537405143918887,-12.322687363815339,-2.417154149697774,2.8310977566585773,2.086350078547584,-5.697508267458084,14.518376223336812,-13.801608125844737,-4.9425121914909305,6.133340817897732,3.867703952494951,3.247626245576903,-6.966453424460656,-4.869189627023452,-1.9175078329654642,-8.55988739387703,6.8932632926858,0.24185269503007945,6.023865862125891,-10.582032257265316,2.7317228495665473,-4.24948321635744,-0.2640055162481687,-4.98752732154279,-1.8572931583654695,1.0727229240546414,8.373590131796387,-0.7624251385835059,-4.770986343123253,1.373401735610785,-1.6344618425708308,3.523773557887046,2.537240270857339,0.2865965960795682,6.012656148492578,0.966911520259087,4.818478647546801,-8.918427503534371,-17.791604630772568,-10.270751054836262,6.421380954935694,-11.571558454927406,-11.535342813699923,18.394683599261796,3.7255203964328345,-1.164337624420762,9.594254479974726,-2.2196483575222334,11.725143544170404,5.9274402033127505,4.151517323337094,4.8878152589870725,-4.238278567804649,8.366731879417767,-4.391201974491219,-0.492445300037307,-11.560943327020347,-2.9314834217592782,13.125991839820385,0.24598770002896586,11.384808089713736,-4.203220030126301,-4.552477097699592,-5.063487840884051,-8.663393227900361,2.0457405860137854,-0.7762138873004574,-8.386059050647614,8.16917628980179,-1.1789860974706112,3.2549386650810295,5.6842092531460935
neuralNetworkClass 	class coursework.ExampleEvolutionaryAlgorithm
INITIALISATION 	RANDOM
SELECTION 	TOURNAMENT
CROSSOVER 	UNIFORM
MUTATION 	STANDARD
REPLACEMENT 	TOURNAMENT
ACTIVATION 	RELU
COOLING_RATE 	0.0011
TEMPERATURE 	100000.0
TOURNAMENT_SIZE 	90
maxGene 	3.0
minGene 	-3.0
populationSize 	110
maxEvaluations 	20000
mutateRate 	0.95
mutateChange 	1.6500000000000004
seed 	1646684373006
random 	java.util.Random@3ada9e37
numHidden 	14
numGenes 	129
Training Set Training
Fitness 0.012001756198365996