3.3912009353589694,2.1024457426299126,13.472734041441486,3.5609129532739745,-9.467494014613646,6.822599903831012,-11.266921427440861,-2.8032007695935803,6.983868583009622,1.6487562446560702,2.9034000721326514,3.5543906777430037,-8.176609146890407,-11.527407184110743,2.014919207016458,1.8871206126808708,3.412019967035869,-10.083713394974726,10.478302528791852,-9.548679601947882,-6.520114412819288,3.7494075754782177,-13.10363288183567,-14.338812297352924,-10.00603577428991,4.783089381544112,-11.813204721562615,-20.093936347727414,-2.714632442178443,-4.375546581010082,-1.103326801375303,8.104855129758546,0.3717384297933979,1.2714600296452172,6.868074714613984,13.28876066667696,-1.419179463978156,-0.11489975948564357,0.3492386753689747,9.399046022746163,-5.149822752901826,-3.266021631008078,15.206380360785863,11.448593351728407,6.175155285289161,10.465902386165158,8.052271629421446,1.4931590973093343,6.54042382984025,1.1391812913795665,5.246957427792136,6.087903891714861,-13.267847591109252,-4.852720074749261,5.3097121541369425,-20.897043306891184,-5.101209751159116,7.765290542438564,3.1539772075999704,23.503541611233928,-6.216412594079684,3.2325144875815734,-3.0074053668947194,-11.958095799539844,-14.68368502738006,-0.18079921281223132,1.865576705861863,15.165446751623483,12.680304864005624,2.101168739210653,6.481262334849723,11.57694572032059,-11.985750576157988,15.245197772794885,0.03324885424795543,-15.02426182438334,1.171442308673095,1.74006830421192,-8.845808511082529,23.033861391160784,20.11488321458647,1.8917809495760363,0.19272668511934832,2.017306351484601,-20.095365085601976,-3.3790162029228137,2.1942862873677917,1.971495002701066,-1.664258057197208,11.44318757134017,14.745575880337991,6.6464723127053915,5.083247449017833,1.638349515222231,6.597856240316878,-7.691964616907425,-10.008333285628193,11.627648359863326,3.2146736235634634,-7.055838187762683,-8.26980582201852,3.6551080847655157,-9.767600653362019,14.781992002205698,-11.039002285520086,-1.7155141793477942,-15.144379572498414,13.666474913336426,3.345801879691326,-0.3397394998338772,-1.201537301845434,-0.5694486988856777,-6.156505511634199,13.270895373257416,-2.193874543369316,6.505240385169495,18.07976552404355,-4.413572153078512,-1.820209905562395,-15.421826828452026,7.98437360596193,3.1455454899832933,1.9865776320309179,13.521832967644904,4.811416334339622,-19.857079177062325,18.209780552199568,-1.6807957418245891,-7.804722250598422
neuralNetworkClass 	class coursework.ExampleEvolutionaryAlgorithm
INITIALISATION 	RANDOM
SELECTION 	TOURNAMENT
CROSSOVER 	UNIFORM
MUTATION 	STANDARD
REPLACEMENT 	WORST
ACTIVATION 	TANH
COOLING_RATE 	0.0011
TEMPERATURE 	100000.0
TOURNAMENT_SIZE 	90
maxGene 	0.6
minGene 	-0.6
populationSize 	110
maxEvaluations 	20000
mutateRate 	0.95
mutateChange 	1.6500000000000004
seed 	1646684373006
random 	java.util.Random@3ada9e37
numHidden 	14
numGenes 	129
Training Set Training
Fitness 0.049785781913053447