1.1402490049285197,-7.986699184416345,-1.3109120564196584,5.0847640436166595,-2.406337633416322,-2.562103010656571,1.0058587344918646,4.517442190753652,6.006811803805024,0.8859861772317608,-3.58573231235472,2.5650769766520645,-7.660990304098833,-7.229248493079,-4.810151820053961,-6.93488997391146,-11.197308735839608,3.4934020234820444,-4.0373700672696105,6.179183464338024,4.472541776267198,-20.642662705919683,1.3414660869995298,10.814704067087993,-2.8343650352660887,-1.3301719667901253,3.315305102946075,-4.624802861185386,5.783717123654643,-7.897285874935136,-9.301729620911752,-5.018592782134396,-12.339779654544925,-20.09694439277243,8.487209209432827,-8.757438053599923,-7.843401812015795,0.6216815349622973,0.7636658405040935,7.80678253912475,-14.714406977580834,2.342629777315553,5.558393122265576,4.646717448410762,5.631944302181157,-13.24083196570363,15.618738320982272,9.009084045231589,9.505418945184747,-10.77307384791592,-5.81805895164505,17.53014426095755,8.009289193330293,-3.2191395414694117,8.959941479719408,-3.176473260484335,6.9112063087566735,4.139621811000334,-5.69551600169177,-13.443259752573296,6.1264692739686755,-4.759180152697706,1.9631001105028965,7.571395599247397,-9.415768656861509,9.008101425839437,-7.234147996914457,1.178324795873034,9.861743432964309,14.31395079243954,12.712152277624355,2.9807785909257882,5.205970960044507,3.679174536668028,-10.646791605429042,3.1475717178100266,17.694403786607886,6.212292242747381,-7.823072145857264,2.2070621962967767,-2.211719758152535,-4.064636501767438,5.869080962343806,-4.152743827052918,9.58780921126261,-1.7207718717854688,-10.062895264700058,-6.428537961302059,11.284853002463317,-5.032557909817201,0.2771154295148861,2.0686197182024433,-4.625933454652696,0.9146315599065833,-5.974429971715033,-8.290983988283404,5.283400627881402,2.0729263005777394,-11.301659804736598,-14.6366518659593,-6.224600921527851,15.275524109345474,-7.094572594216703,-8.5618864781009,11.247298432500385,12.445189041665259,14.294530403206066,-14.170957825381082,16.908057046575344,-10.168151261092408,-1.9753429272086866,4.271214955367332,-7.781143920886391,9.721898152617259,5.084216462199466,-6.970246894764147,-7.694118275080065,-0.8208925551219135,0.6868315840128094,-2.1849973688064264,-9.04890868848478,8.389274914867258,-1.9113998812035984,-12.199121860191994,-5.439514077667783,14.28994081509049,17.76132964872233,-7.434855966417066,1.7037420358933915
neuralNetworkClass 	class coursework.ExampleEvolutionaryAlgorithm
INITIALISATION 	AUGMENTED
SELECTION 	TOURNAMENT
CROSSOVER 	TWO_POINT
MUTATION 	STANDARD
REPLACEMENT 	TOURNAMENT
ACTIVATION 	RELU
COOLING_RATE 	0.0011
TEMPERATURE 	100000.0
TOURNAMENT_SIZE 	5
maxGene 	3.0
minGene 	-3.0
populationSize 	110
maxEvaluations 	20000
mutateRate 	0.95
mutateChange 	1.6500000000000004
seed 	1646684373006
random 	java.util.Random@3ada9e37
numHidden 	14
numGenes 	129
Training Set Training
Fitness 0.019421586752480974