5.426566858567178,4.670177438086167,-0.44344569306031545,1.0977816329483705,6.280201861312047,-4.026151748363021,-10.547078842451805,-0.2633944928017504,-1.7920841765144777,6.671870068764489,-4.533216630076561,0.28971512359804663,0.46268953358089027,-6.43726355310981,1.1816205469514403,4.360690481246957,-1.6006976292551611,-10.954136515822926,-3.1720285584228005,0.18588017365101273,5.201981905854662,-7.618673384605428,-2.793342423542301,3.798841541581102,-0.9079967237773872,0.11926684813223654,-2.7681809062411373,0.14684197065701365,5.378070991244911,-12.760175752202016,0.1274918344817646,4.994613323977504,-7.511518914016961,0.5425006210265622,-11.793623397882694,9.517351320045625,5.887740123767367,-1.7905948869482682,1.0418695450263487,-8.010755775354209,9.781483887054813,-1.3101230396086483,5.114351169059688,1.8656155425845995,-1.7477846920836972,-1.9354678283305287,5.570145006769712,-5.563938151594494,-0.5554530925893797,-8.755175385269503,-2.073512212555043,-2.557239621601818,0.48231312829791495,-7.050240526230247,-2.8617325438991097,0.31242332116554206,2.601081523247819,4.77444455091969,-5.987789419611391,1.5421688304787766,-1.4317304430995277,-1.1242886502918559,2.9616238663490018,1.3588756061525045,-15.060757719188391,0.2480839188929269,3.089712279577962,-1.061612805488572,0.9114402764185101,7.198923256503295,2.5219225851658384,4.075226975952979,-1.0602433385059742,7.854616426729043,-2.4723202943369476,0.2852821068808291,2.7150575277610507,-3.309766562770932,0.7793070259072383,4.703213125787386,0.3339066328281002,-4.076884298315901,-3.909157489208816,-3.2968609188023024,6.101233250794932,-3.4535895398239003,5.761886147815275,0.8754495718187698,4.858848904581235,-1.048389261537534,-8.178467444888199,2.634388645091883,-6.228606518250233,-0.950292640423215,-6.025130266147335,-4.689646224789304,3.1274618149800695,2.9986086244644525,-7.700558777976719,-5.252351374640709,-5.522665731926087,-2.7199741199248364,-7.328504843712006,4.982728054592316,4.679905989788247,4.24207440326254,-8.728236927831613,-0.7302322455631853,5.970083661836632,0.7343828431367392,5.2779340412144755,2.3496880240457942,1.7840860287171427,2.2105536683754536,7.595912291583822,7.125561426170003,-2.1562391875749745,-2.7916379965307847,4.5643659244321935,-2.0383744817895417,-1.247798520521937,-2.408872743146249,9.437000289307147,-3.7350756284836777,6.5416154232299535,1.944241849027292,-0.3955938077104726,-5.312105995026878,-4.559425958968443
neuralNetworkClass 	class coursework.ExampleEvolutionaryAlgorithm
INITIALISATION 	AUGMENTED
SELECTION 	TOURNAMENT
CROSSOVER 	UNIFORM
MUTATION 	STANDARD
REPLACEMENT 	TOURNAMENT
ACTIVATION 	RELU
COOLING_RATE 	0.0011
TEMPERATURE 	100000.0
TOURNAMENT_SIZE 	90
maxGene 	3.0
minGene 	-3.0
populationSize 	110
maxEvaluations 	20000
mutateRate 	0.95
mutateChange 	1.6500000000000004
seed 	1646684373006
random 	java.util.Random@3ada9e37
numHidden 	14
numGenes 	129
Training Set Training
Fitness 0.034820756869384496