2.6154684089272164,7.487181853846722,3.1367974029374945,10.99207601300934,-7.239853840110639,-5.102820844828619,1.8397267476922217,1.0069279819633632,10.7999311033928,-6.434553653234321,14.62730166399647,0.9655772659758384,-0.2850563091814662,-2.710996801994554,-7.321001632911333,0.8684127629047946,-5.122862909498119,-2.4968987059664265,6.742206065546407,5.208879828977777,1.3586143266589845,-7.206917952345499,-11.212968312081681,-11.712129901592496,2.8204207095791975,-6.226993112534387,-8.40204113025312,4.855830832723733,-1.3877002685347364,7.2617000049037745,7.619221704572217,6.757193215331984,-2.618371699205472,-1.4921165889397727,4.230242236533565,-4.594690887745441,-7.349563723858308,-13.642724955251385,23.53384726353304,-6.123186290902087,6.974034460946408,-2.6669719768725724,14.846076586299448,10.390279911331957,2.197006036970924,4.204192296933459,5.532395412892422,-1.6803393035034278,-1.5056489691128077,-12.64447791985483,-8.373936895964697,-13.306882945593367,12.189855880690509,-13.542113774489422,-14.900367580470041,3.074674663426693,1.1288937992694752,2.846078748275729,0.792001411746881,-0.5844532981542727,-0.9534015257929909,-6.417510939082812,-5.186104003742397,-0.0921793983121022,1.3908233431322987,-0.4332915514776552,3.3967704786967214,-4.0648726102727,-5.171563016219743,-2.248153472488431,-5.5783263528668225,3.12615038048732,4.262636789073165,-0.07243633742967681,0.5467459989764345,-6.215430139819404,0.32201456572136067,1.848009893528146,-1.3348947598958647,-7.269829442567527,2.934501525875489,3.819958635048291,0.8047723122717043,3.5241710472407544,-6.642908779642132,0.03963417433614502,-5.349250742967847,0.984576535477967,-0.13608356785079057,1.8424322454252424,3.173664562169564,-3.5034767436805776,-4.086738112767132,10.694741267970128,3.2729075525772027,-2.296462658781701,3.4609415399011283,-1.9357744168298652,8.61084672847241,0.9626221126026984,7.244406929399705,-4.552383713258266,12.819699127074905,2.1934321010791145,-1.1238385408588387,-1.1788522094578404,12.247327273286365,-3.1785152993971257,0.48590966118071943,-1.49315206914787,-0.2854443813160712,-6.750520210506252,-2.0305330830294483,-3.3295359724298437,-2.9200499046254187,-8.565718447818078,1.8384784206755747,-8.986321492876153,5.192975824281228,-7.798993782992767,5.568668540020967,-3.6391368972280747,-21.486192080821617,-3.1003752752310376,1.0618084204371936,1.3364784427759995,0.952129253884431,7.061479261095572,3.965743863009457
neuralNetworkClass 	class coursework.ExampleEvolutionaryAlgorithm
INITIALISATION 	AUGMENTED
SELECTION 	ROUTE_RANK
CROSSOVER 	TWO_POINT
MUTATION 	STANDARD
REPLACEMENT 	TOURNAMENT
ACTIVATION 	RELU
COOLING_RATE 	0.0011
TEMPERATURE 	100000.0
TOURNAMENT_SIZE 	10
maxGene 	3.0
minGene 	-3.0
populationSize 	110
maxEvaluations 	20000
mutateRate 	0.95
mutateChange 	1.6500000000000004
seed 	1646684373006
random 	java.util.Random@3ada9e37
numHidden 	14
numGenes 	129
Training Set Training
Fitness 0.031780168581965966