-4.674346221173222,-11.930500452798807,-0.31415658803860325,3.0065476320150104,-8.57395658393823,6.082521529566211,-2.118650602140348,-4.838513829713691,10.258711075116201,-1.4506033727090584,7.89527613935002,0.1281185166713028,1.524747595551295,-3.3922530743768826,7.024477822257791,1.5548019778322368,2.8850879780851972,3.7143853492969505,2.550163977054093,-9.854700932298877,-9.890610751420372,-6.968823822858085,-8.318542500246513,1.9143583310018952,-6.575896807051702,0.7127836963859941,-3.067778263699582,0.10753160983701182,-7.525328191065145,-2.5923729975064864,-5.461921332614402,-6.819277936248541,0.07263428102317526,-3.751411922653836,2.270150158577069,-4.656055163401548,2.2917937391087237,-5.637239650484701,-2.5108395278249604,-4.4797362416129465,0.20845188752373733,11.169755123461771,-8.041849303521914,2.5798514601609748,7.199075675849929,-8.584178827091804,-4.3058363830623065,-13.61939126820682,-7.0353747775398965,8.406262512918037,2.138867984536045,6.005759260000608,-2.305873831256355,2.0513794026277554,-5.309801145362873,-6.539679883172667,5.060932653057733,-2.218612577488811,4.811700681323963,-4.5526631150585,-5.161516318798352,1.1135060038315654,4.048371889624038,-0.6337471434142437,-3.621781916610722,-0.8803585029879715,3.527413608053676,-1.865233602145432,-2.314329778982148,9.745824862749904,1.0093997232291398,-6.4679829060306915,2.9116279184046965,2.8747974043834104,0.35499262491140104,3.719924588187152,2.443596728565227,4.05087419204779,5.234437348027529,1.0209863320862036,6.6386682598729605,3.4514460013102317,0.6816783443048964,-3.0851708010044145,-6.917743739658824,6.292218681783705,4.107051839897938,5.137289786693657,0.4380183384149934,-3.881478632287008,4.30711453432751,1.3247861480973144,2.0726425478387496,-3.5872527034727923,-7.1277184547991,-4.83177475501157,-4.329961199038914,3.163231348895539,5.6175520948862925,2.874677242775725,1.6178315340727032,-13.207405139799663,7.498717099274893,8.931530197919422,-1.120088292821456,-8.241169717147226,-3.098957194229464,-0.32317539823520747,1.4121644959179234,1.9701262184081054,-0.4254560147688622,-8.349050517418002,1.8593493789879032,-2.1803272416169603,-0.5354372990721616,-5.311129923047349,7.764467359455828,1.1494181246895145,0.22348046351977846,-3.441464273347611,5.902810521335391,3.31698396394379,-5.33599880952621,3.785106827304327,-10.27875236719433,-8.082321152551412,-3.8734484799787436,-5.427879302688739,5.844160803043438
neuralNetworkClass 	class coursework.ExampleEvolutionaryAlgorithm
INITIALISATION 	AUGMENTED
SELECTION 	TOURNAMENT
CROSSOVER 	ARITHMETIC
MUTATION 	STANDARD
REPLACEMENT 	TOURNAMENT
ACTIVATION 	RELU
COOLING_RATE 	0.0011
TEMPERATURE 	100000.0
TOURNAMENT_SIZE 	90
maxGene 	3.0
minGene 	-3.0
populationSize 	110
maxEvaluations 	20000
mutateRate 	0.95
mutateChange 	1.6500000000000004
seed 	1646684373006
random 	java.util.Random@3ada9e37
numHidden 	14
numGenes 	129
Training Set Training
Fitness 0.031403835614210764