-0.15024688198421687,0.31782878188696884,0.20069351672937918,-0.8049113959397648,-0.7864607310783743,0.023985101563914646,0.9789501037741798,0.7218584482942724,-0.9826275308638984,0.5302385155098214,-0.19873683502466877,-0.49815158725227016,0.842528315133544,0.5096422635773769,0.784265266359606,0.9899102250264361,0.9005347157823363,-0.3173005281361492,-0.11794223222759603,0.9578727447259506,0.5044913581371596,0.4400267987894869,-0.6204251293195873,-0.717109904209444,-0.38926438717927625,-0.5846805328661271,0.2628289124131379,-0.4186967061406104,-0.035871483093059986,-0.8903941277101065,0.037553237162334274,0.4295233898124192,0.1567156051079447,0.27702540018173505,0.46289585098800046,-0.0025991345187894588,-0.5995729150280016,0.8005405434825154,-0.9720408967311575,-0.30360898599577113,0.17659376801639926,0.05355553095239596,0.6820414979172952,0.26957593976803895,-0.48035253744918016,0.12002043918557359,-0.3331938733681372,-0.31902602822820647,-0.6690071201368999,-0.6373419632392918,0.7417571973039677,-0.605890343598452,-0.7686913973158013,0.14601448064630118,-0.4821863236123587,0.666629487465268,0.7512082685612255,0.7152750254755155,-0.2109668525886963,0.3694586315647642,0.11692255767327031,0.900530143025892,0.19798994492660726,-0.3458579898465639,0.8072897097187294,-0.9662103196851873,0.9146691872729437,0.6946691651089681,-0.19598770212661143,0.14301988341343208,-0.46122996202061683,0.7697349593686428,0.29284795231761584,-0.5830270124641228,0.40945555758974395,0.46098453110643056,0.09631660668270647,0.6734727491435285,0.6188136496027837,0.6933199684908727,-0.9992959610496862,0.6210552992079638,-0.4887227296528689,0.6447895121007895,-0.7120866815103022,0.9828720767415463,0.7378023524767597,0.5074018853273979,0.8769982585950807,-0.504241598313063,0.3578148975726375,0.8798460786101764,-0.5097707998537842,-0.1612797096688201,0.10040052503975383,-0.24503787821908318,-0.8797840324965432,-0.44861666068211115,-0.32578913394020614,0.09355337172553735,-0.753933983464803,-0.7663072416161253,0.8734359200653178,0.12344122697259274,0.746339738013745,-0.4841151461171196,0.5730402959578439,0.4294002423049009,-0.43736927868589515,-0.9098043727487505,-0.9766110371685287,0.09357785047893363,-0.9571432297040777,-0.5063888594499524,0.4441546635549404,0.6217690951080238,-0.9531418570235229,-0.17943271731415922,-0.9453748854412446,-0.19226013468940928,-0.06438551599445241,-0.8593753167187238,-0.6161361991262482,0.42058797438523154,-0.23641767390506185,0.3334005975434974,-0.07051405714995429,0.8515586150203748,0.42007456189206793
neuralNetworkClass 	class coursework.ExampleEvolutionaryAlgorithm
INITIALISATION 	RANDOM
SELECTION 	TOURNAMENT
CROSSOVER 	UNIFORM
MUTATION 	STANDARD
REPLACEMENT 	WORST
ACTIVATION 	TANH
COOLING_RATE 	0.0012000000000000001
TEMPERATURE 	100000.0
TOURNAMENT_SIZE 	90
maxGene 	0.9999999999999999
minGene 	-0.9999999999999999
populationSize 	110
maxEvaluations 	20000
mutateRate 	0.95
mutateChange 	1.6500000000000004
seed 	1646684373006
random 	java.util.Random@3ada9e37
numHidden 	14
numGenes 	129
Training Set Training
Fitness 0.1281305375054851