2.6700428960063842,5.407176447539017,-7.376456115002723,-3.8015755013172132,-4.151268791192053,13.73017869022176,11.02820830006464,6.244251491097817,13.955088771202641,-10.13040420473879,-1.2559523993435544,-7.242937288329525,4.7242753505003146,-3.805406653466478,4.599778815770545,9.817639590778645,-4.137639950228076,5.866497959261686,-5.416818449739381,-0.660071928231182,3.9225286027990975,-6.0427530625628165,-9.014626330723916,3.3920524788324444,-2.56745039540845,-2.6283429678612986,3.6224386960019404,-7.092259933092146,4.063476904085136,1.0149555469563856,5.07965605135222,-2.716693513659699,-8.325510736703064,10.813812073386687,5.237255131193621,-4.2590923074643605,-3.798812873229009,-9.54659110526915,4.637793116496528,-7.788198459680608,-1.8754084304958134,-2.815116816021929,0.043918774136448846,-0.9460836905971499,3.6155109354193513,-3.813229291537059,5.461464484360961,-14.133933915491351,0.8438619744899896,-3.719120890022868,9.566475300978453,15.34670169567864,-5.425045028739415,-4.042685695675415,1.07595954267064,-5.68186741436457,10.794674016759709,6.255181503456392,4.640814403447942,-9.602300130575488,-4.887094181004283,-2.4752214852288557,-6.134447629264264,-2.7545675194132366,-1.4105086925965944,4.763895551093334,6.573128688609605,-2.846741849438968,1.059396893018219,2.9251341323505855,4.434338744068781,5.863896134202774,-8.796274563497562,-5.267047230729661,0.4199276359715576,3.5180967983132305,-5.979395329239313,-12.471554303969857,-6.0902738597268655,-7.2730523981110355,1.1949181335382075,3.276655094910268,3.106798705575617,-0.24849254677115784,1.1982621702591558,6.32551865451841,13.705761519639418,-8.65492099319425,-4.37956673450952,-4.552653884425977,-5.5469001547584735,-6.676023129610928,9.641177054937534,-3.276981970493999,6.263486146586652,1.5806947281632642,0.6958465138385783,6.645898165721286,-5.880227325722062,7.288922485830299,-10.77895885488219,-7.623255365307193,-5.714496388807037,-3.527089119067906,-5.31377743901623,1.1727023396547267,-2.6525367706635734,-7.825771920720927,-5.475280163154267,-6.207239438539695,0.6819500934351979,-7.153001102309962,-2.7775359936759987,-2.10115141657303,2.8521374486575644,5.698266388143223,-12.794791211317271,-8.7739530080764,7.89505253764388,0.3131591846537418,2.2849214401679117,-7.86281596618226,0.24537975560035896,-2.5349026618072914,6.28344409717622,1.0563844855997875,3.8194639139034265,4.209314959016375,-3.3035479303333286
neuralNetworkClass 	class coursework.ExampleEvolutionaryAlgorithm
INITIALISATION 	AUGMENTED
SELECTION 	TOURNAMENT
CROSSOVER 	TWO_POINT
MUTATION 	STANDARD
REPLACEMENT 	TOURNAMENT
ACTIVATION 	RELU
COOLING_RATE 	0.0011
TEMPERATURE 	100000.0
TOURNAMENT_SIZE 	70
maxGene 	3.0
minGene 	-3.0
populationSize 	110
maxEvaluations 	20000
mutateRate 	0.95
mutateChange 	1.6500000000000004
seed 	1646684373006
random 	java.util.Random@3ada9e37
numHidden 	14
numGenes 	129
Training Set Training
Fitness 0.018172328578566294