22.581035218447283,-7.330692468181068,-5.363480121906353,-3.2101329241776213,1.0983423788555537,-16.53855671295714,-8.441459268641193,-13.265186171091388,-10.589822913202559,-15.77940663858969,-9.33805111961851,13.907255422858423,6.551865210531458,20.049529729736214,-15.877055590915239,-6.842673256731336,-12.831859737649577,20.58882845498293,3.7842535616564756,12.77319043728059,7.947921181726388,-8.342055147169336,-6.836501580544196,-25.02129467130299,15.275824083444936,-9.029576345365784,-29.250544212257296,-0.764951116805328,2.010122483359142,13.774143893804318,-14.714279458632765,-8.135444756209832,-4.725092126401911,-12.66125102275344,4.735962046505115,5.554657595855655,10.835927519022487,3.012694707713095,-15.498124962445004,3.4360220753508823,-6.052947272475513,1.352887417386821,3.9517546149290563,0.6426016830131793,4.676457676721154,3.984151925336496,-7.685703404140353,1.807306734616529,0.5463104475938323,-3.7089628633053717,4.305749254529376,10.868943938317566,4.527319655506735,-3.339244419967163,-4.4624416820625274,0.6212018539028712,-21.638718472182298,8.394779856000694,-2.3022427590077825,6.742984571466609,2.574113437268016,-3.0809336951566557,5.471520339820891,-5.602322575501997,1.8445971661341574,15.25998275603784,-1.7872193153599145,14.36979057996872,-0.11571127685033034,-23.97237312257723,4.762799235719273,-3.7242156337232597,9.661783598633445,0.5603316222251538,-5.816945597767517
neuralNetworkClass 	class coursework.ExampleEvolutionaryAlgorithm
INITIALISATION 	AUGMENTED
SELECTION 	TOURNAMENT
CROSSOVER 	TWO_POINT
MUTATION 	STANDARD
REPLACEMENT 	TOURNAMENT
ACTIVATION 	RELU
COOLING_RATE 	0.0011
TEMPERATURE 	100000.0
TOURNAMENT_SIZE 	10
maxGene 	3.0
minGene 	-3.0
populationSize 	110
maxEvaluations 	20000
mutateRate 	0.95
mutateChange 	1.6500000000000004
seed 	1646684373006
random 	java.util.Random@3ada9e37
numHidden 	8
numGenes 	75
Training Set Training
Fitness 0.01167553253572284