-4.1024645406537115,3.8996040178738163,-0.6368387750575728,-2.9216036803239867,10.267238978573086,-9.493850185972306,10.026582834971338,16.64013934259352,-12.973404371235294,-15.888716939708372,-1.0901827675114646,-0.7639951665158513,15.0039502585973,-4.699425712102348,8.512640985574198,8.848576919779061,-11.636928471144447,17.283388915717097,6.100274227873116,0.1489349984993833,-1.5785702523137264,7.027907660829841,-12.544575264532629,-2.7799468103247786,-8.866448908456313,-29.324107871136682,-13.644904568562271,-25.726120060981287,12.884114282687246,-19.279171819734323,-2.852905731577172,-10.525559512628595,13.38037762657154,2.4498732859984784,8.264856658688775,24.16484914666116,5.165944583119652,6.204332243652527,14.370363452544305,1.119167844475239,-2.352200596143385,-12.844817578152924,21.853609584797844,-0.8494082387299482,-5.8140335687413724,11.719465852221946,-26.00675124693862,-18.744508973610714,1.7400669804100755,-7.189835608159909,-4.7032863274848875,-10.991615734744748,-7.800528150612545,-12.833533821568029,7.113263067557854,-22.654032553900514,-17.00633377521155,7.853137170827594,-12.039773132177222,9.938865668873953,-14.613129526458854,-17.85300219462541,-1.6996258577298597,8.097825927485918,0.5058749249952861,7.645310508753843,-15.470959548561636,4.696612226996596,17.082478216171104,12.08517563957964,10.409520673657786,-3.7830839614926752,-7.638169916561466,2.2548323067397105,8.740947569349645,6.28113507778085,8.435410332512467,9.607057312080599,8.890528441463722,0.8869275484153576,-3.447707064505698,5.901650635810757,-11.306169482433548,2.5929912791783423,-12.35523432984007,8.308296130400283,17.401960446498045,-14.871435494167576,4.5743007175325605,0.14287880641933093,4.143156706602753,1.1096945394234083,-0.1387087717097817,-22.710359608544763,-1.1075194866984521,16.843363821296933,9.268127557341328,-7.666604106168413,-5.6835964572072815,-0.5261789081308894,5.695607499019589,-20.154113355392994,3.631447027056762,9.36724723762023,7.894957481418457,11.856053293874819,-15.004437454768313,0.33404180444823695,-4.460074279310646,-11.853466663977784,-3.244679110187006,9.595676505515186,14.297324181360608,-3.0928729713567416,-1.5169793518682653,-3.7643618180795384,-23.348787596600275,-5.537851540845061,16.076944495476454,-8.086447876476162,-13.050462040137008,-2.3598842213081923,-0.5121764107945292,4.095406313913282,11.111709702438363,-20.441072970954757,-15.20823893444564,-8.079543494889842,-27.696755769631018
neuralNetworkClass 	class coursework.ExampleEvolutionaryAlgorithm
INITIALISATION 	AUGMENTED
SELECTION 	TOURNAMENT
CROSSOVER 	TWO_POINT
MUTATION 	STANDARD
REPLACEMENT 	TOURNAMENT
ACTIVATION 	RELU
COOLING_RATE 	0.0011
TEMPERATURE 	100000.0
TOURNAMENT_SIZE 	10
maxGene 	3.0
minGene 	-3.0
populationSize 	110
maxEvaluations 	20000
mutateRate 	0.95
mutateChange 	1.6500000000000004
seed 	1646684373006
random 	java.util.Random@3ada9e37
numHidden 	14
numGenes 	129
Training Set Training
Fitness 0.014530656199316774