3.012917920087066,8.096692374594944,-1.6328282452058662,-4.963086169808842,8.433554301695962,-3.0502350271053507,-6.467636478658072,6.794528329580833,-3.259860750116381,-9.848134103986132,-1.469739694086888,13.496615125164043,-0.10355424495011167,11.566731060349138,-6.437841324342067,0.2183475692279453,3.5535037347270304,15.048216900486395,-8.008351359498706,0.05357090649545615,6.470231768541911,-3.3136852652395508,1.8351675203490618,0.25337589769515567,-4.825374291780303,3.287323814370694,-6.763984594396634,-8.06024153247539,-3.120805616503013,-3.277471966856023,-1.6501221833669844,-6.413965944992123,3.3477310025650233,-6.413443835088872,-0.21232528606566303,-1.928113639767771,5.012657455036344,-8.41780757478499,-3.3519217346035877,3.2058909440206422,1.8130766544697448,1.5927394580096301,-13.372684428163081,13.462065424095679,10.163317371499733,-4.733878086692296,1.5678954831119238,9.699458410087265,-0.07984659151929385,3.0167550272427928,0.10067253746728255,6.625000859869527,-8.255971712168206,3.0517880582550925,-6.353815799163209,-14.630196040816045,-4.954485385458169,-7.952331256002302,3.3214712043184775,8.177798963796917,6.722885663060838,6.841060781987672,1.5976140634726699,1.4530750534600703,3.5300754764201496,6.50498221261371,13.370992402469254,0.12848244397597952,-1.9335480342408942,-6.393381477318431,3.147797097135509,-1.7969711868190288,-8.249273935497618,-3.362399628304315,6.496598752900704,3.5993079656791185,5.180968199032212,1.920621570862025,1.3977993335741719,-0.035339159966271794,-5.158897776045469,-6.521890941569277,1.8615673823317742,0.2809796104209319,-8.258605074357575,1.6492424171030367,-14.952619461212922,-9.691973174642834,6.4763578588011645,-1.4390435026930497,-1.5014274006809867,-1.9361477870326453,1.7981268158524077,-8.103353315080883,9.704305718059853,1.7933509488396284,-8.263217576596471,3.0631321851298274,1.7191620842617321,-3.1077819311432373,10.151224072258708,-5.167981408751309,1.8070721255261848,-1.5614855325045536,4.715107446110052,10.125937263374668,-0.21842929748800977,6.43777103474018,3.432004874900942,-1.5167754963453506,-1.6616045182326342,-9.889981459303398,9.882345670689071,-0.03356017258096777,-5.080784797342079,3.038341411293322,-1.9181576962659221,10.03070847852721,-3.343200590815389,1.6085149011769673,-0.1729932389830946,-0.012790937471950592,-5.167785943298676,6.447995823232583,-6.531990364119508,-9.914786520945416,-6.6263485555572075,-4.8300018817278065,8.382533168042102
neuralNetworkClass 	class coursework.ExampleEvolutionaryAlgorithm
INITIALISATION 	RANDOM
SELECTION 	TOURNAMENT
CROSSOVER 	UNIFORM
MUTATION 	STANDARD
REPLACEMENT 	WORST
ACTIVATION 	TANH
COOLING_RATE 	0.0011
TEMPERATURE 	100000.0
TOURNAMENT_SIZE 	90
maxGene 	0.30000000000000004
minGene 	-0.30000000000000004
populationSize 	110
maxEvaluations 	20000
mutateRate 	0.95
mutateChange 	1.6500000000000004
seed 	1646684373006
random 	java.util.Random@3ada9e37
numHidden 	14
numGenes 	129
Training Set Training
Fitness 0.031635564623142536