4.41209264914602,1.3567500876434906,-6.300374551524314,11.180806560727166,25.660702281256455,-2.815788289743919,14.061827454434752,7.537875087159871,-6.382303043778343,3.9989381162127495,0.7857631059591998,-16.099537217972703,7.900242075074392,-10.847439532390814,-2.9437681262086723,-12.372943552121145,-12.894062618724764,-23.28048589965031,0.9330768102973792,-3.221401170084544,-12.601307102023522,-1.0107206529058423,-7.924022606714315,33.840710516938536,-17.024541896701542,2.8733020159089113,17.610847090194614,-4.052321673121677,10.7696134232617,-4.080027766978862,-2.8757055875862445,-6.554107355779987,10.342442391901445,2.6448979291804777,13.682687632748925,5.657491405945619,-14.956388363582695,-3.3973878116204563,0.15305057668751765,-19.074503446806553,-4.247390421834746,10.096311198071781,4.6482463199780195,-12.212167272115622,9.2971820686489,-6.0793687518030195,0.6090786293398178,22.196540667638317,0.5763122153967242,20.189393929335296,0.995466410313556,12.881993315348204,-21.448401590159882,-2.9875145964404606,16.698803615492505,12.68538873590401,2.8237786203018373,11.913746638709902,1.1901931622961879,-22.613627443964717,7.558858416945601,10.35482073749878,-2.53104779863728,-8.179378682830178,0.4807694973811216,-6.904382894998022,1.8101274996437082,1.67042870908557,-6.9614840408199665,-12.255601400340888,7.894867234063309,2.082057795548815,-7.790161881416617,-9.381403599937233,-6.21518842579588,4.957267343500835,5.59782328644706,-3.743528862642007,-8.849313362829845,-7.317381132223947,2.057337327453241,3.3087219945559507,-0.8589173686594318,-2.2757074264572132,8.676776865465223,-18.029950992517925,1.8654402074282208,-3.6124326711488113,-3.3977067723005074,-4.63486179370061,14.062825031109039,6.546890755082092,-5.165422337280836,-10.411672281932226,13.450760069746456,2.269280045803715,4.405931637694154,5.660952431325006,3.2926015111696927,1.9896276813300577,19.502775895277637,16.899998653864706,-4.00585451403609,-7.849715380176171,-5.484021451532037,-7.764306675474694,-0.7013989637755502,15.284895922644592,16.893020552789068,-0.8901553970757234,2.8638966689660625,-5.509953242225812,11.622638028426644,-6.5655923976184045,11.040854256794912,11.129754462111041,-15.18398971629115,-16.596492679786206,14.699605516855412,-2.3128361404699866,-4.841341593077782,-6.298550858102342,17.62601206106951,10.770564058602071,9.643409276930939,-1.9703818158249469,13.345087520459954,14.946730472942534,-7.4647515308004095
neuralNetworkClass 	class coursework.ExampleEvolutionaryAlgorithm
INITIALISATION 	AUGMENTED
SELECTION 	ROUTE_RANK
CROSSOVER 	TWO_POINT
MUTATION 	STANDARD
REPLACEMENT 	TOURNAMENT
ACTIVATION 	RELU
COOLING_RATE 	0.0011
TEMPERATURE 	100000.0
TOURNAMENT_SIZE 	10
maxGene 	3.0
minGene 	-3.0
populationSize 	110
maxEvaluations 	20000
mutateRate 	0.95
mutateChange 	1.6500000000000004
seed 	1646684373006
random 	java.util.Random@3ada9e37
numHidden 	14
numGenes 	129
Training Set Training
Fitness 0.02173088250319796