1.0502082533272512,-0.6508266694177705,-1.9816093390125982,0.7169771242695173,-2.3908836031452125,-11.871843609526108,-12.848763798614716,-7.472644593460812,5.728956087195581,-0.014235417124116356,2.593916464322101,-5.845067488478341,-2.779840064872814,1.4824997730377074,3.0899063540343725,-0.40970650401871644,10.436105553831172,-4.521147117686842,-0.3646401846438616,9.777952925224517,10.746287017910982,2.6612299666358963,-3.953210820831047,5.504523260349368,-0.7692145362714085,-1.319322329173188,11.64132029710247,7.55575684484625,-2.3781438943339346,-3.990962777665752,-2.6909449308369675,1.4367357235667928,12.485248561681864,0.4308211893065659,-9.057384229152865,2.081906938148302,7.488169738773199,11.890287401766578,-1.338007294144142,6.001580110015592,-10.907400550291609,9.201849054508966,3.433368236173271,-11.08106897438732,-3.3580370507486474,2.208136434707032,3.528628023390962,9.396469909011381,-7.674036507215782,3.9336957964797303,-4.192171671599465,1.6333612278600143,-10.93732594566285,-9.166516778097401,7.479924618475237,-0.9150993901893294,-1.371216912641378,-10.376017534317658,4.607622827339608,11.862875996851898,0.8481886040117548,7.310949355232948,-0.2297476822855593,-2.829535555031203,2.415929661921461,-14.158545128110124,-11.315883810271838,5.757735207847903,-2.611258445133453,-3.2909272914879875,5.852811975137765,2.2537525090085824,-1.4846812716355497,-11.820271017111468,3.730570702765327,-2.111304886025448,-0.6913335692637004,1.0819017063766356,-4.770296477507802,-1.7356717061830338,10.92971550404349,9.418532089753338,2.938794438268272,1.2635889147316801,-5.794320909410347,7.409179425640318,10.441325568936792,3.9099633206540894,4.198417395103201,-7.840374403807741,2.984964063559488,3.5947630036478326,1.8173823160070626,7.832303487191188,3.4497931703861617,2.585320296000046,-2.161496590930682,-4.94540066487979,6.499309498137771,-0.04044548770030865,8.744680135137067,6.203249596411325,-11.428938068977084,9.882272459467057,-5.604664509130934,-12.808278115848859,2.324349126270253,3.445999098320069,-11.938210876358834,8.713647327701972,-12.289554898068175,-0.1059542420037154,0.782000732698072,-10.640962725091898,4.416361705192429,0.9759547287198718,-5.707467037987374,1.8711939100280617,-12.343787400665429,-2.5946277983572648,-15.562618983484104,3.100893685426529,1.7447828296872494,6.297830897886951,-1.2673904091568318,-1.3594051674159147,17.58595793682578,-5.989159188350023,-2.517460915707778
neuralNetworkClass 	class coursework.ExampleEvolutionaryAlgorithm
INITIALISATION 	AUGMENTED
SELECTION 	TOURNAMENT
CROSSOVER 	TWO_POINT
MUTATION 	STANDARD
REPLACEMENT 	TOURNAMENT
ACTIVATION 	RELU
COOLING_RATE 	0.0011
TEMPERATURE 	100000.0
TOURNAMENT_SIZE 	90
maxGene 	3.0
minGene 	-3.0
populationSize 	110
maxEvaluations 	20000
mutateRate 	0.95
mutateChange 	1.6500000000000004
seed 	1646684373006
random 	java.util.Random@3ada9e37
numHidden 	14
numGenes 	129
Training Set Training
Fitness 0.030642356399291866