-0.24177602150185074,-3.13155846543858,-2.9516862529884653,8.092681189818698,-1.0673563041355898,-2.400943816455131,-13.652231322640453,4.996977266063135,-12.764581174983011,-1.0400854232583256,3.9628150354311327,11.501800781717,-14.023261867158553,11.967189862237358,5.682714373850423,-5.727217851406952,-0.8767481558268315,-12.27146928677699,-0.4919161878070142,-5.477040706196416,16.0244762128809,11.788500249481427,3.9701766792799535,-0.6786272944659348,0.7926481982933735,7.56321409263016,-11.633308354094964,-5.751382904581654,8.273025360821723,-8.632123310820397,-5.928773936904666,20.865352996028278,1.8537443753311624,-8.287600670124618,-13.270650075723461,6.825017723877931,-22.9860470831334,-10.550733761280396,-8.802363307116906,5.1647061009477415,-4.803954964452693,6.454301528480434,-15.2371561445573,-7.551572219514652,-8.337565349319728,1.6549734629163133,6.796800649843473,14.464683081401658,13.959416290222608,17.19235556453468,-17.291588031276653,4.195531648254746,-9.439733882951387,-3.7381495844330015,-3.9024434741115233,4.72706410027506,12.646850539276784,10.424265349892618,-15.053492925708262,5.861419944051148,3.9136157015369193,19.91281346938178,-2.197132565757636,4.618231927075878,-3.3600582278884517,10.433098360740555,-7.486123727093377,0.5786071533253132,5.626456349391599,0.21212501850739507,-0.7347123100975139,-1.8725055075597883,-11.871992155640548,9.398863601036924,0.6588987915032067,-3.459482058711253,6.090612993281125,0.5528774743655713,9.231154667054255,3.889093628032313,-3.9382020356956975,1.8290105668337961,-2.178883312302524,-9.697121561924881,3.943364863590965,-4.374884075004771,2.7394445086528894,-2.7686619560028927,4.592723287462773,-2.443713736603022,-0.8291015940063913,-1.2635501987374438,1.6035374169907772,8.903039426718276,-4.606765456430921,-0.04429584152672561,-0.2571437924954605,-3.1765372614971206,-4.262929103491349,4.3325939718768725,3.647024184575683,-3.390283908675803,2.0156620886318652,3.71349721170324,9.376466611505712,-8.144147001568173,-8.33483688512818,13.088750137521853,-9.28879403573267,5.056481843249253,-5.381498981623415,1.2790204167560608,-1.1617666930502502,1.578954562114001,-5.400498641076859,14.673221154726605,8.589604975865495,5.912753187466242,-5.932598607150098,-2.644866208882708,-0.8794479200696497,-11.130749382737262,-2.5817776786997584,6.883726918810282,5.339907583345919,9.575033442737292,-13.084266287696979,-3.5032256234678956,-4.287875652322061
neuralNetworkClass 	class coursework.ExampleEvolutionaryAlgorithm
INITIALISATION 	AUGMENTED
SELECTION 	TOURNAMENT
CROSSOVER 	TWO_POINT
MUTATION 	STANDARD
REPLACEMENT 	TOURNAMENT
ACTIVATION 	RELU
COOLING_RATE 	0.0011
TEMPERATURE 	100000.0
TOURNAMENT_SIZE 	20
maxGene 	3.0
minGene 	-3.0
populationSize 	110
maxEvaluations 	20000
mutateRate 	0.95
mutateChange 	1.6500000000000004
seed 	1646684373006
random 	java.util.Random@3ada9e37
numHidden 	14
numGenes 	129
Training Set Training
Fitness 0.013251554902409106