4.32419101381873,0.5211617285428809,-0.2995114672445762,-3.1494970852865904,5.604722485595548,-8.38326075997283,-2.0082903924512614,5.502008497578643,-4.428333787951957,-0.9811542895345831,4.839866783369141,-3.515323683133396,-0.7603781544045272,-5.542779335116057,4.7725131687992945,2.5696060803397076,1.5853938960291218,-10.089594513752948,10.053826602394631,0.6691804347280428,-3.354019452954102,-0.7786377225472849,-9.51707867133378,-6.9398003934598,-4.10220531840543,0.344528095486786,-7.131499745780468,-1.340509239720002,-0.8193237435586864,-1.9329336479023915,2.438530314083801,-7.51794188564692,15.792372054078545,1.9685602515943508,-8.1505229374931,5.727073407560473,-4.0712417372739775,-0.6076200406752141,-3.697002411568228,0.7897423119987641,1.8322004860044085,-5.651564428343054,11.358849474840323,-8.362685148847518,-5.364951904551082,-5.398984073231883,3.9511308129859,-4.584755774249182,-1.65262724068584,2.6668975899561245,-6.329170868427697,-9.03526883561629,11.137669042694116,5.207887894648255,2.5710142418981463,3.435626170011769,2.4423453294022384,-0.3015422918840045,2.131868496020682,0.31889580404686413,0.8644413161624271,-2.31690186187625,-1.708888707025563,-8.84940454006033,3.9841187130221103,3.709521803390687,8.901227917043814,-10.195478386661863,-1.7469185787302939,0.18281488435146054,-0.7317202657115152,-6.056545293077271,8.282189636264624,-0.11787262501533746,-0.24207600593627898,5.339136849783405,2.0061426137474285,6.065477215529585,-2.377362084024826,1.1988616586910572,2.821214204554039,4.40972517343125,3.1099971933182164,-0.39820967129583984,1.4916340618384023,-7.208236653032602,7.00521835313158,-3.7991601898292267,3.7073173556458823,-6.286555444582525,1.042036775881761,0.18622544428938603,4.250255640276504,2.756762561925802,1.284347580907423,-3.4655257613920867,-0.3610116506892238,-4.422719601716365,2.4368996004281875,-11.568041707064147,-3.5798120131999713,0.10278565349949886,-10.313311099362584,1.8647327714802318,0.31349786761283127,4.800637285010463,-4.592439183428487,-4.3433005625944245,-3.5096280689318773,0.561253305918779,0.07888573110326291,-8.834153103979126,5.429775808914465,-7.433329283827884,5.07503475519384,1.1635559222708904,4.743217597282143,-0.4779014380572386,-1.874257235076973,2.2746936364591583,-0.8013144269663446,3.774860836150503,-2.0716994105716644,-1.2035496477165388,5.647679927886903,4.729121780541918,1.2108830464870106,2.191612673691864,-1.2283652299482881
neuralNetworkClass 	class coursework.ExampleEvolutionaryAlgorithm
INITIALISATION 	RANDOM
SELECTION 	TOURNAMENT
CROSSOVER 	UNIFORM
MUTATION 	CONSTRAINED
REPLACEMENT 	WORST
ACTIVATION 	TANH
COOLING_RATE 	0.0011
TEMPERATURE 	100000.0
TOURNAMENT_SIZE 	90
maxGene 	3.0
minGene 	-3.0
populationSize 	110
maxEvaluations 	20000
mutateRate 	0.95
mutateChange 	1.6500000000000004
seed 	1646684373006
random 	java.util.Random@3ada9e37
numHidden 	14
numGenes 	129
Training Set Training
Fitness 0.00923268647243046