-2.0752942605171656,-4.127273290110229,8.1740725011978,-1.8137877505697277,9.835529617334695,-2.770795073628191,-4.756994290591773,1.5155546065775063,1.2059517133417037,-5.192386616245941,3.861161804112183,-9.449419133727453,1.518988121917058,-10.82156454022657,-0.35555744161506375,5.308120781795442,1.5521372649086675,-0.67416629504537,9.165357490720002,11.896938801689217,-1.2487915086217498,5.228510961756288,-5.778088201582243,4.328831770966435,-1.9681484710552946,-14.641864996903081,17.06458271385194,-7.164946564616136,-4.5238950346794695,-7.792135774120403,-7.308521241286224,1.941813402966039,-1.7887900653578797,-2.5446935143596843,9.01045017775125,-13.680855912385686,2.565353838932774,-0.3564559627117836,5.293089245267453,-20.734522619979096,7.489930141667822,-6.219351607389328,-0.9907706266310212,5.175819516717287,5.070326441922381,-6.187587394033221,8.281729878474994,16.164459011214348,3.517168706568855,-1.0851806938178488,1.0399960831341657,-2.6263106234999665,-15.812623212026116,0.5320643979326625,0.8768648666994991,5.448074990393511,-9.170693947467399,-17.147250730854218,2.5771526278489727,-1.2106619469363995,-3.221329593981083,-4.32884516577627,-14.312664267340555,-9.820014463501765,1.5018674272527397,-5.877694952470442,-4.9654940798009335,-3.775650855839941,1.990743926790767,0.3588250253075742,-8.47108580244943,4.353751763391834,0.3077665725271901,0.20439666660234224,-8.801910035313574,6.7780659161080905,4.71298028191943,0.5729106978438523,-4.198308165952751,-6.461027447489586,6.1240605502984025,1.284211063788133,-12.535078835124128,7.130777744805085,-10.431810687442232,-8.363376328102898,-1.4555022787264225,-4.647308428106359,-1.6205975959412982,-3.636738235794401,2.554873837721728,-0.6079817218085015,-6.972519432955608,3.403391139805244,-12.416470990708685,3.310758401989087,-1.1156199443724484,8.361941539946372,-3.237135927651474,6.218663136234966,-4.30838553638822,10.209542848236945,7.892383525131072,-2.9361644706198256,-3.6130714814451927,2.992264678929457,-1.1314731256394683,12.30751579151626,2.5810215927786615,0.9245318369744835,-8.219319375685032,5.972734408870673,-13.854998094092952,-3.0195116274561595,2.070577907001331,-9.582932475765121,-2.023324245710125,2.328376913705477,9.278458838751941,-0.07222903073226483,3.658694772382664,4.26929846210856,1.2130439208720905,-12.3768799499871,13.504009564469538,-5.453985648797152,10.333537016692114,8.366827205464665,-3.9960016702604566
neuralNetworkClass 	class coursework.ExampleEvolutionaryAlgorithm
INITIALISATION 	AUGMENTED
SELECTION 	TOURNAMENT
CROSSOVER 	UNIFORM
MUTATION 	STANDARD
REPLACEMENT 	TOURNAMENT
ACTIVATION 	RELU
COOLING_RATE 	0.0011
TEMPERATURE 	100000.0
TOURNAMENT_SIZE 	90
maxGene 	3.0
minGene 	-3.0
populationSize 	110
maxEvaluations 	20000
mutateRate 	0.95
mutateChange 	1.6500000000000004
seed 	1646684373006
random 	java.util.Random@3ada9e37
numHidden 	14
numGenes 	129
Training Set Training
Fitness 0.023934668697797683