-3.832085779269674,14.254959282945022,-11.18919998109912,-3.2218359404768027,-3.046211631567634,7.861085653713683,2.5540046746244203,12.773394634875274,-7.3369489110434944,-10.80245633755939,1.1108331889726024,28.93065316601586,-2.7590684962386174,19.666306249969892,7.666807512430265,4.062245050140668,-5.482393315621988,-5.152970514012203,0.8806379275298806,-3.518222144074196,-4.047497533787755,4.084273837344481,-13.596201038581638,0.4978376232050836,-16.941415626578483,8.446056792368912,15.998300538110707,-15.399914733095471,1.4734209775524754,4.184877242026717,-7.608879925190051,22.295279040029477,5.4840416728525625,-2.243040171113239,-23.86225657159735,8.119090102130716,-9.059660628154095,-9.982418576674581,-4.261251989762615,-0.644562979303732,-6.542990658889913,-1.290056444627286,-15.537654013751803,0.738425169009389,-7.943258065849552,-4.197828084934923,-7.277711271047982,10.942835435345346,-7.352369282311871,-2.2483715867066714,15.194518806481405,-10.241635570660426,8.184000308615893,8.999669928282811,26.064306609991455,9.914588844709185,7.463299901724188,0.27825329704961277,-1.9207086794782002,6.303301760851195,4.716559063074648,-1.3585027493996673,11.90556826854405,-2.6453447636538794,6.17582204707371,6.200986148791671,4.402977280029326,6.297477136344028,5.972999280166915,-1.2235895725301242,4.63881711963251,-5.55568531765518,3.862282688067774,-1.0552518334038687,-6.722519474380606,-4.818043260807521,11.200012540074239,-0.6181640746587771,10.81321795381625,6.796529971060601,12.260979187255115,-3.3759592092327164,5.6018011419998,18.23274511092181,-9.44203799698421,-2.0351496039662456,-7.451791827461247,2.2984083202776464,-4.662062905374328,9.074161966369807,-4.563941986340611,17.78459318264416,5.165489468140036,9.165159157794735,-10.268987804698865,-3.4472689304631885,4.9941968086382005,8.60827849399166,4.824337442287447,-16.791762765885142,11.654489990811953,9.903871722767928,2.3543183790056847,13.986147829891715,-1.2982731023365028,2.9247841077478958,14.652181993506709,4.4176036797507745,-1.0790469220560732,14.327175628899697,-9.594310517465173,-6.923123542354226,-11.224945959889313,7.1025225689986,4.7175308979165145,9.726989399009415,-0.6392582786467891,7.405844664281078,0.857142365026677,2.2878483654732156,7.152049099433432,-0.5051846828764139,22.413551148251322,-0.7558448759489051,-21.486255807939997,-1.148480975212335,16.70333879774078,-8.808765227227878,6.15730547510003
neuralNetworkClass 	class coursework.ExampleEvolutionaryAlgorithm
INITIALISATION 	AUGMENTED
SELECTION 	TOURNAMENT
CROSSOVER 	TWO_POINT
MUTATION 	STANDARD
REPLACEMENT 	TOURNAMENT
ACTIVATION 	RELU
COOLING_RATE 	0.0011
TEMPERATURE 	100000.0
TOURNAMENT_SIZE 	70
maxGene 	3.0
minGene 	-3.0
populationSize 	110
maxEvaluations 	20000
mutateRate 	0.95
mutateChange 	1.6500000000000004
seed 	1646684373006
random 	java.util.Random@3ada9e37
numHidden 	14
numGenes 	129
Training Set Training
Fitness 0.007494197583012153