4.240365571048228,17.64518172218915,2.9068981300268977,2.087153490934094,-3.982831883972689,2.279076793939373,10.832539054282224,0.9520467544713505,-0.9198861106478908,9.719121084268027,-14.566939074434954,13.867297339822814,-6.39175119427955,-2.6608163254992805,0.10903083977954076,-0.04913081289836008,11.056814195497745,-0.41549091420748674,3.9926950210499346,-10.33205595141841,-2.604205951491112,-6.075455321762335,-0.8923975115896923,-11.396646746842315,-18.834998068861275,-9.564743822161253,4.465759053289366,-11.64817814668785,-12.199908877757156,-3.710173246881304,-7.595064103983434,2.9203495058745927,-3.9477720218086514,2.764367003653142,18.830866291228595,-4.891464452365497,-0.7699689041676088,10.380498954708237,10.578675488741387,18.691641689274412,5.43573640780634,-17.240588778333723,4.3449930098482135,1.327668128841636,16.69840663951087,4.6022170607749056,2.81681300101336,-5.256295526004821,-7.02463268031828,-0.31081910332491436,7.185271853010184,3.8783027101218117,1.5489041373172343,-1.9943863679333518,2.3321241437457294,-10.484400699375799,12.888623268115513,-5.695028203904615,9.813807904927693,-8.756596461094691,-5.469271435331563,-5.790070339663213,-3.3574023794858316,-8.948550806574993,-1.6061643522184799,-2.8200736024264215,-14.073545324155509,-6.442507251430067,-19.09320360240617,4.688928169184026,-14.971207230298363,-4.742073007602478,10.217369937958397,-1.8401243680648207,-12.603513127766748,1.04605985071918,7.331436491717755,-2.8074759240523797,7.829062401171278,-13.074803608654191,-15.799194313543246,-0.5508826087236454,-6.275890563023783,0.5651431433660301,6.133534778707623,20.427570188482505,2.433581084065761,1.809741883921907,0.5440300872711603,18.95456896028665,-3.2972622818190622,0.8895188352422227,7.541060796023794,-7.228764432694735,-4.41188673617654,-0.7224730393834076,-0.8298177598042216,0.5617310876846409,4.312988207390953,1.247936212199697,-8.067086448282573,4.94041447290698,13.468460168608733,-10.244083922479723,-8.651614618191434,-4.434099188848727,3.3553171645357036,-4.396163521233056,-6.645975662218662,6.240602978089893,4.036523861856731,11.642798711644845,-6.589795689826667,-3.9179289344330597,-12.017756692974721,-5.070008232015848,12.062206369554897,14.867680705164783,-1.3110759516311417,6.5213539293559295,5.6457664102514755,6.206954322047549,-2.808906555043772,-0.9744961251703774,17.464821429740958,-10.513964740395659,-5.140893428195529,-13.771108765391984,-15.234516989365455
neuralNetworkClass 	class coursework.ExampleEvolutionaryAlgorithm
INITIALISATION 	AUGMENTED
SELECTION 	TOURNAMENT
CROSSOVER 	TWO_POINT
MUTATION 	STANDARD
REPLACEMENT 	TOURNAMENT
ACTIVATION 	RELU
COOLING_RATE 	0.0011
TEMPERATURE 	100000.0
TOURNAMENT_SIZE 	20
maxGene 	3.0
minGene 	-3.0
populationSize 	110
maxEvaluations 	20000
mutateRate 	0.95
mutateChange 	1.6500000000000004
seed 	1646684373006
random 	java.util.Random@3ada9e37
numHidden 	14
numGenes 	129
Training Set Training
Fitness 0.015475341377926576