6.8816155238935455,-7.8194519449798525,-4.348862658596268,-2.4757566680104652,-2.741187461759609,11.924001257029532,-4.59826179232579,4.65740115597025,-0.07475821496629509,12.793351781919876,4.525698098693589,-6.251481968711175,5.994386928476742,13.208042229323882,-6.312496037539734,7.533634225135062,4.1964391458084584,-12.370558118843467,-1.378546781107516,0.8474891893945649,1.7298910053185188,-8.10425954780534,3.809825224660474,-9.3248666041593,-9.867018848246348,5.904313006716859,-2.1802841181352677,6.96692573702974,-2.3373255458633064,2.1982862565767016,12.49227394644873,-13.171867324778896,-7.434657555671423,-3.5301130190728607,-4.906689031172439,0.4002088957162093,-4.155200499793902,12.061520029290486,1.2119907485704915,-6.412055461093772,-5.795172834777473,-0.8298691038034356,15.559540942269374,4.573777508516594,-4.397689858661285,-2.0587367496571245,-0.5523408952168101,2.4601741629306115,2.0935871850588166,-15.21741170360483,3.0540262972997088,0.45559622049535786,-7.196892132703354,-4.8174660213165925,5.810070215286901,5.54417574238468,2.152466638444235,5.163010526105561,-6.301143755047569,5.491334250926551,-3.3781247682116513,0.15107910255828783,4.141220275812904,-4.275312467575037,-8.6123876904994,5.272776520629596,-5.661510219336297,2.772940554674113,-1.3120183979469182,-4.528084651091569,3.5053741823903493,9.820082359018196,-4.9582149465746115,0.9500379908787391,-7.608157603885106,-7.1556954100128145,10.439810261366445,6.467063737238318,-0.6169650802328834,9.473172336099264,4.926311038258823,-0.426972483929966,-16.106002440518026,4.348689428909454,-7.6535561730225385,1.6346658514197707,9.841255400417543,-5.279494614115908,-5.680388654834272,-0.8110319370217312,-14.336521196573285,-8.364874868856054,-5.779854763439638,2.686669520583946,8.76623142096781,-5.123911321964613,-8.956755535421369,2.6070195224166204,0.08102132235383186,-1.0403016423868436,3.093073009127286,7.399772059048178,-4.568388704022331,6.015480652439183,4.063902059353101,-8.15879863715847,-1.7967194277016203,-15.444821039124735,-0.018333352322887464,5.409306465960252,2.238461864089395,11.621184461412486,-1.9552059030961697,4.4142281987482,3.28491404805497,6.104917069944841,-12.262859602211618,-1.2867396113643026,8.400325755930295,-7.974715280382496,-1.0676389160330308,2.0581966137932235,5.707474937907159,3.6569514513822132,-1.8194767589118435,12.453614725485613,3.8718110939947774,-1.1647390213521018,-7.498249018827944
neuralNetworkClass 	class coursework.ExampleEvolutionaryAlgorithm
INITIALISATION 	AUGMENTED
SELECTION 	TOURNAMENT
CROSSOVER 	ARITHMETIC
MUTATION 	STANDARD
REPLACEMENT 	TOURNAMENT
ACTIVATION 	RELU
COOLING_RATE 	0.0011
TEMPERATURE 	100000.0
TOURNAMENT_SIZE 	90
maxGene 	3.0
minGene 	-3.0
populationSize 	110
maxEvaluations 	20000
mutateRate 	0.95
mutateChange 	1.6500000000000004
seed 	1646684373006
random 	java.util.Random@3ada9e37
numHidden 	14
numGenes 	129
Training Set Training
Fitness 0.01527264125515222