12.608403843811756,14.010437941724797,-2.414800656446876,10.181226802838124,-5.782090029828982,17.19698000884145,-26.535993045756825,8.318189032013489,-0.5235169491087568,-3.557192463663492,1.2074034002810636,-6.223699780650808,-9.895490641762782,0.676028207898705,1.1335629119485429,5.355461389456715,-11.014427489798946,1.7358334452887831,1.9759548900966077,14.018366898955653,3.290982692882986,15.955847698042254,-16.171345024306866,-11.80001733394301,19.41321465323187,10.276171648616803,-22.618874404353683,3.715306881069817,4.661271400830037,9.646758565991313,-14.42687146525128,-13.728429694086048,5.723233408774103,0.18189548398086863,-18.11775720464606,8.553447630193277,-11.233729896829116,-3.0509906950486654,6.147245378584971,-0.9583035480426645,5.803785348864809,-17.667540597282382,0.04382847548142088,6.685398646964542,20.165060043638526,-1.6120831126784774,-11.032225626539418,5.214390240600112,16.258319198605555,-0.5421631978401447,2.97652808022681,3.1014117934764514,-3.823148170170427,-5.393354195881432,-13.96170199540331,-4.656928992994162,-5.160409765153953,9.387943185175327,-8.121244980453405,-2.2688912072358267,-2.4893813239797016,-9.472972246737092,4.064693017673569,4.47403077440833,-1.5820745466248693,6.343014416169346,-0.7644455350654509,0.33105624308893145,7.432861889698399,-11.092659563538122,4.635837160897438,-2.311907470372505,-1.2509922899903856,6.9811212025058875,-0.829225830633205,2.011554491621183,1.8352985255647898,-4.363456414228896,0.4250934232896917,-1.4451225859122978,0.6323317430194688,-11.634908187909302,2.2197347730092263,3.516322616145967,1.55732222683565,2.1394312704005847,10.49851339401001,6.932257817054779,-3.106919171763396,7.454994197605823,10.87116204687967,-6.825784023932998,-3.839805812527394,10.314536835009564,0.6965182414721518,-7.940699244201701,-9.534728177112104,9.52280208226981,-5.373758713468593,2.2806675402596657,-11.889504354779184,9.889043988813825,-16.731071120936768,17.816959775093956,7.020768193820768,-2.6510149232298,-2.898813565360065,-5.674431253514648,12.00857227934777,18.708097497504518,0.9983952859273053,8.953287630648646,0.4678394607684364,-12.28661844331193,5.859742784451763,-16.912218837730926,11.909067089202521,4.722941396762595,6.5082871870865535,-10.118578522342444,-2.503821445273813,10.987039000849455,-19.66857739711299,-9.79608711911384,-0.7126918562353817,-9.145455689239887,-3.9352046567244843,9.286101680516516,-9.153771553951856
neuralNetworkClass 	class coursework.ExampleEvolutionaryAlgorithm
INITIALISATION 	AUGMENTED
SELECTION 	ROULETTE
CROSSOVER 	TWO_POINT
MUTATION 	STANDARD
REPLACEMENT 	TOURNAMENT
ACTIVATION 	RELU
COOLING_RATE 	0.0011
TEMPERATURE 	100000.0
TOURNAMENT_SIZE 	10
maxGene 	3.0
minGene 	-3.0
populationSize 	110
maxEvaluations 	20000
mutateRate 	0.95
mutateChange 	1.6500000000000004
seed 	1646684373006
random 	java.util.Random@3ada9e37
numHidden 	14
numGenes 	129
Training Set Training
Fitness 0.027923178198824818