-11.607555562362474,10.823901588033591,5.738716893670524,2.350930350081213,-2.0065967448106132,-7.418195622503548,5.189112776209931,-10.627496133978127,7.4708717743191215,-4.15459109224749,9.484231194447421,0.7076442421888682,-7.605244160505755,-3.0607594343204045,-4.14433168647736,-14.399008613116031,-13.848365538527771,-7.353647615212386,5.154105683407801,-3.0786395110818336,12.635483995142232,17.212666700261266,-8.804906576594755,13.848964285761761,17.220239852757544,-4.600826391889363,-9.207536571621041,2.3468017413359643,0.8856438422113371,-0.20975025820562898,11.453359568967226,-1.0089211825794795,-5.0364719018795014,5.915190305882854,-2.3641751386011833,19.065605147331667,4.079889411547623,-0.3986256246448958,4.5593380839273125,-3.9823115618973297,-7.061188752336746,-4.198687914924852,-2.239352852471974,-11.37187279785792,-13.472506471575725,-4.227849589289411,2.901697221265988,3.9154792094394324,-11.182646220068241,-0.6149575943141761,-4.886592772453178,5.524862953031549,-1.9056341077927987,8.903112412658619,-4.00150055822794,12.54412575791439,-12.577493758775667,2.590579058238804,-2.2814586668581214,3.445291791419817,-7.672619704321757,3.7019241468717823,-8.845188657517395,-14.883219749585876,-5.217195415952007,-3.1511741322695137,-0.6404465769888028,0.03196275865420528,2.6413243358270124,-2.346099387156991,7.603638692070723,-0.9577929971366377,0.37034788970652954,-2.625872002983904,0.7786050851725967,5.83763137520111,6.1387835150589485,-5.936840212671104,0.2254994351163262,0.1363746311367784,-12.45523286234746,-2.6094566209114047,-1.0601004523811,3.593260755540559,-1.6167276753286384,0.9972169243936104,-4.208053419028484,14.011319478832078,-12.776903023569542,-15.509537184846153,2.102171821064741,1.0946996890911853,-2.604075000693335,-6.032166598660648,-15.221645996931533,7.199091262521014,-3.6541366176398054,1.2583911338446532,4.14559801825945,1.5158497192924045,-0.9039414508643704,-1.1690664920309253,-1.5087227419034948,-10.231405196826664,3.509699861143,-2.5572980068192717,-0.4515638432669995,14.256134154490892,3.805919789904465,10.388400468112875,3.15570231678587,9.893139335713391,6.586804258975379,0.9581790335417839,-0.7412894195213475,-2.3699187933290577,-5.560069845209732,2.474565403788162,-5.792505669374041,7.7265087140612785,-8.99845111694394,1.1021552331037805,-10.0437467537876,-4.543165972236962,15.798739486658,13.310200724640106,1.6363590133312167,0.8453643761474812,-1.9654434803874876
neuralNetworkClass 	class coursework.ExampleEvolutionaryAlgorithm
INITIALISATION 	RANDOM
SELECTION 	TOURNAMENT
CROSSOVER 	UNIFORM
MUTATION 	STANDARD
REPLACEMENT 	WORST
ACTIVATION 	TANH
COOLING_RATE 	0.0011
TEMPERATURE 	100000.0
TOURNAMENT_SIZE 	90
maxGene 	0.9999999999999999
minGene 	-0.9999999999999999
populationSize 	110
maxEvaluations 	20000
mutateRate 	0.95
mutateChange 	1.6500000000000004
seed 	1646684373006
random 	java.util.Random@3ada9e37
numHidden 	14
numGenes 	129
Training Set Training
Fitness 0.06689499698125123