-3.926465487388901,-0.7361424231348632,-2.521377008255559,-15.695661296253574,2.1496143393376457,4.951120594047104,-2.8015779917442227,2.6979905699885602,-30.90406868378085,12.96778526737776,4.1047595000880435,-13.25599500641762,-10.340457519420498,13.967322788422333,-4.494840369850489,0.8544405557236399,8.651238087780916,1.9622804173848092,0.7101122358495768,-40.73058529086391,11.536018053485503,4.569155851788148,-18.49969647773588,-11.151159431645686,15.339156154493578,-6.904714058353397,-4.641061067649,-10.611357217482569,2.235516781390249,-4.958826497655574,-19.952434870934816,-5.010069122129426,-5.50950427134253,-4.323488299589711,-5.653861547974351,4.207486855580347,-12.756985688130147,-2.518397515847375,9.76084659698685,-3.899730111120771,-7.904827671964169,7.772391806849675,2.411765978107937,-5.375891037431943,3.26738635400463,7.494992971544294,9.169118571732781,-27.015477858689742,6.095612585942363,5.609980965130335,0.25112481297639544,6.7202424314767395,18.983865694176785,-0.6938306936699075,8.824902311469936,-4.5193104097220616,-3.955876544883134,-6.988696818540165,14.620922368523322,-10.975448644964759,-1.4499201079619422,-2.167936856080285,3.7835930228499093,1.5270214928353276,4.746382524228027,-7.917214601597223,-2.842017729804522,3.3141270129559572,8.15926129280874,10.96871419552246,-3.2065237898929455,-3.4831072886159857,-4.033668260077644,-2.2884383229161678,8.468181919825383,8.21309301820494,2.400142465129976,-14.497351956256386,4.043176731981923,-11.218864930642473,4.019761092401234,-1.6955973637417179,-4.910103371223247,0.11582647004363267,1.9695289278705124,8.847381519975867,-2.023630270109283,-8.348841500630428,4.004179588850617,-9.269244550369663,-2.0184281046877075,3.435037408062324,11.645649658057739,6.991649949851315,5.811170318608703,5.730337939357415,-5.738674384002955,2.106786690208729,4.697065529901087,-1.0830770348428977,-2.9779813844792304,-19.409811630317876,4.8011830890410305,-4.309690562173019,0.9616706488329605,-13.896177605794822,5.819231908610504,-2.0048113428915846,-19.763461113828548,14.92660336332885,7.654191512133483,-4.660634920109491,-7.270737615928201,-8.105430317095976,17.558689946242644,-13.273854941646551,19.481999030984674,-11.63667350170473,7.2471710010807415,-16.759493298550098,-4.725024381460491,13.406061665685197,9.32321839755858,6.022827847268871,-7.361666666507778,-5.2007373313642,-2.614655192227481,16.367769001312126,-12.930748491555871
neuralNetworkClass 	class coursework.ExampleEvolutionaryAlgorithm
INITIALISATION 	AUGMENTED
SELECTION 	ROULETTE
CROSSOVER 	TWO_POINT
MUTATION 	STANDARD
REPLACEMENT 	TOURNAMENT
ACTIVATION 	RELU
COOLING_RATE 	0.0011
TEMPERATURE 	100000.0
TOURNAMENT_SIZE 	10
maxGene 	3.0
minGene 	-3.0
populationSize 	110
maxEvaluations 	20000
mutateRate 	0.95
mutateChange 	1.6500000000000004
seed 	1646684373006
random 	java.util.Random@3ada9e37
numHidden 	14
numGenes 	129
Training Set Training
Fitness 0.019490745276879162