4.836388268210694,11.710416889606606,-6.513477837186252,-1.6935485732650983,-8.380568061919885,-1.5237141275727115,1.7274380726831131,-1.4739192840209459,-8.30576747804822,-4.885684591933376,-11.488685408529218,0.1413314677650206,-4.8763430462532265,5.096649144563587,3.333623876209721,-6.770576380511313,-8.143935748830872,0.18482488180484857,-8.357347858691,1.8200276368072137,-0.09273083702381868,-0.06658500104686649,-6.562449592541269,-5.045282021986647,-6.618121293183648,-1.5641123940918469,-3.334038848639751,-8.064167793069197,-6.552070602396339,6.472496905313948,4.9274303911455295,-1.6943701777331146,-5.0385514593573655,4.9766666710949625,-8.187406139515394,5.014552140473686,-11.557726326724412,-1.6064635288687334,-1.6844242271062497,4.973976680434987,-0.0041325939772765,8.21325452288008,6.458464676246863,-1.4691224774616822,4.846283745902183,3.486921230465758,-5.008148637003142,1.8477443089564112,4.966214325554253,8.124682440382138,-3.476726065059877,-0.0074730201679740205,-3.471260978095847,-0.1137300945995472,-17.983211458340982,-3.2460608865286558,10.059601946346069,5.071423208275483,-4.893388235849879,9.760299896277155,-4.916407137594921,-1.469950045182383,0.17688537219928202,-13.242483790852267,-6.6323285031631745,11.437988814977137,1.5114435776251502,-8.270235525257236,3.1210046427204627,6.468408861530538,-8.061650738074452,-0.10547219558738341,4.975342790809177,3.162337605874523,0.10828548498424606,-1.8494228859790596,5.134083602765452,-3.4858180669249474,-13.049759582611566,3.178816746093677,1.8460259164540163,-6.557892394801838,-0.13616750390655064,-1.8369329092936373,11.733750953433994,5.103966934297399,4.908674881003393,-1.7162917724716853,-10.026065906673564,-8.386299385318086,-1.7627519919613386,0.15434763976620047,-1.5088988448349347,8.197767867188785,6.77156285029854,-1.737764084848683,-3.2893539113107,8.371438580756237,1.7457695815438115,-11.411630752740656,-8.257304857105275,3.338983428493737,-4.8544078021665475,-3.2804194469799413,-1.580564684886924,3.2544843571236264,3.3078558594466303,0.05067857642954898,-1.726414970461862,-4.988843442990657,-1.4796104221381707,-0.17973580295985325,-11.574134294324779,4.8986177912236855,-3.395442377009182,1.6445017929712007,-5.063150505551741,-3.239724405069671,-8.32068853623937,-1.7449042372158736,-4.839077815585123,4.906025542311929,3.2854120132025004,4.810883667964862,3.3213361154566776,-8.175720976624852,0.14334436887923285,-1.5258440938287485,1.683919332989385
neuralNetworkClass 	class coursework.ExampleEvolutionaryAlgorithm
INITIALISATION 	RANDOM
SELECTION 	TOURNAMENT
CROSSOVER 	UNIFORM
MUTATION 	STANDARD
REPLACEMENT 	WORST
ACTIVATION 	TANH
COOLING_RATE 	0.0011
TEMPERATURE 	100000.0
TOURNAMENT_SIZE 	90
maxGene 	0.2
minGene 	-0.2
populationSize 	110
maxEvaluations 	20000
mutateRate 	0.95
mutateChange 	1.6500000000000004
seed 	1646684373006
random 	java.util.Random@3ada9e37
numHidden 	14
numGenes 	129
Training Set Training
Fitness 0.047627481221422636