6.209591885770465,-3.503819653735478,1.1849756538414278,-5.14154843175311,-0.40864410247749205,-4.4669872903699765,10.306641865995788,0.04480108929868187,-11.835626777123837,-0.38991780555357813,-4.71789288862407,-8.622787551047635,9.569634979897488,-4.464414439001622,1.9046259324133175,-7.763625129393457,6.451919093889845,-9.407733650730194,-13.540228280420358,5.191157826384033,-6.868712332498348,-7.088675784902647,13.221236248122274,-0.17994984137799008,-0.17206273222704915,16.90648460646247,0.32734276353022906,-14.423805490936536,-2.0054515000663855,-2.080732262684257,16.79025273045234,-4.612654559335442,10.185865245633577,-6.94909107817024,-10.223652984680209,1.9935603637424353,2.135899820008921,-1.982846694438523,13.096164401325526,-12.729206427130293,8.2876484307629,15.115345568205548,11.949842388295968,-5.209357688811966,-3.763585949931085,3.179848662521124,-3.7073052959595483,10.391050266041077,-1.4158241778633833,0.44155255714807407,1.868315096670841,-4.918624275794175,-3.790999814913908,5.016358207079081,12.974963385851586,-7.9755629130304175,8.438868228230717,-2.8216669651873847,3.5371750073660113,2.9593607861837095,6.283763486266655,-4.540929613217047,-3.359257929066885,-1.2911448349727994,-2.995126275070641,11.77294110430786,4.664394558425775,-6.7302833530452055,-6.230334462492962,-11.637922865022013,-13.011273280921122,0.3180170179742987,-1.3614842264752776,5.254659605815036,-7.820615297513529,13.452109744110288,8.60623528449737,9.775929370430534,-1.4134549409416395,-14.358220451268728,-3.260526160588128,-1.4953832998326604,-1.463174757438681,-0.03703262500711624,8.635613804769152,-3.483993712107937,-0.10521180898436988,0.2518896902587269,8.129523978656605,-4.850115069561326,6.1470283332750615,3.5419493020200967,-5.312531460390931,-14.665577852007763,-7.968923991161892,0.1673102149768404,11.700857101225559,-3.35694985569042,-0.2463588586980805,-1.6519460806005295,2.0000329756583426,8.463789157565383,1.7856974876342822,0.12802021461005708,7.96292300476348,6.701454876627782,-1.6992234457900839,1.4573697736004387,0.44056675567930714,-3.3281724356127125,3.342815868390563,-0.11897912995568483,6.828589677860567,-1.7443411102128312,5.102309917055532,2.0163331147910633,3.1508287127420065,-15.280605454589697,8.598395114128593,9.965157661547426,-8.666975699132074,-4.764582163489617,10.30106784374547,-0.026564322646505767,-6.927324013227095,6.661345223677441,8.554639625765748,-6.1032699199914395,-6.687416090790885
neuralNetworkClass 	class coursework.ExampleEvolutionaryAlgorithm
INITIALISATION 	RANDOM
SELECTION 	TOURNAMENT
CROSSOVER 	UNIFORM
MUTATION 	STANDARD
REPLACEMENT 	WORST
ACTIVATION 	TANH
COOLING_RATE 	0.0011
TEMPERATURE 	100000.0
TOURNAMENT_SIZE 	90
maxGene 	0.5
minGene 	-0.5
populationSize 	110
maxEvaluations 	20000
mutateRate 	0.95
mutateChange 	1.6500000000000004
seed 	1646684373006
random 	java.util.Random@3ada9e37
numHidden 	14
numGenes 	129
Training Set Training
Fitness 0.04110154740942241