1.6400475435723147,-4.804646702215373,1.5605398095877874,-16.599049457976015,-8.458595754730034,-6.4405471671752625,6.7309623747617255,6.760652160578733,1.479967505272155,-6.540363805499281,-1.8027461502076525,-5.021032788309148,-12.980785681779647,-11.329488903938843,-8.096647370703725,10.091592406920915,6.856963381565648,3.003345770700072,-1.6748571262839862,8.091915599512411,-13.474089815240825,-0.00545115769405502,-1.8183175511762673,6.366027642315936,1.4125372826064755,-9.635926964141948,-8.456180858518145,10.067467045481612,-4.735708870848917,-6.745789451630941,6.4361607757153205,3.2799581441371,-13.100747190464215,-6.885479238277535,1.8820755724152662,19.7560516603411,-6.65438420904434,8.172654942541044,3.3638604648564527,6.477974895650354,-5.129879936203829,-8.17638445971617,-0.2885745354770908,3.4141475620610944,-6.84482255394045,-6.818488414644982,0.14280366856271343,18.190717403821658,-13.346240476009521,3.518144715977882,-8.291493061056839,-1.3878817358615443,3.0892048383951405,-3.3882158647327474,-8.210791279587045,16.798051778307055,6.3239384320541685,19.54726195039735,-9.987554147721688,-1.3935577147579252,-1.4033174237290336,6.445044116765467,5.138992615184977,3.0828127891106085,9.672073493677496,-1.6977948020932434,-6.576728970757642,-1.383821386129263,-0.04031535544198572,-4.797740926765762,1.7746223170667337,-8.360046475717045,-6.3087063713763385,-11.456429162973677,4.737475384191159,0.04351161922133606,3.2958148007878503,-1.7024013774266038,3.4184092213163435,-13.144053290637524,-3.269343392828362,-6.661512286373125,-0.28318309533185104,11.528219493438794,-0.18365221361361161,-0.2654376082240244,1.3633400149548418,-8.426718971700154,6.878113116104712,3.1600348452722473,-8.363546992582156,3.3759096152798307,6.673664848408022,-0.22822658448307287,-1.887461912678647,-1.8451034343174744,-8.369187753064201,8.401246448873819,-0.04149771976651273,-11.800135137752516,6.481577498523501,11.435780809556249,1.398448910418285,6.313402911165651,6.311341972142278,10.05604823321856,-10.172872920142106,5.216344471334862,3.242133223673413,1.8582155319954694,-6.897156625526746,-8.080076316172388,-5.111501527538807,-3.5305314395792795,8.231231012714986,13.033183229565799,8.512496820330785,0.06464290461040711,4.948732780277351,3.457411370514345,-3.488822025104989,4.959468163048724,-18.11913523577941,-4.678467213303973,-3.354498749931097,3.4924555597775715,-8.014710942016018,-1.5167240010378853,1.6639849778897826
neuralNetworkClass 	class coursework.ExampleEvolutionaryAlgorithm
INITIALISATION 	RANDOM
SELECTION 	TOURNAMENT
CROSSOVER 	UNIFORM
MUTATION 	STANDARD
REPLACEMENT 	WORST
ACTIVATION 	TANH
COOLING_RATE 	0.0011
TEMPERATURE 	100000.0
TOURNAMENT_SIZE 	90
maxGene 	0.30000000000000004
minGene 	-0.30000000000000004
populationSize 	110
maxEvaluations 	20000
mutateRate 	0.95
mutateChange 	1.6500000000000004
seed 	1646684373006
random 	java.util.Random@3ada9e37
numHidden 	14
numGenes 	129
Training Set Training
Fitness 0.013393424732927985