-9.992042636664047,-9.668587049990164,3.5854028066089203,-3.0448890869194463,1.6281317200159613,11.493093858937389,-1.6145848551787338,3.542682274891522,11.270858303992258,-6.333456058168232,-3.158371114068861,-7.9622717719011185,-0.08033046401831268,11.704344853075671,13.397123114607588,-1.4377741936112756,-4.852132731770695,-1.5597346003124875,-3.4924489227571893,8.47514203416574,-3.312782443382673,-0.07665961968277912,3.1737233398195404,6.769243872402457,13.33884946899944,8.525859708978086,-1.904774883868618,0.27365129160587465,-6.460171377919339,13.074041138794014,21.17562787495381,-1.5446595387034465,0.03149266736525824,3.47496433527691,-5.235652163476503,1.734483332249046,-18.39799593337932,-3.3681010318032243,-6.531554016544478,1.7939398610741395,8.195691739964357,3.1524639750751806,13.259656391681862,-4.877601241647225,3.1956210398249016,3.56011004708769,6.5876720867750285,-1.8664076751507164,3.34344839991782,-4.880778051316348,-6.509790438305988,-5.149309646527347,15.011984244289833,-5.1223081994342525,10.16361534033696,-6.564591611149694,1.3910048256878627,1.9181197543608692,-4.675229668329417,9.775544679039756,-0.06427886856020137,3.4398522149550512,6.4057897088323,-6.327409866618083,-3.390070143722717,8.318873481455508,3.427508202909195,3.4427353902678437,-15.067761142623445,-6.388879491239264,-11.50401673651254,-6.839971480165891,1.5038766011534097,-1.9229041905921278,0.008240059143372669,-6.870383238134336,-0.03953777623081134,6.811707709041295,5.0392253636147775,-6.418064659965806,-1.4022697381299345,-11.586927660427913,3.5114284390529953,-0.17461384233632948,1.4725709816626846,1.8175659349205109,-10.128129416320855,0.23547855787237815,-4.974135285743167,13.115721107403383,9.768155764464307,-6.557415488694621,6.8124554862861775,6.644615245841785,-3.573981893700168,-1.7416101388708292,-1.4937731775072303,-1.7227961434308998,6.735293522937582,17.902803136370352,3.0246092997863387,-3.4023933895810625,3.5994852323157494,-1.841486881501547,-6.613032899010953,-1.8363419925354307,1.7460849586407976,-6.8604340356285896,-5.114822390732504,3.4140899920670473,10.030553947380268,5.213262501619956,-5.1476644789458845,-4.7224821206593965,-10.153639975661763,10.161355792743663,26.2668801062378,-9.766043968728512,6.726709066573847,-4.693040974770533,-1.775438801034749,4.8168941745197005,1.640601573075485,-3.1322467476524216,-18.050472836449423,-1.4749797195544065,11.696587008259192,-4.925985757111141,-3.4515652867537607
neuralNetworkClass 	class coursework.ExampleEvolutionaryAlgorithm
INITIALISATION 	RANDOM
SELECTION 	TOURNAMENT
CROSSOVER 	UNIFORM
MUTATION 	STANDARD
REPLACEMENT 	WORST
ACTIVATION 	TANH
COOLING_RATE 	0.0011
TEMPERATURE 	100000.0
TOURNAMENT_SIZE 	90
maxGene 	0.30000000000000004
minGene 	-0.30000000000000004
populationSize 	110
maxEvaluations 	20000
mutateRate 	0.95
mutateChange 	1.6500000000000004
seed 	1646684373006
random 	java.util.Random@3ada9e37
numHidden 	14
numGenes 	129
Training Set Training
Fitness 0.03256594147550465