0.24762108002049565,-0.36825710147915025,-3.2897912726409633,4.955755826312455,0.3025661676086693,-0.3907667863287778,-1.3165818022296976,-6.413819191676746,1.838080483672309,3.5259522748736147,6.818986654813941,-1.30877313320571,-3.52390859410914,4.833671070541554,4.533794687784638,-5.442107116496133,-9.863371543932761,1.355626453933596,0.3774328215610483,-1.5067695752162384,2.075259139736011,3.790491255762886,-0.1499700871303986,1.9744635578431884,-3.160558817936921,3.6288476117884274,0.3912227567583697,6.640520840074483,4.939305390770947,-0.3232502407860478,4.462441019897684,2.06888287344314,-0.11673446212214289,3.243657721202217,-2.022310621616871,-3.3525325996060023,5.039984987025814,-1.5790313117223347,-3.5227334672311246,4.573346130932848,2.805612335137674,-4.797431645074198,1.984368676610532,-1.161594013603807,-6.471168662214662,4.830269323652164,4.986282634318208,-9.703360936465662,6.42615293799822,3.784699839585108,3.68988188546059,-1.5514345246766905,-6.343989638624725,-1.7638498012678223,1.2653964597734464,4.775363234639522,4.462600769290779,-1.6799189301895663,4.762935279615565,-7.09139980096937,1.2990499048835313,1.9084414544815744,-9.937002221053241,2.8810331501691233,3.044358986950276,1.4106412065879081,3.005218930750896,1.2197593236584248,4.539725924034984,-2.843033304359132,-5.371149849953889,-6.1849238961274295,0.3872155263011372,-0.3075754230535379,-7.046014327959142,6.226725005437722,-4.87261330483572,-1.9095563476553297,-9.665697114962791,-4.926233805314572,0.042366692600986466,4.883559827598217,3.370091418917335,-1.7548498622395035,-1.68300382895658,-1.5978451195565908,3.584605170212212,-8.0848764284438,4.53305065588018,0.11251491041598394,11.537278161798122,2.8509268659979736,-1.7798221357329047,-7.948080411462529,1.7741032870151265,1.409810367210965,0.042072084631208595,-2.078831218997606,-6.10151900506996,7.0882177059271445,-4.642459458684003,1.9638982049977267,0.08510253755050101,2.008054353915832,3.263499024516869,-0.3627685894138981,6.854940206490646,4.903279689740622,-6.749433239176251,6.559760497309039,3.6311749911886917,-1.8453682098437079,-3.718186331566896,6.660543089357123,-3.1961001835545733,-0.4888864084332645,-4.708654185160857,6.846748924066037,1.1956941128018514,-1.4660594714536384,-1.2082024197969243,4.9577842862006465,9.890673818272449,5.0019687980360095,-3.5715680349516803,3.680167979803632,-1.1836220968659061,6.977194727226697,0.32243335351449165
neuralNetworkClass 	class coursework.ExampleEvolutionaryAlgorithm
INITIALISATION 	RANDOM
SELECTION 	TOURNAMENT
CROSSOVER 	UNIFORM
MUTATION 	STANDARD
REPLACEMENT 	WORST
ACTIVATION 	TANH
COOLING_RATE 	0.0011
TEMPERATURE 	100000.0
TOURNAMENT_SIZE 	90
maxGene 	0.5
minGene 	-0.5
populationSize 	110
maxEvaluations 	20000
mutateRate 	0.95
mutateChange 	1.6500000000000004
seed 	1646684373006
random 	java.util.Random@3ada9e37
numHidden 	14
numGenes 	129
Training Set Training
Fitness 0.10758121996070097