-0.6862650782571427,3.2395539805974094,-3.1928940398436048,2.5520894290590723,9.439023393679348,3.843715834526172,-3.0534053928125453,-13.456856348561702,4.437718687089328,-7.0410506697558315,-2.3255751421335775,-16.443319919224315,6.407280138145564,-2.626503055478948,3.4350133284870683,-0.028562618741718282,19.723751172623253,10.844840801028917,-15.091826657492113,-5.62113972270237,-10.076207514540261,4.493734117818058,4.228032690361747,-0.6756803091710584,7.1316423880430815,-4.22175432143465,-0.5136864404959312,23.222126464946825,-10.404481842565518,-0.7719461355508308,-0.8489108729530166,1.117739213699763,7.746800351532114,-13.253819572370132,-7.487788288115864,5.578770584901452,-0.843328924738751,-10.125193087775559,-5.8928156273913,-12.982900994065327,7.088704472625222,-3.9262298669094218,3.38632537547361,5.827595993814482,8.232236019685491,-4.075214351657969,2.393654175627068,-1.6753175007454546,-2.8998345090203728,5.6014020328848835,-3.229994286936284,7.766130894294473,-7.913823501688835,-4.515858496199604,2.1274565049304783,7.224232193603337,-0.5998162371047941,0.8022351965928736,-2.3007738944034433,5.347651010283438,5.137146885448663,2.097815425670068,-5.213206206922516,6.802994571334044,-8.31678135144513,5.635379423883293,-10.593949843635219,-14.056675587892085,-4.225477797850564,-3.83120690038338,3.0768799570377636,-4.128456886664367,-0.2023182693961938,1.080055431280475,-0.7943485345688792,-7.550208924395655,4.15755768962622,2.2684982614473626,-0.6723341662009501,0.601692198942477,4.236466155101969,-9.053951030604615,-7.543302599890364,2.912489200926278,-2.2695090076408553,10.083635953788498,-7.468665171666405,2.402814231883508,0.07232424432342732,13.405771609621405,8.0529101080802,1.6850413671728992,14.336398820964561,-2.7552014250730945,0.9273819199127455,3.106872908223081,9.720906670814761,-8.656759857916638,-5.596383611969547,6.495012712359178,9.012621402865188,0.48214715706865174,-0.4069121310933461,-2.4175157020015154,-3.885724702517492,-5.034712214223436,-3.3389005591206375,-0.31364651528985377,-0.19943348366739055,-6.546519889899326,7.947201546540361,-1.301680821953286,3.9677015873140298,-10.879681160240184,4.302564936040451,-7.991161025636435,12.202706043411743,-1.9099973719329357,-0.9253572487161286,5.606158541045214,-13.877435777678725,-2.530079621329404,-9.575466254773437,-5.075181230867898,-4.230422521951895,-1.594891705908243,0.13003812142305726,7.213914868892999,3.6981577310037483
neuralNetworkClass 	class coursework.ExampleEvolutionaryAlgorithm
INITIALISATION 	RANDOM
SELECTION 	TOURNAMENT
CROSSOVER 	UNIFORM
MUTATION 	STANDARD
REPLACEMENT 	WORST
ACTIVATION 	TANH
COOLING_RATE 	8.0E-4
TEMPERATURE 	100000.0
TOURNAMENT_SIZE 	90
maxGene 	0.9999999999999999
minGene 	-0.9999999999999999
populationSize 	110
maxEvaluations 	20000
mutateRate 	0.95
mutateChange 	1.6500000000000004
seed 	1646684373006
random 	java.util.Random@3ada9e37
numHidden 	14
numGenes 	129
Training Set Training
Fitness 0.031017456323444666