-3.97797926733932,-2.4377012832775673,4.059207155812275,-5.618365832148193,-10.214114274674198,4.809565778088972,-3.4109593205544915,-2.8069150607301223,-7.374501941454069,4.966816518686844,8.0382617627785,2.4733117570796743,6.1297172146486725,0.8500114445787812,13.722840097050229,5.408890584178244,1.3791884121062452,1.9086080058989716,0.9578144576555081,12.839848177828976,7.891905226834703,-1.6285698435734526,-5.926683363158718,-6.859584515613307,3.1563000073654486,-5.489650006084129,6.60151927694139,11.058163656068443,-7.045509465757107,6.666105743065559,7.057247078030629,0.01815210840746495,2.3904143477599966,-4.647935206118142,-0.10914712409870031,4.263949477401534,2.587195303562069,12.860723788393333,-3.9146794870675548,-2.0398733930089596,-0.09480543349072512,13.19422182515555,7.350411947675417,-2.4789477894807908,-15.8431925173601,9.124129422480003,0.8850405268996493,5.008556439001618,-0.6438207970311591,-8.042741131844213,-8.465094071917562,3.5562641814823035,4.691618061003204,-5.056776421591185,9.765791948476817,3.9811315447350815,-2.60440193824126,-14.144035788528628,0.6037813926295117,7.5829549988129585,-5.888150394526755,-7.634562585152365,-8.137992619537677,-12.889643037624797,-12.678852460933543,5.437152207748339,-7.070584710153119,0.4869845843652456,6.2370139581899835,-2.643779485418534,2.6903719635749352,-9.205604836736649,6.119664611015205,-9.680926284082828,0.9248159655568386,-1.0516661936445786,-3.01886451320785,-0.1800178427264889,-2.542996136704872,5.282844437055418,-8.8833651431597,0.2309970288141745,0.6267668423175117,1.0718900849815638,-8.103221197752767,-2.017078768018627,7.000547724582484,5.770891110703017,-2.6075268693808535,2.5513970533700423,-0.27964565384338513,-1.549173921330187,-5.771182800032143,12.036184579434169,0.9071187191498078,3.0752737651754654,-3.073485734045761,-3.9068094671093005,-1.3091869774140292,14.38600824023171,-2.411120288471598,-7.7122119668038955,-3.9169652570802986,-7.884504151948443,3.6796515779885413,9.534454944493007,-2.1113717729822428,4.334873485080245,-1.3885853233526166,-8.328257949213857,-2.778725745766163,8.373725695263882,-4.823440659841346,-0.3569325245877426,17.043833846625233,-5.03678910510039,-0.9976931266168583,13.512814996885124,-6.902403091890777,1.506819689572418,5.9484392799427095,0.8437033652731607,11.56544056608912,16.023286743619742,-7.459013928495095,8.795374136857152,3.882265237071035,17.833907613753688,-7.3027750982761805
neuralNetworkClass 	class coursework.ExampleEvolutionaryAlgorithm
INITIALISATION 	AUGMENTED
SELECTION 	TOURNAMENT
CROSSOVER 	TWO_POINT
MUTATION 	STANDARD
REPLACEMENT 	TOURNAMENT
ACTIVATION 	RELU
COOLING_RATE 	0.0011
TEMPERATURE 	100000.0
TOURNAMENT_SIZE 	50
maxGene 	3.0
minGene 	-3.0
populationSize 	110
maxEvaluations 	20000
mutateRate 	0.95
mutateChange 	1.6500000000000004
seed 	1646684373006
random 	java.util.Random@3ada9e37
numHidden 	14
numGenes 	129
Training Set Training
Fitness 0.014288626039502109