-14.469630393909078,16.1864331333379,-3.2812241517128378,-2.4544656989754943,-15.597156166127759,-1.693911513837417,7.262056590869754,-9.180890240566066,-4.564388304887885,5.227402235955294,4.198013922345004,0.13581091705416704,1.1003597388676098,6.4623630348545955,-4.654077226582371,3.6167123422333836,-1.256409574211581,9.060577434414107,7.285148495808729,-5.110325571136611,-6.731132524193417,3.068856979567883,12.782524248041433,15.476392624855173,-7.752102724039961,2.4378890019748223,6.043627477704001,-3.782559267868251,-4.8643714189988,-1.9610351846239622,-3.9808093944714127,9.084026128458998,0.6235395288665053,-4.252897763766084,2.900621277553454,0.8622855638905644,-3.388238663176028,1.0777557031894691,5.478835778947033,0.820556664790745,-7.2853220539794865,-0.5173298401789204,-3.7316516256455943,-2.4678254937411097,2.5861191527678624,-15.733709740081222,-0.18620905236176366,3.725945366813745,1.5092546500468114,-3.172500805439581,2.0487739650094894,-2.2264341768650606,-8.807223465890798,-10.33768117010002,-1.6827701431274198,-7.202139104750764,3.448946268922519,-15.818436086142055,-2.2548786239547525,-6.352176932792399,-0.5494390358596828,-6.446700634823447,-1.1843759422928093,1.5360492447816592,-2.1271154320352865,1.3233128118823245,10.753631742678026,-3.228725314774458,-6.226931309337645,-8.852327918891525,2.5156668456357547,-0.7566816226147797,4.393576357647365,3.8897963216215485,1.6590103426610732,-2.170140429454686,0.34760108867623973,-2.959671476835122,-12.270897804423553,3.9440776711492855,-10.746534515261379,-10.688539593809471,-0.2430028099639694,-14.470705773726001,-16.61854063355519,7.03821216666695,0.3488951919097918,1.0813679932043536,-3.8394299193513097,10.48753959297777,-10.022501377806257,-1.8082998248964905,0.814034957416319,3.0819886770761027,-0.09981478680075595,-5.396679447716681,-2.34836440539846,-0.21201138241793327,6.031718781768607,6.309629111994765,15.093134303955473,-2.9502768238885695,-13.510545876524574,-4.950017291195591,-10.468760219345926,-3.53211099418084,2.006726698591316,-1.2815777546616989,-4.5860269045054185,-1.6214991915513677,-4.4246476162543,10.551445902877104,-8.26471300777126,-0.1197308203961267,2.6808980967415867,-4.902156665593724,-1.9807198577340177,6.139930860010855,0.6346154697203517,-1.80178339497008,-16.682670571601896,6.6232755325747465,1.7336679448501435,6.7639202146934085,4.00894661778041,-2.3445314678670393,-7.003487608169879,14.944764690102188,-9.643845481569802
neuralNetworkClass 	class coursework.ExampleEvolutionaryAlgorithm
INITIALISATION 	AUGMENTED
SELECTION 	TOURNAMENT
CROSSOVER 	UNIFORM
MUTATION 	STANDARD
REPLACEMENT 	TOURNAMENT
ACTIVATION 	RELU
COOLING_RATE 	0.0011
TEMPERATURE 	100000.0
TOURNAMENT_SIZE 	90
maxGene 	3.0
minGene 	-3.0
populationSize 	110
maxEvaluations 	20000
mutateRate 	0.95
mutateChange 	1.6500000000000004
seed 	1646684373006
random 	java.util.Random@3ada9e37
numHidden 	14
numGenes 	129
Training Set Training
Fitness 0.03166453074810463