-12.712916825028685,3.5571596748648338,-8.106131831351243,-10.648489351398316,-2.746850028538459,-2.6513336935129885,-5.274596597637881,-11.327049303820356,12.073232385030437,2.947628882705704,-0.9591510399321317,-0.8228001334666022,13.59107694535482,14.749259464129933,-4.336997717988181,8.619166609872682,-6.9876146508840735,-0.5309232740605552,12.649050234527735,16.974293788771575,-2.3534741921212188,-8.470412639554773,-10.581164239045911,3.345087359618258,-16.728679218664922,5.634090462608396,-2.254823280931067,-7.762289921846298,-10.076521313839704,-14.038065572646614,-9.729682237313705,-0.736722917251921,4.643282907215141,-4.211941517495869,16.941374893527154,7.461216042283112,12.4788505766106,6.563337737434155,-5.976090833583255,11.158563676439178,0.9592148720553588,0.3969246437286351,-3.5184624577733157,12.178645505084077,-13.301080380173437,21.190459976946293,-8.849229135944029,3.304096933394497,-5.971980044973016,-17.107460886978608,13.519039888680757,19.24190707563779,-4.041649039980394,-3.6688826616486363,-22.341278924689746,3.226795398303695,-1.7934283310368855,-6.399987505156389,7.382676482665254,1.5107601051126949,5.965865695690491,-7.28409964902823,-11.638566734079035,8.670622092717771,-8.313459769692692,22.03993029860579,-1.8957642908372652,9.686873829673983,7.331624400292721,4.523324617881409,-5.644186728380689,0.306123377463118,-1.1330709555981988,12.889058264243769,-14.002181898620126,15.145912855632979,-0.6241159595898713,-2.248049941195437,-23.681507624828697,5.984670519083419,9.607837560754,-12.142766386649663,19.026238865990017,-15.898956480250803,-9.075649792430317,-10.767095669279644,4.032373910902459,-6.414159222466571,6.851386938319813,-2.9461187385028067,-3.234546497432934,13.99629960711391,-4.573839645055361,5.3562498753145,-5.995827933673064,5.806376285212107,-7.354254659178087,-6.982409347731574,16.8279429181338,-17.07175710844109,1.9304372394266522,-4.615368885658123,18.533877907171878,-3.0108432254001034,0.2581930125305343,3.1821924721577908,-7.894004377610399,10.144357651571873,21.50734794739762,-14.122360769614984,-15.702907408177209,-5.409375530708852,-10.68683823594577,0.9527710409614576,4.995826220860397,-0.7333838981233409,-4.050390909512174,19.074136974321597,-11.107585264440141,-8.614900971470767
neuralNetworkClass 	class coursework.ExampleEvolutionaryAlgorithm
INITIALISATION 	AUGMENTED
SELECTION 	TOURNAMENT
CROSSOVER 	TWO_POINT
MUTATION 	STANDARD
REPLACEMENT 	TOURNAMENT
ACTIVATION 	RELU
COOLING_RATE 	0.0011
TEMPERATURE 	100000.0
TOURNAMENT_SIZE 	10
maxGene 	3.0
minGene 	-3.0
populationSize 	110
maxEvaluations 	20000
mutateRate 	0.95
mutateChange 	1.6500000000000004
seed 	1646684373006
random 	java.util.Random@3ada9e37
numHidden 	13
numGenes 	120
Training Set Training
Fitness 0.013487734396883779