0.4489036846328318,-11.968934322968224,2.9301158515407284,5.422634919477279,0.15445095170240553,6.75863682982545,-8.009521114960627,-4.7844786700127235,-1.112208173568117,8.67891906795706,12.290601595710827,-3.2918381292824677,-2.6809361833299477,6.057122117350137,-2.694622589884805,3.5829110430339934,5.034217006389042,15.708063258594095,-3.173331179530564,-3.1620884253614907,11.238903358194827,-12.089676737832942,8.650891978837882,15.886510717739995,-18.979281483451828,-2.914856653153456,-5.850926758662547,1.0633077812793594,-13.200493815419536,2.9091431922646525,9.393198478320336,-1.6652036023234942,-8.73058736501051,8.118496841689455,-4.034874761027339,-20.81992384058755,8.130637265249364,13.269011513886598,10.821369846284805,-5.569366882867086,7.7865665002078455,4.5733028424133195,-11.467576638850042,-12.466400167209345,2.886269964090258,3.632859859666752,-7.355492645887107,-3.816436584169189,13.53267255218324,-5.816135902970011,12.504925184561671,0.13013000988577694,5.336116061615128,-1.39220466099108,-16.406211533127085,-1.3519265849436959,-0.20384393393889777,4.797204433428866,-6.069742474787993,-5.274900633547082,2.967601807704323,-7.337183631308205,-7.34083021672337,-2.059099854169985,7.576495638273808,-1.4761953838858268,-5.4365879129412455,-4.744728913292441,-7.616949812543583,-3.80474356351065,6.4331139477685255,-7.515845568349725,-2.594027803290909,4.501741796745229,-7.2470528509767655,6.677366724208008,7.770430518962742,4.728986905821554,-5.513770539036651,1.0301278590183425,-1.1387216309043016,-10.5622402275341,-7.493984160526425,-4.683633585285155,6.407565085322654,-1.1363123698380786,2.8323449535305416,-12.724861957964674,6.061625351792108,-5.936167682896354,11.081291909648751,-3.487649523172669,5.321951247346227,-5.75453827745073,-9.834534737907818,4.398350386896977,12.02678745455175,3.374563022632059,0.7070663668684114,4.897784802145619,-13.839371812762385,-12.538746397480992,-4.023973298413532,4.590383175407771,11.895373117502922,-7.1097739507158515,15.900148455185727,-7.347306492147126,-3.8866790697709037,-14.281992351025755,12.09802728983622,13.355533249614693,-9.011211363405355,0.3692966918427487,4.199603821542059,-15.32399079811199,-2.0499810017460387,-3.5189059858915845,5.240569307062259,-0.8701318751078002,12.608248298551878,14.442884272924791,10.25527111419178,9.770410194392626,-2.187403670416553,-6.912174729238961,-0.7836856008925048,9.340604484112797,-7.801591666657094
neuralNetworkClass 	class coursework.ExampleEvolutionaryAlgorithm
INITIALISATION 	AUGMENTED
SELECTION 	ROUTE_RANK
CROSSOVER 	TWO_POINT
MUTATION 	STANDARD
REPLACEMENT 	TOURNAMENT
ACTIVATION 	RELU
COOLING_RATE 	0.0011
TEMPERATURE 	100000.0
TOURNAMENT_SIZE 	10
maxGene 	3.0
minGene 	-3.0
populationSize 	110
maxEvaluations 	20000
mutateRate 	0.95
mutateChange 	1.6500000000000004
seed 	1646684373006
random 	java.util.Random@3ada9e37
numHidden 	14
numGenes 	129
Training Set Training
Fitness 0.02431494847562209