-4.460634169821882,10.496250709216826,8.585545217087915,-5.778750488231392,-5.012451113409874,-7.74271798557943,16.73583483150346,0.03717393919925582,-4.975154146986508,-2.2964007836330627,-9.902782273801485,6.188453197287389,14.794658569357564,9.13622642224809,4.386283692397532,-3.1915545045095817,9.39864312928312,3.7586565859118988,-13.691107317882235,7.652915930933179,-3.7978643842576814,-15.66088700461084,1.215468695928398,7.575242752339031,14.565546924148142,-10.337651203038618,-7.047914395647981,-0.5655060422269322,-3.8353694212214045,4.360378669333713,2.645276160228647,9.388384944524319,-0.6118461243863971,-8.696958902793071,8.14348948747073,-16.136234596954637,-6.847620769370296,10.476913600892745,3.602833388522308,-3.3469855119043856,15.7707832281111,5.209713104260504,-14.211840583375736,5.528234843624075,-3.3959681360127085,7.531725320816275,19.40815774076468,12.195984441182402,1.74684392858184,12.379555679893057,2.439654695654406,-5.775502612923651,18.056397060502483,-11.559348802437462,-6.077306481188419,12.876423334246867,-21.40568804350928,-2.3187229161013363,-0.9460977934230774,-9.492648751678605,2.0004307252179494,1.5939596950510575,-9.622622648895899,-1.2498267429859657,2.6921142483011256,0.9171773983125462,-7.540857675765475,2.0084493911780497,2.3937198979769674,14.858390559738087,-1.4974432748721096,-1.0337052134591165,-0.8921623527976612,-0.28110522656483106,-3.707694414989766,1.256999962565347,-0.2870053485073498,-8.149210935431153,-4.610346961457908,-2.0112550192797922,0.714950658362473,4.635392129529929,1.5349437043019813,-4.545661351927244,-2.426233160116144,14.214637274049048,-1.3445256840728597,17.50417508238216,-2.743302647035626,-3.2432729032830423,2.0302497560567376,-2.3298408444588716,6.523696060458628,6.066946510754873,15.840855173122002,19.783614399348508,6.192242574753113,-0.9510923219602256,-5.828581802275343,-3.4947727801837587,12.139770810219794,10.445599958457759,6.0343604086659886,11.742169659542578,-5.346033273494065,-4.642826395984266,-11.178112982827834,0.6055747475612003,7.142322113459313,-9.807722145795863,-14.178141742296155,-7.272941001515537,-4.6962757621706785,-5.363361835558566,19.28453023825051,6.379749101089272,3.0407801710252,4.355980538817427,0.5815754633577859,-5.327176155598048,21.149284574028187,-6.570254899975015,0.6695183659797435,-4.458358208966105,-4.563557146370458,9.277261902121413,-7.215423576550833,-4.412057880681836,7.823368120885046
neuralNetworkClass 	class coursework.ExampleEvolutionaryAlgorithm
INITIALISATION 	AUGMENTED
SELECTION 	TOURNAMENT
CROSSOVER 	TWO_POINT
MUTATION 	STANDARD
REPLACEMENT 	TOURNAMENT
ACTIVATION 	RELU
COOLING_RATE 	0.0011
TEMPERATURE 	100000.0
TOURNAMENT_SIZE 	5
maxGene 	3.0
minGene 	-3.0
populationSize 	110
maxEvaluations 	20000
mutateRate 	0.95
mutateChange 	1.6500000000000004
seed 	1646684373006
random 	java.util.Random@3ada9e37
numHidden 	14
numGenes 	129
Training Set Training
Fitness 0.021287145866597464