10.40115666547624,-4.255439315262143,2.5579053631373148,-4.222349361194221,8.852488165871979,-10.377231060147192,11.605222445336857,-0.4122508157820697,-4.856097535704657,-2.3908897484173233,-4.905487645267591,-5.526794462314614,0.18733644915041303,-0.7367164256803376,2.3774463181956538,-0.6349199303293567,-2.112133226507085,-2.913617192513664,3.1954738629310118,7.672193379281671,16.199977180495996,-0.48171611452958096,-2.000993361013026,7.908091616680543,-5.605698475307413,15.808403355101833,9.58608455599763,-3.21464282900857,-9.858087800896211,6.9225733970102095,-0.944077959236532,-8.264909492278845,-15.59193901438449,9.47538167676771,9.573235573439497,11.323409352130565,-4.128156333336278,1.7167720784731548,-8.26125270808668,-13.43758775174497,1.472625407334931,-17.16856900777941,-6.089147304399248,7.028730873239507,5.482652500026077,-3.657890814194003,2.7387998820940958,-0.2089425386684507,21.68612804111227,-23.062592165571374,-0.9204871041284317,-8.477047223946741,0.35954572525996387,16.126701421314664,-3.7878165529191277,5.131808738021212,12.298630574414902,2.093945616925774,5.345074089424294,8.969898232265379,-2.6703480992999182,-5.788096632027325,3.4030513103516347,-0.366689974706107,4.836774983713612,-0.9641324047496971,-0.20445778404334103,-2.8535839185453717,1.3888587639929177,-1.3213645734977817,19.707199875328527,-15.882025120795097,-4.5958321634117905,0.6933481886796651,-7.5114509231837685,-14.265600238018594,-0.6323637691736534,7.359487439476126,-9.207444111700436,-2.6038959510072486,12.477471531073718,16.612383165113485,-10.833057895624462,-16.839495728459486,0.6370619560061108,-15.331587488534652,-4.417265717113395,-0.5810884141209076,12.603736715832788,8.904688795121313,-8.775694205194254,-9.21095986465009,5.202159001033527,-7.157052724777513,6.620921155464318,-7.560465790967028,6.217022998498782,-3.296078976310403,1.8502310394639263,-13.559469440565122,-7.618775231462044,-4.530676366695182,8.98277259243978,1.5521184722961898,17.220533012642093,-1.5306749483955944,12.66100980009598,-11.522379088345613,-19.97179762925373,17.63501791913724,12.76860773779071,5.7734593909235805,-4.630555492188292,2.8944039412324916,-2.484165158211625,3.763527492138582,-11.379464242802575,5.639382697105216,18.516235322641506,21.625570221131788,14.359399585807145,-1.8848688206124464,9.45453068222641,-4.932587698657068,-5.42721578272241,19.335632921833074,1.975975748234859,17.846513381860852,-3.961315944178901
neuralNetworkClass 	class coursework.ExampleEvolutionaryAlgorithm
INITIALISATION 	OPPOSITION
SELECTION 	TOURNAMENT
CROSSOVER 	UNIFORM
MUTATION 	STANDARD
REPLACEMENT 	TOURNAMENT
ACTIVATION 	RELU
COOLING_RATE 	0.0011
TEMPERATURE 	100000.0
TOURNAMENT_SIZE 	90
maxGene 	3.0
minGene 	-3.0
populationSize 	110
maxEvaluations 	20000
mutateRate 	0.95
mutateChange 	1.6500000000000004
seed 	1646684373006
random 	java.util.Random@3ada9e37
numHidden 	14
numGenes 	129
Training Set Training
Fitness 0.05508455975758313