-11.921915277526443,-4.301675956385109,-13.182889435844759,-9.26606068507866,1.1669507500585503,1.9800895592280545,20.092249685871643,-6.653074760461973,23.74045934100029,10.182902337004226,-25.74729502030562,-6.008487251223645,-4.411252478317451,12.973283147007384,-20.467229368050795,-11.957328158055338,-11.652590631414139,-10.690905671335079,2.0159518888182637,-13.093866522587858,8.268316986180476,-3.9938417292016517,29.28124570914762,1.045944981265019,-9.625266218542862,-8.7469742142244,-3.5039179576686266,3.2834253932089865,-13.438383453063173,-0.7869419166883596,-8.729648893603372,8.317219552851293,17.998154624013004,9.859946780192075,-1.8422248975436464,7.101860057588938,5.120523813903544,-10.437286293774614,7.86215054770486,-0.7276676902357071,-2.624162341629315,10.26593051961099,-4.821728986223103,5.547370345591574,-9.289280483789792,-6.999060010389146,20.943608261267748,6.9479530368329545,1.1491319960248711,-5.68780879177382,-11.745563069901584,7.015287876865388,4.403204921625873,-7.845749338179287,0.6043410006922887,12.055562904040299,-9.725484023859147,-4.854521781956533,-0.8136995191014087,5.814185088934889,2.2370547203020523,-21.020095743325406,5.258963607912273,1.007503111319508,-2.723420359868376,2.411438446796243
neuralNetworkClass 	class coursework.ExampleEvolutionaryAlgorithm
INITIALISATION 	AUGMENTED
SELECTION 	TOURNAMENT
CROSSOVER 	TWO_POINT
MUTATION 	STANDARD
REPLACEMENT 	TOURNAMENT
ACTIVATION 	RELU
COOLING_RATE 	0.0011
TEMPERATURE 	100000.0
TOURNAMENT_SIZE 	10
maxGene 	3.0
minGene 	-3.0
populationSize 	110
maxEvaluations 	20000
mutateRate 	0.95
mutateChange 	1.6500000000000004
seed 	1646684373006
random 	java.util.Random@3ada9e37
numHidden 	7
numGenes 	66
Training Set Training
Fitness 0.02426890044859354