-2.541176216358193,6.169556221391524,-2.851396341583513,6.777172079319614,0.6488594488729982,2.6460270332810873,-5.5330631470898695,3.7789033819000473,7.430713036409923,8.263668237456795,11.629941474131888,-3.1440417329744843,0.6745774689183337,-7.123240875150566,-3.340480758259342,-2.481595451672594,-7.866479587189994,-6.214896173310949,-7.356819579873647,4.370208092068832,3.3042291365555467,4.094808273451775,3.4289453846083324,11.747372451301402,1.7412948500240848,9.112244281613492,-9.385106738290098,-5.610107452988835,11.341529861390939,0.32157985855667004,0.9918408068656301,0.45708446875560105,0.7206649976602941,-4.138512536655784,-2.7527536568783066,6.804830801931283,2.8481418223359043,11.119379293925666,-3.7244609552209704,-0.6102300726192587,-4.513433109293155,7.301748530328672,-7.635311958532734,-2.15055993628887,9.600757213037031,15.01693599812725,0.8909305018037506,-9.421126178811303,2.4571670562617944,-0.5281322857975184,11.203191360014396,-1.4168764208522457,-2.4221568342339452,4.437052871064733,-8.784166866617506,-4.868319701628728,-15.256084774624666,14.22435878044359,-5.997013083515836,-4.7752623552195805,5.761989107694393,-12.650184493471954,1.0998225234817252,3.602731113176594,-8.837331467307742,-3.4310597618788226,1.6157253759416728,-7.910427839220491,-0.5062092902869679,-5.625198437787991,-10.498539809871772,-5.59352189362267,-13.498179116507098,5.339281908248211,1.1370053604054826,9.877283580129768,9.863209795914502,2.2557267076816965,-12.431143255613602,6.767605939233734,-8.816622104394657,3.9064085127016135,4.625205750669821,6.209217249145979,1.4243484419146863,-2.0190363174755577,0.07450672838220829,8.357464189229102,-10.447086803149164,-0.7378045586824324,-12.332441185210014,-3.236442054149716,11.069571578637609,-0.9266260302904978,-7.834665248052311,0.6650441831145422,-5.315656241417219,-1.2036060665189101,5.604402229358778,-3.1432565782215676,-0.10108031749783208,0.8228876776216438,-2.9611121687578397,5.650940077872011,2.2354624152658378,6.190625704496995,-14.077452812016409,-0.13041868163389303,7.570745823930505,-5.364729802983366,-7.14338685340744,7.282730414498602,-3.7598350622689214,2.152781704962911,-8.721299739239278,0.2665057386976475,-4.830483535353721,-3.2294864937574435,-3.2948411501782795,1.2002184482270781,0.2233082454319284,-0.4347362529695875,-9.33612375614008,2.9564097777512366,-6.0232878020677,-4.305712482972496,-2.9333662144543577,-3.091032206989997,2.774138689958601
neuralNetworkClass 	class coursework.ExampleEvolutionaryAlgorithm
INITIALISATION 	AUGMENTED
SELECTION 	TOURNAMENT
CROSSOVER 	UNIFORM
MUTATION 	STANDARD
REPLACEMENT 	TOURNAMENT
ACTIVATION 	RELU
COOLING_RATE 	0.0011
TEMPERATURE 	100000.0
TOURNAMENT_SIZE 	90
maxGene 	3.0
minGene 	-3.0
populationSize 	110
maxEvaluations 	20000
mutateRate 	0.95
mutateChange 	1.6500000000000004
seed 	1646684373006
random 	java.util.Random@3ada9e37
numHidden 	14
numGenes 	129
Training Set Training
Fitness 0.02402221014558088