-5.946608931525342,-7.502789327088552,-7.78427921379329,1.6196834203442405,3.871133143355932,-8.397682511484675,0.3568595566106416,1.222522889373237,6.664997933315183,-5.8386698574613884,12.345060135501829,-9.799691169445962,-10.705755370763606,0.644957879431991,-5.317412683514366,5.884760974240352,2.327245410827055,6.681130817262942,2.97991568949338,-5.404631543786996,-9.210210145913624,-3.638830214251753,-14.826224005863619,-2.1919783374280613,-15.705522176586229,2.5971774527374416,10.899392077302098,2.0411801138052956,2.1029713471351297,2.5477526242703465,7.343873412378063,-0.8278141287636807,-7.223609468438932,-15.301729820300627,-2.132505457964297,7.521723319368755,13.935154891746675,6.713610291613678,-5.748142374990445,-1.86768426903895,-4.4719122212429365,-4.174639556723376,-2.731299311382436,-0.8328586524833153,2.4516149726325924,4.022155453036669,7.110379143244861,-7.231659511810223,-3.88659290637745,-10.169040224654003,-11.417185774738359,-5.710622949012337,2.550828532781626,0.8587387618883189,-9.46603293430896,-2.596092106568875,0.34307265344150206,-10.74189549085522,0.9256637155943093,16.294004717322345,2.4468787923704793,-8.012835576136316,2.40386085109874,-10.116537418436446,2.5892404081628477,-2.8470614604914175,0.6822084121996319,5.2073212003911555,5.81653226027764,-6.890644207311299,-2.6739691783339232,3.746614834556981,-9.82200282465145,-16.07502331340611,2.1586137564549794,-0.6422423055988817,-1.4874492946342661,-10.807767484263273,2.2589494788486206,4.088861813220333,-1.988623539564478,2.119111466812889,6.879859226381219,2.800675999053179,0.3448011436484508,-4.124138022574927,4.087676466136569,-1.3022762307326317,2.7204533170945266,5.913425188089,7.5594409832638245,-8.824389609841436,6.080726338664436,-9.323051876484177,2.220819245850622,1.403357786245901,4.5010808083385285,5.606870605294482,-3.1822685823760475,-14.964981100317827,0.1667379025987059,-2.648280852429494,-0.8630675116694952,7.23271169473319,-14.716169452923568,-2.989118289748225,-3.874441254349625,-7.4663946271589,-1.477905221403912,-14.16772238557876,-7.443081625322,1.2062803676159835,-10.560300197741167,-3.141021705508768,-3.300431258229907,-5.882724325907257,2.156829862359432,-4.149525572597877,-0.5810097101121112,-5.033472854833932,-10.62685194835696,-1.3015743345680928,-3.3740688822813265,-4.1492099198071895,-5.834713425098357,0.41337037811621746,-1.3672372815237988,-9.572967240357416,4.404024409341642
neuralNetworkClass 	class coursework.ExampleEvolutionaryAlgorithm
INITIALISATION 	RANDOM
SELECTION 	TOURNAMENT
CROSSOVER 	UNIFORM
MUTATION 	STANDARD
REPLACEMENT 	WORST
ACTIVATION 	TANH
COOLING_RATE 	9.000000000000001E-4
TEMPERATURE 	100000.0
TOURNAMENT_SIZE 	90
maxGene 	0.9999999999999999
minGene 	-0.9999999999999999
populationSize 	110
maxEvaluations 	20000
mutateRate 	0.95
mutateChange 	1.6500000000000004
seed 	1646684373006
random 	java.util.Random@3ada9e37
numHidden 	14
numGenes 	129
Training Set Training
Fitness 0.02713119119187226