3.453701840600317,-5.71169879567039,2.896658284720826,-15.727015096644887,-5.162695289554447,0.13565375230326815,7.148345249819926,10.26969591569806,1.7416842921473972,8.66879481815447,6.960007291941576,-20.80888458176573,8.564507356675957,-5.036494250864813,-7.722498999778727,-15.67063109529942,1.5158198965876508,-3.8258913476130854,-16.273292070710546,-9.206049901888612,-8.976941328952773,2.6148730210742377,17.038471602803103,-9.755417670225173,19.33285698754463,1.8967588834658642,-0.9070449220417931,-21.523007101272817,10.724719406260244,6.346191448017661,9.38032779632853,-5.86892955941053,13.674688781917059,4.952488090068808,5.616493870523576,0.07954648141049603,-0.48232513844126856,5.3979750580847465,5.031864128517702,1.2815165412515306,-1.0948401569328743,-1.330240251672766,9.31797574498784,-3.9512147519440797,15.840545997624263,5.134540845335261,-10.478941570969194,-0.025805972281215617,-14.152546522661241,-0.3722375470271002,5.663442599211248,-0.6902393530266551,-2.563174269094974,5.915840606344432,12.853002670611016,-2.591367344434138,5.486747935852801,-5.864886953267236,1.4576258950851608,3.5585265964106716,1.1844265917690482,12.343581925977745,2.2759923471388106,-12.164499779337717,6.552829226470886,3.541445269840107,17.427749729920585,11.795573073716628,-10.90497055990448,8.173830925675773,2.515464201910092,-7.952115327931645,12.637346217404232,4.424071636764679,0.32752324919193043,-4.333246473525797,11.587918483921769,4.038280469214216,2.655466082128216,-3.698835171949602,-5.649602240391118,5.491906180209531,-12.158988716000737,12.328896969891144,4.2929916242073,-7.433625751221371,8.247350317544285,-7.021341575089598,-0.3288620882250157,-5.251164722260967,-6.4339289539195565,-8.69271221072757,5.237632757140431,-5.2995287937216915,12.52537453334635,17.220233032026023,-0.35291221194240174,8.8087240669753,-16.142959141990033,2.362205140041371,-4.0778658817242235,5.546241204477082,9.458901429342225,-1.568931034872664,-13.703159932346846,-6.195753217685393,3.006369779596124,4.731706528756126,-1.461644118926646,-1.4995238206519534,8.82087960269381,-3.662238614764763,0.9708453569212745,-11.21827295611392,9.894875315107221,-6.382156242800871,-0.7136892187967154,-4.651492982322157,6.552299404939154,-2.841052726880397,4.224966487859567,-4.675823165964421,11.040316050681811,-10.66649985077578,-0.25663978077245453,-3.4265887593064477,2.452305597635827,3.0576480876842673,-6.738510101072372
neuralNetworkClass 	class coursework.ExampleEvolutionaryAlgorithm
INITIALISATION 	AUGMENTED
SELECTION 	TOURNAMENT
CROSSOVER 	TWO_POINT
MUTATION 	STANDARD
REPLACEMENT 	TOURNAMENT
ACTIVATION 	RELU
COOLING_RATE 	0.0011
TEMPERATURE 	100000.0
TOURNAMENT_SIZE 	90
maxGene 	3.0
minGene 	-3.0
populationSize 	110
maxEvaluations 	20000
mutateRate 	0.95
mutateChange 	1.6500000000000004
seed 	1646684373006
random 	java.util.Random@3ada9e37
numHidden 	14
numGenes 	129
Training Set Training
Fitness 0.026507023167501313