-3.210654599834891,-1.4073117638962387,9.459080546705568,10.91174462864667,14.045316458801713,0.8108731103766953,-5.3933493521787605,3.0267037055703288,-4.593765696118283,8.075100526503896,2.0086524578650113,-11.27150926112953,1.8626146065957494,15.340965122684011,2.501717596098004,6.5461771706343175,15.069353895005124,0.06842814076113868,-0.05529704446444761,-0.9200039745289832,3.373630139224824,1.1511231877963048,8.293975154015406,6.460213805312433,-14.46438447646597,-5.108414934424964,-9.487921839482782,2.5711586005003184,1.236326561365825,-15.254857963998479,9.066412084859433,4.755135483643851,3.1384171366878526,-11.038926534682608,-5.510214043262197,5.860574282219717,-4.275289690769553,-0.9070061243543961,2.9774416577879688,-2.214138417322766,6.785743343675598,3.2812812967179905,3.6353805443938123,-3.105080342411787,0.5115874414502652,-2.671268426690604,12.27255879873174,7.992702417959938,7.414688965183304,4.246475119838833,2.3447517240025944,3.898390432430153,-5.080539148545785,2.9905548842836263,2.3106214145865405,-17.208825059383827,9.250839274997734,-1.6095762928148112,3.950757734658618,-2.8378501267627776,0.6103993576255036,-8.155060034620655,-10.902794865333524,2.145778616855596,-3.0790537567902474,9.469592277280706,-0.315862279477396,-7.493416233215596,8.456549803466913,9.889027095261536,4.215387803780378,4.538669164884459,-3.9826607812772323,7.9158428204443805,0.020142335912096243,12.791729823266795,0.9600308009051517,3.5424369969802028,0.5266416798169091,6.544166147811012,1.262505471306505,-7.105421489746053,10.48431950179536,4.646099095886521
neuralNetworkClass 	class coursework.ExampleEvolutionaryAlgorithm
INITIALISATION 	AUGMENTED
SELECTION 	TOURNAMENT
CROSSOVER 	TWO_POINT
MUTATION 	STANDARD
REPLACEMENT 	TOURNAMENT
ACTIVATION 	RELU
COOLING_RATE 	0.0011
TEMPERATURE 	100000.0
TOURNAMENT_SIZE 	10
maxGene 	3.0
minGene 	-3.0
populationSize 	110
maxEvaluations 	20000
mutateRate 	0.95
mutateChange 	1.6500000000000004
seed 	1646684373006
random 	java.util.Random@3ada9e37
numHidden 	9
numGenes 	84
Training Set Training
Fitness 0.014211502115568268