-6.621887687943243,-7.411194092102822,5.758728177152065,-7.5508689636481865,-1.3123864554586602,-11.4495294787931,0.33481435903909684,5.737177118812273,-1.5959315164511239,-9.317050177795249,6.184759382364868,-6.65005540415693,-8.385872152769963,10.145607467455003,9.281049705792139,14.265800078055985,5.014301980645456,-5.4873261345980175,-10.864877760738137,-6.433674712115208,-6.548436802445149,0.802969260727231,1.584954499551241,-5.309641227683038,-17.080249178827017,6.773385494435415,10.598974568014695,9.942895725106906,-3.9876762839622026,-2.702426056428031,5.1676250534991865,-1.4718686329394846,-6.280347420526682,6.790036001485634,2.282189598367836,0.04277851923881837,-2.5286704936088285,-5.309393970239914,3.220361599662297,-4.632972278903839,-11.576012425783656,15.617875442015428,2.5889929455310234,2.7339672756556492,17.024131739429066,-2.7583013055547063,-22.409844889451293,-4.512643772464742,4.9761406048968215,4.024290060677512,-6.541536586839994,0.6097313891789691,-21.67218127265057,-9.505895813594012,10.910392386694962,-8.188490787935823,-7.7155403847525115,-3.678242057867527,7.888175016814349,-3.0079667089325017,-3.702280995510984,-3.862735500363234,-2.6618796418142185,2.3966834569733457,0.9043159180760156,-10.925007071537976,-6.271032301371832,-3.4366796282802046,0.8871003164038509,-1.911252579066499,0.4009006794339234,8.74478735198582,10.55481277620492,-2.350448776502544,13.661549535576635,-13.18751464167526,3.5132395271617582,13.40636468270181,8.952772237664854,-0.2626101457126637,-2.411601787167836,1.2436779836328116,10.241479554144005,3.250938185977873,-12.54574283481034,10.636417161135048,0.8996571456038192,-0.013712719323772049,-11.62403364242463,-3.6525525474178666,27.02748344409543,0.7608976452185914,15.368516055474482,15.727837624305392,4.78166999951288,-10.022383401308963,2.2102953974991646,-5.526466606603716,-19.463987042719424,3.284282950548925,-7.626152113377332,-7.685702087281378,3.1054453836575853,-1.615727359528222,4.206383486805517,-10.087581414180027,-3.1444496495469973,1.6484448467450923,-10.202098807053993,17.506828386191746,-3.4355826359723913,-9.975622094005164,8.723391934731023,-2.5887561374929184,5.4358922451667535,6.61401473337153,-5.389787120189924,-1.9286446241731383,5.116697119044495,11.298341170592977,-7.7693267495862735,5.949375671047328,8.904553703428979,6.171716163578479,-11.762766867616868,-1.8433993314090653,-1.4966308880060524,5.793231564067256,-11.560707718316312
neuralNetworkClass 	class coursework.ExampleEvolutionaryAlgorithm
INITIALISATION 	AUGMENTED
SELECTION 	RANDOM
CROSSOVER 	TWO_POINT
MUTATION 	STANDARD
REPLACEMENT 	TOURNAMENT
ACTIVATION 	RELU
COOLING_RATE 	0.0011
TEMPERATURE 	100000.0
TOURNAMENT_SIZE 	10
maxGene 	3.0
minGene 	-3.0
populationSize 	110
maxEvaluations 	20000
mutateRate 	0.95
mutateChange 	1.6500000000000004
seed 	1646684373006
random 	java.util.Random@3ada9e37
numHidden 	14
numGenes 	129
Training Set Training
Fitness 0.020905218540542066