-4.175280428922911,-14.463742453077643,12.169360138071392,-0.15453031181709953,12.694520612159462,-5.199569818415215,11.340764168839389,4.131302440017267,5.548711298975874,-6.182565371816192,-13.743563467560808,-10.625543505227972,-6.231483372024575,-2.9420167896445584,-10.152179586479676,3.432048284729099,-23.47908760685501,12.933520187780022,4.59128265399784,-3.8928808743321888,-11.180449619968266,-0.4158271725168943,3.0731116409688486,-4.954421364517675,-4.545026604321911,-2.371967720468848,-4.352980256970001,5.753578600293007,4.469744580281431,10.955881238675671,-13.03964354298396,7.580957952319952,-2.935340001705578,12.212911472367725,-0.5954614762881274,-1.0574266446500609,-8.379738608211813,-2.696108766987619,-14.23800085406282,-2.236997970747047,18.253410581095274,9.040668140346948,-7.4737446294244005,8.281272632993211,-7.8982622952367105,20.37081337092031,-0.9365099482300545,-8.509044346335875,-9.410681018954271,-0.6163649216188114,-0.6866598183560679,-14.232885520904725,-3.175012162340515,4.084710655475955,2.3933825689911874,3.8452892266824374,9.020230283897664,5.512511239707457,-1.8238970024183345,-12.031140392953237,9.536662630504015,-0.6093909129611923,8.14893182611938,-7.89019572995884,9.433634862819293,8.966386168571233,-4.452772319742296,-13.455955641741996,8.83455213186554,-3.1679190857498742,5.666884817323918,-2.9737666136566565,0.6160513631738498,8.756430074787398,-11.082460175827213,-11.489975225236991,-7.352780628577726,0.3250901883977475,-2.4308522638392223,-8.051476787560134,6.266583186160489,-10.254560652831048,-7.076004171661266,3.6357951492027567,2.2826525536365327,-4.283715203325353,-8.83698049344362,-0.18601277075531186,5.06933850020752,-2.1045763405196407,12.76958195609311,-17.628227871184144,-13.449376522572694,4.517924894256547,13.075677220455725,11.548515939512379,12.37939882456962,-8.174577188122726,1.5048092822550636,16.034728319858807,-2.186560706171229,4.761635174080464,0.2026029689949933,-0.12696697966154957,7.8770256328736945,-0.37825968914425223,2.8504930421819097,10.665066513787227,1.1697756300436826,6.5631672732674105,2.4996381789459994,-2.8716168709352647,0.49479176450095164,7.192781338934305,-12.95849588502509,7.07361942039369,2.226277700141237,10.940359889181584,10.398353197856816,-2.3141594495044355,4.5723250798931065,-12.289316497100057,-0.8788206774489082,5.245163212913901,12.111618280174621,3.8764858992026046,-0.5755797487072805,-5.039575322968556,7.493351371187652
neuralNetworkClass 	class coursework.ExampleEvolutionaryAlgorithm
INITIALISATION 	RANDOM
SELECTION 	TOURNAMENT
CROSSOVER 	UNIFORM
MUTATION 	STANDARD
REPLACEMENT 	WORST
ACTIVATION 	ELU
COOLING_RATE 	0.0011
TEMPERATURE 	100000.0
TOURNAMENT_SIZE 	90
maxGene 	3.0
minGene 	-3.0
populationSize 	110
maxEvaluations 	20000
mutateRate 	0.95
mutateChange 	1.6500000000000004
seed 	1646684373006
random 	java.util.Random@3ada9e37
numHidden 	14
numGenes 	129
Training Set Training
Fitness 0.05688492246139607