-0.4029463478137032,-9.654253330953507,4.188083059863807,2.4249020531343444,-8.586750129235892,-10.112719722571265,-5.85119812422648,-23.60069509897056,2.0943518409564774,2.573655551829692,5.689457655491994,-0.4258299677493751,-0.7489884102926148,-5.114514798894099,-4.949642170028238,6.873388517677293,-10.000708660248966,-10.474107917296445,1.4715227289885568,12.472799939540906,-6.627687814561931,5.63888851583092,-1.3773051449975808,-7.754691041836889,-6.647362488265788,-9.455913323841031,-18.71305820634918,1.6592004435069576,-3.9013472688929323,2.3997982052725373,-11.002406196114993,13.804129388409995,-8.833375404561957,-4.823876377852875,2.917242070622704,-16.352622786440257,-10.472917381776561,-4.530322512658619,11.373856969957409,-2.9689922295420086,-0.9616917312521052,-0.9335512473365668,-4.401372315356107,19.62393030358661,2.010968571166168,0.47087046037250957,-5.169265304336932,8.44637129750593,8.065412366888031,-11.143551193079574,11.98225784769123,-1.1630091954496393,12.33962137254447,-4.401951261004603,4.110883587865173,1.1373233314378748,-2.3025813232407817,12.455651456463771,-7.27727814138178,5.715241154059482,10.334037053923826,3.026123726024343,-8.016006771337455,4.393937880687222,1.7124037023561165,9.596625891550687,-11.251654459378527,12.179177249070246,-9.584888503064581,-19.910182620001578,-0.6411639687120063,-1.810988047533677,-8.432680962405076,6.8491008818851835,2.831492388217569,2.300379974939837,-14.86194273901998,2.1314486914235324,-5.10879842160312,-2.0025152238942354,2.552048875450901,0.14578887884167369,-7.157696143852174,-0.36046957548031244,3.1912454685894485,-8.326614218973287,-1.3053301797936783,9.178461729524631,-0.5497030573229669,4.055128368624779,1.1287939657537551,4.279545070386087,4.717223380002547,3.642668912272587,-7.768966569580651,-4.536862704979097,8.412605846160263,-9.059383856000629,4.382840430434185,1.1495910230248647,-0.5223420714374791,0.792567972781967,3.2231768050319687,0.7302869883054122,-2.9972043421869348,-10.09778592005178,9.74579667319337,4.552869751930883,14.175654028968658,3.250044578380701,4.477459247439679,0.8940015871094813,-13.895288917685512,-8.738384008391881,9.556529745937357,6.201832693398354,2.8237847063443784,2.5003134991384286,15.22879831524063,-17.434058255085894,3.504752206078276,-12.65977975098686,2.0751977482244044,-6.29664158016978,-0.3074846564449336,9.985216483361063,3.698626372662668,0.5701886669197735,8.345719078757002
neuralNetworkClass 	class coursework.ExampleEvolutionaryAlgorithm
INITIALISATION 	AUGMENTED
SELECTION 	ROULETTE
CROSSOVER 	TWO_POINT
MUTATION 	STANDARD
REPLACEMENT 	TOURNAMENT
ACTIVATION 	RELU
COOLING_RATE 	0.0011
TEMPERATURE 	100000.0
TOURNAMENT_SIZE 	10
maxGene 	3.0
minGene 	-3.0
populationSize 	110
maxEvaluations 	20000
mutateRate 	0.95
mutateChange 	1.6500000000000004
seed 	1646684373006
random 	java.util.Random@3ada9e37
numHidden 	14
numGenes 	129
Training Set Training
Fitness 0.043903989315068045