5.883023567032199,13.036427954693414,4.201606215089959,10.941884319348324,0.9512445441455855,-5.882984660900363,-8.932134796279207,-9.078763232856327,-7.937252665729835,-9.863213451905667,-7.761646638557908,1.9888918026535762,7.310200894950535,10.758822214106027,8.359144921445614,4.271400641454429,2.349528114952795,1.3139582781399533,-6.916189635047181,9.756661052054064,7.65199294345298,4.538744571132314,13.859192214893225,-3.838151038936024,3.068102003679705,2.9470109587449826,-2.3779262239298653,-1.4211891639622198,-12.627332519305558,-6.8521563366563525,4.43253204263149,10.636479120210089,6.626395681273335,10.954419085547956,-13.307963789887463,-7.29223631710671,-9.382119312285237,8.522282850883776,8.92911572044605,1.5387651153136979,15.590898453708991,13.76229745767016,-13.917313094648426,-10.658956855398852,6.765410926367496,15.04262987706749,-2.377103493069507,8.363066813172534,3.8767080461667316,-8.07421427875172,-1.4783989622751692,-19.605138351966936,3.7356276729258795,8.830838373425667,-21.880627502741916,-3.5897388605916927,-9.846187961420041,-4.182355689838077,-5.416820662309814,10.214059917382068,-8.968525061896841,-6.791026605913935,-1.291335426745868,-10.163243705974526,0.5711654655992549,-9.901875170172652,-14.406797427782724,-0.6925374943261691,-5.490464100985841,-4.66625746102954,7.390686585514251,5.535952939610464,5.450130982398149,-0.5698225394575562,12.156260157549204,-2.352290430083663,3.3837372208123533,-16.82910481358634,10.998974666321487,-1.6087858604184229,3.248840196989673,14.254057129853194,1.7826192091663087,6.3246303665111085,-2.1867407876159337,5.473552333458223,-3.6502650498287466,-17.010594019638198,-13.500958815327685,-7.3646070473235685,4.54109253462596,-0.5587822478830056,-0.32378885679975067,26.32852943031977,-13.557325768627583,12.534072666541414,8.61699386981459,2.6007804981785547,1.5144720098204534,-1.1087315039623817,-4.019363609507569,-8.865285069205669,5.940175026004173,1.0973077099782556,11.889975027242544,-0.5250378578959856,4.234086693693227,3.507750879793989,-7.785590797455032,1.777567883875717,-1.0486217287039832,9.999383437280645,-0.5600429528689101,2.633656538768406,12.770049573857001,-6.979037264075409,2.3355853779855433,-2.43620543855831,3.597734995600068,3.905202537684535,18.11602145570418,1.4860994762765145,-12.146243812643027,4.515541356970999,-15.245230414360881,-1.4697304516590615,10.186591309610048,13.62663302640368,-1.732929245500653
neuralNetworkClass 	class coursework.ExampleEvolutionaryAlgorithm
INITIALISATION 	OPPOSITION
SELECTION 	TOURNAMENT
CROSSOVER 	UNIFORM
MUTATION 	STANDARD
REPLACEMENT 	TOURNAMENT
ACTIVATION 	RELU
COOLING_RATE 	0.0011
TEMPERATURE 	100000.0
TOURNAMENT_SIZE 	90
maxGene 	3.0
minGene 	-3.0
populationSize 	110
maxEvaluations 	20000
mutateRate 	0.95
mutateChange 	1.6500000000000004
seed 	1646684373006
random 	java.util.Random@3ada9e37
numHidden 	14
numGenes 	129
Training Set Training
Fitness 0.018077650880711373