-3.712088487368076,-1.4263870453061713,3.530085057706879,-3.745111113781732,-9.160463237447606,3.0942499699291606,-14.702927432991258,10.228622882375092,-2.2086291065530963,-8.105639993392892,8.51139371532684,-3.7961621919286266,-7.236954673879515,0.15419903412383285,16.061815909503792,-11.40132586859437,11.561929346466375,2.6634372718809054,-1.1037485896857824,-11.99664437927196,5.580454473414993,-5.1842954696013805,-10.791022147610525,-0.5518867248240431,-1.9127950212066418,-4.209400931651778,6.620814026371297,15.545212883555577,-8.695023735611397,-9.597015633702057,-3.5727141925622634,4.227681231493252,9.392046858880207,-4.68068621362864,-4.968382434288975,2.845999067941877,7.25346067475156,4.898152382183696,-12.99132125380883,4.660198906839463,-7.592841693999384,-7.093019481400651,-2.437187411134067,4.128479641129614,13.615348326904249,-8.45020942060002,1.9967710442825854,-3.6553816032651456,5.664550938428699,-5.840093876072965,-2.69922227980023,3.8151373585388964,0.48829791275638357,9.819877868571195,3.3500362205386374,15.59334961063603,-5.675483005355932,18.665231013904013,17.61579781677919,-7.748917428457127,5.385175744520652,5.3112600611787055,-6.550598277067289,-19.479948390143058,-4.061191641696425,-8.78800927950434,-0.5595048971766374,7.073521492732842,-16.882905018672474,-0.882150842028925,1.2799389620603527,-2.704924891669611,12.104708415490697,8.143500147636603,-9.575298673919537,-0.3550302262642804,-21.042806914663586,-3.960260079292631,0.16633826898734494,6.085743591855593,-9.385314601499521,-9.46675131693424,-4.653542952121827,-0.8326016740361579,-12.010167314094925,8.905430931422277,-6.90814438435062,-6.651338661507777,-0.29368562714861923,-8.723505720122485,2.6588271513772526,0.8445001251678574,2.9999161489283974,4.343337544567349,2.5804176901130162,-7.4587655900614305,2.817154867752844,-0.5102575061925316,10.702218366851058,5.859262829108927,-3.793001640643821,-7.6552156614515745,-4.6284252870246245,3.869593745920236,-10.900728022727755,-5.1897011907954305,8.961888390258249,-10.965960876831579,13.498888773960255,14.410664516717015,-5.43201308333989,-7.95989271920665,-0.20191014532006513,-2.6119177486349283,-7.699668455434587,2.340296717484833,-15.73057368641258,1.6739540878530743,22.485131972823318,-1.2683322443028668,-5.599738551394185,0.21188687474406898,2.2442312306391434,0.07524129624405873,19.065118286079013,11.090267605644865,5.532923625864832,1.0559445312676425,-3.944753422566338
neuralNetworkClass 	class coursework.ExampleEvolutionaryAlgorithm
INITIALISATION 	RANDOM
SELECTION 	TOURNAMENT
CROSSOVER 	UNIFORM
MUTATION 	STANDARD
REPLACEMENT 	TOURNAMENT
ACTIVATION 	RELU
COOLING_RATE 	0.0011
TEMPERATURE 	100000.0
TOURNAMENT_SIZE 	90
maxGene 	3.0
minGene 	-3.0
populationSize 	110
maxEvaluations 	20000
mutateRate 	0.95
mutateChange 	1.6500000000000004
seed 	1646684373006
random 	java.util.Random@3ada9e37
numHidden 	14
numGenes 	129
Training Set Training
Fitness 0.059046036826516754