1.9876032624035798,-4.854524846174124,-0.136527916394253,-2.165040854942028,-7.041738865011574,5.672075045600678,-6.578784091772529,-3.934022895000502,6.3422817362494905,-1.77658035094976,-10.651023472307706,-7.650842330049572,9.941690980332305,4.783911249282364,3.994313245483604,2.6120847887241574,-7.14280015946353,-5.800721351689376,3.205772980802834,-2.171592530196654,3.428655621644344,-0.41937585452570847,5.7086260723296505,2.9258815505229308,-5.843537774524676,5.793486000427427,-10.567250905185746,-7.098668627147029,-9.231328033315654,-3.7607525371167205,-4.364670664980432,-0.15027739590366718,-1.0918315082367602,8.362079556672292,10.895116124868254,0.0038403760004372955,4.039084928861423,-3.3908777823433436,-6.266850683077226,-2.7074977098124817,3.588036406757521,3.2098084678906913,-5.990401718059168,1.6486706112598473,4.151725373558769,-0.8962509927395308,16.641934591554374,-2.508540610150365,3.3974212892400852,-5.390536567461373,0.13558397756731222,-0.06198989202979721,-1.838191150063932,2.0335320471978564,-3.3445329636835117,-1.4462071979916988,0.32212490071449373,3.0509120887472587,9.43925327908433,1.121410685800102,4.917391313654902,-3.76012702838411,-3.7602461415921162,-5.776886268171099,2.829871957752628,2.5130914483172146,2.1327576595791937,4.664756389058576,0.12237303590833593,-0.806490964002113,-1.2196942716878838,1.446073804175116,-3.3310226909939633,-12.805517928739814,1.188826977830849,0.5381400757978065,7.341958529866334,-1.3417917661852057,8.582914656953797,3.537411827211143,0.589413529741857,-0.5861230204137478,7.386532218015104,3.412386221006356,-5.286009423105001,12.899839919680021,3.268309821549378,-5.041837773231115,-3.3684924233375986,-3.55922825594776,6.77945541239139,-2.603922868808853,-7.349754745938729,0.2831871323767312,2.290959083252715,0.6715509191438134,-2.9995093176801886,4.3380717973994685,11.624128830163276,4.663410651136093,2.559972237339567,-1.725199287542539,0.3084816088689095,-10.499904532310929,-4.551389264305056,-5.242151956120666,3.3621490492110997,-0.4059700455908768,0.3696153202962189,-1.1822685232072336,-0.58138374690735,-2.3057590186240873,7.38428110315035,2.8025635153411557,-6.761707472670617,1.6489526723855112,-4.071168719552056,7.004096062652572,1.3306271114376136,3.383697502968298,3.764260667890123,0.8588183029540382,4.002227134604994,2.5272029306751715,0.8762242867942263,-7.385419471497276,-0.7510939597942272,-1.5611399762736795,-3.7175101661829766
neuralNetworkClass 	class coursework.ExampleEvolutionaryAlgorithm
INITIALISATION 	RANDOM
SELECTION 	TOURNAMENT
CROSSOVER 	UNIFORM
MUTATION 	STANDARD
REPLACEMENT 	WORST
ACTIVATION 	TANH
COOLING_RATE 	0.0011
TEMPERATURE 	100000.0
TOURNAMENT_SIZE 	90
maxGene 	0.8999999999999999
minGene 	-0.8999999999999999
populationSize 	110
maxEvaluations 	20000
mutateRate 	0.95
mutateChange 	1.6500000000000004
seed 	1646684373006
random 	java.util.Random@3ada9e37
numHidden 	14
numGenes 	129
Training Set Training
Fitness 0.021020537534930578