-4.4212418421017095,-10.008083449788968,1.4554004760774237,4.2192750432710815,0.7839940245259314,4.341580377101868,6.235450021984021,-8.230324008474888,-11.663489233739185,-16.275435280379803,-11.539661584148467,7.623691470253856,1.8236717045602928,19.67197011357368,-9.90166142248763,6.875810159891165,-11.842265438142798,-21.597060449647685,7.926930698971049,-3.8245809414053387,10.983272874789199,8.427780092607883,-3.0236349665822564,-0.45534213542434543,18.5845984477899,-20.74586578391392,-2.548924938476816,26.87208859513332,-8.735196022842986,11.009908852916878,8.362085233652065,12.593603945071878,-13.874534379244674,-6.524030596462447,3.229726758440231,-1.2469621975594327,-15.579031694365893,-8.81160135938071,0.17003789700992833,-7.780956352133771,1.9162474119951032,17.478294953596915,15.632825963059457,2.2096285410719574,-4.126881970816509,-17.71373102938753,-3.268206231636192,-0.2947849994387166,10.94382732060676,-6.63489292662007,-10.640433105578454,19.53663490854322,4.5825611799048005,3.4584111450345247,4.776190768204675,-3.539212768279926,11.621040516328405,0.979411181974247,4.5870739928337185,7.19957572868686,-12.241488585881616,1.2795245784876998,5.8339003895822845,1.3776642551359783,3.7303652052925003,6.9222578338010425,-0.9500813074233854,-10.581797881995094,11.13197104594378,-3.0974503006298137,0.16825240002576258,3.7458306306402385,5.5887303980932685,3.915682301147296,-1.5376404958072136,-14.616843382654784,-5.057773368121234,3.0021355220439823,3.4595079319833575,5.439107745149068,5.292075890901343,-9.54657291020005,-6.922266607693308,4.275136099308943,7.703854621656211,19.465300587921895,11.098326164322684,-16.058573950562167,-10.325121934576538,-4.972427846962494,0.09623376963391994,5.647149261813588,-9.736071889297861,19.255948537420885,-16.06800535456827,-3.6549506939040075,-15.411674991333845,10.232796901704765,9.251272170852838,16.408492433543152,-2.889436552198277,10.87010107236154,-4.083622546129833,-4.0441306417531795,7.73821602506335,-4.784147330550555,-6.472256155691573,-3.296620708702461,-13.242529057819905,-3.001803827227363,-3.8860319802924277,-1.027882014765627,11.659450793526647,-8.947834222324882,3.001973771211671,6.835325636106537,20.87698763942882,8.641768456148112,4.4074590626000205,10.643827597924439,27.30428668530468,-8.557712363396998,-14.256581712603515,12.129888516137866,-3.3732527669396246,12.91207164491427,0.5866387498117618,1.6275472984112431,-12.414284565988321
neuralNetworkClass 	class coursework.ExampleEvolutionaryAlgorithm
INITIALISATION 	AUGMENTED
SELECTION 	RANDOM
CROSSOVER 	TWO_POINT
MUTATION 	STANDARD
REPLACEMENT 	TOURNAMENT
ACTIVATION 	RELU
COOLING_RATE 	0.0011
TEMPERATURE 	100000.0
TOURNAMENT_SIZE 	10
maxGene 	3.0
minGene 	-3.0
populationSize 	110
maxEvaluations 	20000
mutateRate 	0.95
mutateChange 	1.6500000000000004
seed 	1646684373006
random 	java.util.Random@3ada9e37
numHidden 	14
numGenes 	129
Training Set Training
Fitness 0.015252346616324302