8.447480199948682,-0.01953248448609335,-1.4238173342665212,9.70642682220325,5.015291362740827,9.883613091813649,0.09476366245089629,-6.563394699183559,-4.9040492349017555,0.02175566757907177,1.3956914599732562,-3.2937439224073324,1.5380319406165608,-1.4733221109998236,-10.091169380535177,-1.5073508201282255,3.1579493771928906,0.21422648014542744,9.823347449853674,-6.393638552502017,3.519581699758545,0.09249333371788104,-0.14725088918373874,3.0829257929636773,6.891933357266598,-5.207142169832404,10.075260454320391,-1.8003054555476947,6.352626767131847,-6.411100932990189,6.797310899535345,5.080874898689144,-8.030335117656957,6.456272292873425,-6.613072955735166,3.5011548768952654,1.8773030070176464,-6.816519722579538,-0.10840015806514991,4.86454972062567,-1.9359832856033439,1.819055507770754,1.8417192950945789,3.2200590334531585,0.06145164273614645,1.5350060510957242,-3.0540577690309476,-8.27056356866798,-3.5371112345331603,-3.2505372097101235,-11.741117226673758,6.724833907975884,6.758157785886214,-6.316697344310635,1.7942883904962645,-10.114705418749583,3.249079322581432,-4.673892385933506,1.5683875702398158,-6.528972165471663,8.055415219548056,-1.693844352050923,-6.761630857623432,-9.866887608000868,1.9359545438037156,1.947225743097099,1.4499761263428717,-6.486266639282046,-0.2672384380289774,-3.4981654370202513,-6.8740291131995,8.21827043344847,1.3987600624700889,-5.173891043833624,6.713751538984203,-0.024484645787573367,-9.760272748929905,-3.0441660903458274,-0.03432688999487343,-1.3939924093419318,1.441418413750771,9.956301735976817,-3.450349746672468,3.590938246825221,10.160942400257268,3.000424198876412,1.3803920821250069,0.2752830412341787,8.538656125070958,3.4301550754864794,4.673142627859153,-8.301213821921824,6.782744970401694,-1.9243931590733148,-3.447925623949721,-0.1728720698622226,-1.5566959451152789,-1.8056691501189135,-1.4054946046604728,16.40306965039381,-3.523865740728951,-3.24993349104703,-1.4901158556171197,-8.446419372094955,1.7986148436908231,-3.4741492944793313,5.189009622131469,3.5739127573399054,3.2609132918287065,6.860714925537531,-1.8857723353362807,1.7632991386117238,0.045441254007670295,1.4122830796898116,-1.7046320948170557,-16.59058566667146,5.215863992039742,-8.370580433414435,0.28895917489849055,1.5599445301317365,-8.185880911146972,-3.480337845029716,6.369784664406973,4.879577037018281,-6.600201240206365,-1.8344886755991459,8.454111522965965,1.5694291899501582,-0.10910164631295816
neuralNetworkClass 	class coursework.ExampleEvolutionaryAlgorithm
INITIALISATION 	RANDOM
SELECTION 	TOURNAMENT
CROSSOVER 	UNIFORM
MUTATION 	STANDARD
REPLACEMENT 	WORST
ACTIVATION 	TANH
COOLING_RATE 	0.0011
TEMPERATURE 	100000.0
TOURNAMENT_SIZE 	90
maxGene 	0.30000000000000004
minGene 	-0.30000000000000004
populationSize 	110
maxEvaluations 	20000
mutateRate 	0.95
mutateChange 	1.6500000000000004
seed 	1646684373006
random 	java.util.Random@3ada9e37
numHidden 	14
numGenes 	129
Training Set Training
Fitness 0.01941471027343366