-2.5595130029707267,0.3420560328393396,-7.823494091816183,11.051879289345719,-3.8280372578159154,-10.807925213595867,1.4016743834127547,-7.420547073645915,-12.430410201759242,2.2008951785423916,-7.074728425247761,-11.620146819021018,4.945854036922466,-0.8753009976145689,8.43825597597744,8.09433907894798,5.087492466495986,2.3540863293758303,15.579951189095523,-5.649544212797149,10.195559144485241,4.115515334012793,4.601187558301437,-0.1408652603908518,-14.517990892777437,8.141641139108875,3.091657622488407,0.8419528348197893,5.441024296013158,4.68043795886071,-0.7343128758696906,10.835975726972553,8.930885446081724,-11.491306639646606,-1.1005485466690121,5.200562067260504,2.6322710717507096,-3.77633391015806,2.273995424810354,-13.360040696221057,-0.9085570962318386,6.007402032271903,8.902242242173264,-0.192524867147446,-3.4881444519069214,-5.708594045426755,14.304506202647342,2.421460993410383,4.725305994699177,-3.5049296488648594,-0.7041490687915433,-2.249702151282352,-13.896183166054191,8.619464787975538,2.5099638944856544,7.663026896857267,10.11602513014852,-1.7012067932634318,9.008045860435354,-0.8557778097541409,-4.063072844816132,3.9950296013235036,-1.692458683665536,-9.013846522017408,9.237407182052142,-2.4830549957854764,-3.6856346826271835,-4.551757590128698,-16.18994360149459,11.302942783154613,-1.196390510309758,-14.08673240293778,10.580366946023858,14.727821305632308,-0.4824620348626447,-0.9782730189313429,6.757463198961188,1.4767874293629415,6.386012641922912,-1.669780628585702,2.3961112786626835,-8.524254044429494,-8.726684906052967,4.166660276312305,-0.9781744132370047,7.5750947112075195,2.7666603476598643,-3.70539999765319,-3.1365309374089083,-12.44504320705187,-5.954473825026975,1.9008650639698876,3.192823024332368,-4.597014223770758,-2.292750350179979,7.1851974899631195,3.038178819009434,10.161581896448867,13.823170603619669,-8.992480758866236,10.119083132314978,-0.6004392856764857,5.910929738179776,-3.812097580242124,-4.658052953300077,-4.165980668341387,-4.267641920270221,-1.3437210546554361,7.4513047418068545,-13.688652811729236,9.162720995942871,5.913376578630441,2.649089658608455,7.252032868831344,-0.6240899203375072,-0.8086792381442667,-10.225629592394874,1.7721209480476077,-4.748497830612188,9.791796539544697,-1.4214312246262786,-5.935124448395513,0.933435180664631,2.5316150352829005,3.7862606902816194,-2.390588799250148,-7.493623318696699,8.78998528538678,4.899237291635428
neuralNetworkClass 	class coursework.ExampleEvolutionaryAlgorithm
INITIALISATION 	RANDOM
SELECTION 	TOURNAMENT
CROSSOVER 	UNIFORM
MUTATION 	STANDARD
REPLACEMENT 	WORST
ACTIVATION 	TANH
COOLING_RATE 	9.000000000000001E-4
TEMPERATURE 	100000.0
TOURNAMENT_SIZE 	90
maxGene 	0.9999999999999999
minGene 	-0.9999999999999999
populationSize 	110
maxEvaluations 	20000
mutateRate 	0.95
mutateChange 	1.6500000000000004
seed 	1646684373006
random 	java.util.Random@3ada9e37
numHidden 	14
numGenes 	129
Training Set Training
Fitness 0.016174406552028474