0.31306071422310744,0.901565725172166,-2.6070681068425525,0.3128110104601127,-0.45694246987781906,0.7182961738614244,-2.573049657867567,1.3934504809670587,1.1355463600331142,2.414668832000875,-0.35421221548206727,2.9342247052734773,2.6299769349383793,-2.573049657867567,2.8719296901114033,-1.844486492866054,-1.461360486706216,0.6063009725824178,-0.5878462776712725,-1.9079256059448135,-0.3316498320349801,2.289135433834039,0.24650320657087965,-2.905195815960572,2.8766452139919982,-1.844486492866054,0.1023257293423887,0.8807557324178883,-1.0217539865287781,0.6550157971989758,-2.905195815960572,-1.5067019614087853,1.2233914842730904,-1.7344165229040918,1.3354304648169242,0.02361395734355387,-1.8363596887817875,-2.7013843894882363,-1.0271377801346848,-2.5664100921761333,-1.1580490649964967,-0.44647148984989915,2.253257895389922,-1.9064191628299028,2.913086002896259,-2.4968639068050855,-1.7273394466866654,-2.877782726638243,2.289135433834039,-1.4394383569593574,-2.7056850324457793,-0.4074838134641614,0.99706702450134,0.901565725172166,-0.24179474466104667,2.253257895389922,2.1645173153979034,-2.7103437721441708,1.8862847983203839,1.5437520330804606,2.9342247052734773,0.20825323424873332,2.0915245457208815,-2.999962138109427,1.0667119345028855,0.32647657360599425,-0.6514560661010318,-2.094407688046794,-2.3034499385307026,-2.573049657867567,-2.6563478652845074,-2.194415206584396,0.31644977332568747,-0.20627463868027984,-0.4644437908597232,-2.0015867639254923,1.2336363913399468,0.1023257293423887,-2.9768058970083136,-2.8003136836401317,-1.1337968928034916,-2.094407688046794,2.063206427882826,-0.42185135152882225,-0.5940395919898824,-1.844486492866054,0.9178638697232864,-0.1785838794690191,2.414668832000875,1.7895102997164773,-2.657163985868109,-1.461360486706216,0.2743003933269428,-0.48292723779350677,-0.06995265030900688,-1.5980754062839055,1.1225197256876065,-0.19651559452431488,-1.886214532283197,-0.0766320809131571,-2.6070681068425525,1.2435712799092062,-2.5705690074934835,-2.0082167393413135,2.680057987217234,0.8129226229751518,1.1261571698334398,0.7943212849076509,-2.276924429060214,-1.0882929409101634,-1.1580490649964967,1.9442588450202,-2.691768327036546,-2.5530342200328673,-1.0882929409101634,-1.292316036128356,0.856848981474303,-1.7068060793430848,-0.9314351621529662,-0.42185135152882225,2.156595443462834,-2.905195815960572,1.4427598940897752,-2.7103437721441708,-2.0108826268845563,-1.06134179765845,-0.6877758569397319,0.1479638883334795,-2.5847261741903815
neuralNetworkClass 	class coursework.ExampleEvolutionaryAlgorithm
INITIALISATION 	RANDOM
SELECTION 	TOURNAMENT
CROSSOVER 	UNIFORM
MUTATION 	ANNEALING
REPLACEMENT 	WORST
ACTIVATION 	TANH
COOLING_RATE 	0.0011
TEMPERATURE 	100000.0
TOURNAMENT_SIZE 	90
maxGene 	3.0
minGene 	-3.0
populationSize 	110
maxEvaluations 	20000
mutateRate 	0.95
mutateChange 	1.6500000000000004
seed 	1646684373006
random 	java.util.Random@3ada9e37
numHidden 	14
numGenes 	129
Training Set Training
Fitness 0.09500242403171424