-9.565078903389987,2.6975663021692524,-0.8826388465571968,4.625858799041691,-11.580494007245438,1.364890511465724,-0.3048899441901982,7.033246939392502,-2.2547794117977285,2.2500634483576345,7.808301158546972,2.8033789459756946,-5.560274300157118,1.00160974453964,0.9741165133758898,-2.7813375987292064,2.793316401111926,-1.2858997955300797,-2.320683050319813,5.426463890304688,-2.6679779768836056,-2.83603008001739,-0.5381562036442507,7.234808780806222,-12.018891363217676,14.720308205199654,-0.06085707369843529,-7.481775106340928,-8.584493005624601,-4.390927724860749,-1.3853104440649346,7.18308573872037,-10.277017622013696,-0.21464583310189722,3.992244665801911,-0.0632738144346563,4.122660543789901,-12.468003821161252,7.16291975106639,2.3870277438591883,-0.16417600287205492,10.654027773688417,-8.09683136596902,-2.480906360409236,6.297683651230404,-7.122935985297773,2.1823805303867774,-4.646948879018717,-4.121866120054622,-3.966019133881475,-5.823213388763331,-14.168053369393363,6.646291988671686,0.9378518743287962,2.4719463822663723,-1.6788834453755586,-1.4820778877790453,-6.559694343780467,0.8091210736859233,2.8703393721132624,-2.733362225257837,-0.0868679033295825,-0.8086059769156133,10.647498008331679,-0.5909220090088807,13.317139357560109,0.9134385088446484,-5.00259801117202,-5.908953845668119,1.3359363050595778,-6.035612417725803,-5.188158469315406,3.105896644508001,3.4034824624251865,6.026299184264108,3.516866237671528,-2.131744432232365,11.042926453414832,0.7512647777514552,3.940705220349737,-6.954546601072314,0.5604185464479308,10.748250482161522,0.17066528298779993,-0.4841518904561788,0.6512603426175083,5.346309416749451,-1.4102342561645234,2.7275125287384165,-4.273076943659405,5.0238512916621945,1.603793556719384,4.2725574188677955,7.310139878543918,0.10419924512341794,1.87687843133424,-3.6283429497063704,-0.07855197771991485,0.7157149730223109,6.988615438821734,-7.7698569922652885,5.594229829147283,-8.09968413404399,-6.991819140600583,9.581327849492038,0.006471357587985338,0.32725807287528763,-3.699190630216439,3.1245161995060204,0.7561336086379633,-2.4203956352823885,13.9894246659541,3.794459741742738,-1.26680343032631,11.828842975373068,2.6391347447284135,1.8158077012936609,6.555115053150219,-4.451329162971297,3.414725282863574,3.4004016376705213,2.5335922154326953,-0.3579986446590864,-6.268789340343483,-6.712937882765376,-4.620748401643048,11.565803802249057,-6.4750845508441754,1.1028080103680091
neuralNetworkClass 	class coursework.ExampleEvolutionaryAlgorithm
INITIALISATION 	RANDOM
SELECTION 	TOURNAMENT
CROSSOVER 	UNIFORM
MUTATION 	STANDARD
REPLACEMENT 	TOURNAMENT
ACTIVATION 	RELU
COOLING_RATE 	0.0011
TEMPERATURE 	100000.0
TOURNAMENT_SIZE 	90
maxGene 	3.0
minGene 	-3.0
populationSize 	110
maxEvaluations 	20000
mutateRate 	0.95
mutateChange 	1.6500000000000004
seed 	1646684373006
random 	java.util.Random@3ada9e37
numHidden 	14
numGenes 	129
Training Set Training
Fitness 0.10409334596857367