17.356008982334842,-2.7261382640278526,8.99248006100191,10.7654210689327,-13.094492087973315,0.8558899702885485,0.0949486669334565,0.9023579944987814,-10.84868851624014,11.188726353691484,-5.058557276073596,12.440111343725173,9.718187524035413,-1.9499270557873114,12.31839756415176,5.562301954594678,3.506656894098021,2.603648324398507,-1.9933214582072374,3.5237220048572517,-5.440030747712231,-6.486395606119375,1.8272939788843976,-6.997912714721602,-2.038304164527334,14.405659356186495,5.335054706165141,-12.124690242550269,-2.2100945415262965,-4.280046717938292,5.204698250741535,1.4675366653198871,4.137870522798443,-9.731005740350179,-5.218268336178479,0.11931722272993106,-12.867261543351471,-9.430079775837498,-8.364520616729084,-2.563135782625128,0.3425832427024744,0.46366250042995016,11.954560417392248,-17.037511907076997,1.3587411981302884,0.8644553642393547,-5.884750177672546,-5.667108559584436,2.6743164454290183,2.201496271216934,8.83091553222774,1.4041183242263386,-8.248773377081807,-10.279579850498491,-5.4440434378935265,11.021566841470044,5.927143412718835,1.5056108973963234,1.8204019910603417,6.100578137112642,-5.789832084846238,0.9152315555829063,-9.088435995331045,-8.792273583623361,-9.006935089272265,-2.3107838155012246
neuralNetworkClass 	class coursework.ExampleEvolutionaryAlgorithm
INITIALISATION 	AUGMENTED
SELECTION 	TOURNAMENT
CROSSOVER 	TWO_POINT
MUTATION 	STANDARD
REPLACEMENT 	TOURNAMENT
ACTIVATION 	RELU
COOLING_RATE 	0.0011
TEMPERATURE 	100000.0
TOURNAMENT_SIZE 	10
maxGene 	3.0
minGene 	-3.0
populationSize 	110
maxEvaluations 	20000
mutateRate 	0.95
mutateChange 	1.6500000000000004
seed 	1646684373006
random 	java.util.Random@3ada9e37
numHidden 	7
numGenes 	66
Training Set Training
Fitness 0.00998631856790159