17.585957601699526,13.729301674033561,-17.026397386557186,-14.505845885425535,-8.172427672702478,-12.515097615332222,0.7259933100507467,7.261283659827932,-0.8199221816415738,-8.764023438129023,8.967510574646637,-11.439398250210898,4.5895647856256385,-2.687652617394143,-17.29318981897063,11.040796673662411,3.1763403174924196,0.12744133431362847,-3.6915580555654355,3.468284120729299,-10.880342395735955,2.3593554695313355,-12.436874914161649,4.636121172507476,-5.409488715507697,2.2746280990495933,-18.93883940698972,6.232561817990033,9.725356197457858,3.213644950905289,-10.574294125092111,19.894239450739704,-6.866781975045102,-3.684400432774895,0.6559989302391926,15.671699608851346,6.615773096331166,-2.2425919171431135,-0.5885256951138063,4.575239855227819,-7.295413837582402,-10.235033580026142,-2.663922342141923,-2.603253793922299,3.6817995605930713,-18.97338106963368,12.8779401219934,6.568453605559673,-2.4998180284989813,2.3476944071428516,-2.947062139082057,-2.677711975790192,-3.5444489570027464,2.6314488717240314,-7.018483560558492,0.6536852955989385,12.189194045736146,-13.794261982209433,-11.153475416940612,-15.178484733920616,2.2600212981527212,-1.3637712989183441,5.125655251771093,1.480973150400171,12.175794959005731,4.625939998373352,12.295457833920668,3.1490362012340913,5.1598854034599775,-10.25260637894699,1.1347386432494009,5.742316923002077,2.6046190421261137,-10.712368453461075,-7.1764704078676225,-16.49512188688645,-7.425613560933317,-7.792150503964807,-4.660334706860079,-5.891188393808562,-10.528706598075985,-3.7716263365629654,-5.401636666655706,2.1631128777273796,9.513244887623014,4.4961972393533385,-17.388931405052773,2.256623457949523,11.248960047770357,7.976274090134799,-8.241825040337389,13.038542655542825,3.396529032305951,8.429253034346992,-12.873896466244473,-1.7947534396231344,-4.408272271859438,-9.302679733656777,23.302570810576945,1.3148868332801555,2.369421167061857,4.116302201274701,4.10474163389816,-3.8085231868603326,-10.874011295342038,-2.343836324184285,8.783322659935571,2.7079032386319177,-4.327179464957964,-14.286476081583517,-3.4984915164290307,-0.29745819524891015,3.0405400943697893,-4.161206173845788,9.88105390383309,-11.613115458913294,-14.519282950778598,8.227024475140333,9.938604802655709,-3.8581772078215906,-4.663553785293585,4.285540311924278,-4.296221591408877,6.627966125227905,-0.4847239593772432,-1.787084226425927,-21.783654126709372,1.8006072767928494,5.397579460809768
neuralNetworkClass 	class coursework.ExampleEvolutionaryAlgorithm
INITIALISATION 	RANDOM
SELECTION 	TOURNAMENT
CROSSOVER 	UNIFORM
MUTATION 	STANDARD
REPLACEMENT 	WORST
ACTIVATION 	SWISH
COOLING_RATE 	0.0011
TEMPERATURE 	100000.0
TOURNAMENT_SIZE 	90
maxGene 	3.0
minGene 	-3.0
populationSize 	110
maxEvaluations 	20000
mutateRate 	0.95
mutateChange 	1.6500000000000004
seed 	1646684373006
random 	java.util.Random@3ada9e37
numHidden 	14
numGenes 	129
Training Set Training
Fitness 0.05980322630996366