-3.960999221602366,8.73536983567739,-5.62781408533586,4.255812099261499,0.9886834029924261,1.5268026276612296,-6.759067343280835,0.6648219034058442,9.049170738461035,-2.596855322058132,22.35010528835887,-0.7732645753175076,-13.760930985019675,11.049668959725258,10.015571243354785,20.126443353859976,5.188460722087855,-2.906921846051018,-8.77857219465906,12.483639253581664,-22.071431572075298,6.375081186307064,-2.8454599189447887,-9.167721620785139,1.3155990150048407,11.062119206510804,14.709969124315974,-4.547392914576306,8.089368750098217,-6.526033105376543,8.068269088935388,12.567326617707044,-3.9367372514435583,7.84516454291766,2.665355123384927,-0.5864725957533317,-16.2301726879694,-12.847072050169803,-9.089408143963082,7.429579957909011,2.859602201108883,0.03799263030205413,8.115323209314045,2.0044354399653574,8.771420309367768,-19.316192227874815,1.4206271892132962,7.271775934750281,1.3119483374048908,-0.5832132139259754,-0.7115783288588755,-2.1164221558318594,-15.172161878912085,2.815704701793101,1.2424877325902743,3.2128149028935855,1.8769500326158575,-2.3834570721786417,-10.55257783417809,12.548706055479217,-12.265811571034025,2.6386859590881624,3.8923125526743867,20.27324613292729,0.8967626625385252,4.5304772161452025,13.070721422077309,-1.4451536432734873,15.890844266571873,-0.21322430463128406,2.2533422054507133,-5.509624176357782,-5.869278108502834,-1.2320662608266648,10.145657109414282,21.872368947787074,6.947190414360634,13.821005268770284,14.255398370577902,1.1792701504612406,-8.475116854423339,-2.3977068169718088,10.852617551094871,-0.00812863084352955
neuralNetworkClass 	class coursework.ExampleEvolutionaryAlgorithm
INITIALISATION 	AUGMENTED
SELECTION 	TOURNAMENT
CROSSOVER 	TWO_POINT
MUTATION 	STANDARD
REPLACEMENT 	TOURNAMENT
ACTIVATION 	RELU
COOLING_RATE 	0.0011
TEMPERATURE 	100000.0
TOURNAMENT_SIZE 	10
maxGene 	3.0
minGene 	-3.0
populationSize 	110
maxEvaluations 	20000
mutateRate 	0.95
mutateChange 	1.6500000000000004
seed 	1646684373006
random 	java.util.Random@3ada9e37
numHidden 	9
numGenes 	84
Training Set Training
Fitness 0.01813222513300376