-3.0958822239215316,1.055738592474007,5.240657876721501,3.375457678025792,2.3882285709034523,3.216486648318548,-4.348168341319809,2.0619868496028255,0.4211182009100396,-2.769427630109031,-5.865363397651914,-8.991927520446506,-3.6067108582057132,3.6307733672871176,-10.571415039614747,7.915354939714129,-0.374972177213464,-7.879578977892855,-4.29740861423439,-0.047341767990993766,-3.553175869319695,-0.0312689838664042,-0.11344882298243242,10.38726084888488,-0.2879876253471245,-0.4273590216992229,-2.9570552421219922,-12.513279842011457,0.3337091948974309,0.6720560840025476,1.7219142842409365,5.821706691648771,9.462736860279216,7.989389989929018,5.5616151272584,-2.221961337301785,3.0353268943854816,-7.714230425440766,8.751506142931628,-1.298656938172356,-3.980988755784378,-2.314738026311658,-13.680396990682063,2.200501917142886,3.4222149066687866,0.21495971544766368,7.585575005701948,-1.173722044140094,-2.9423245738601844,-2.5572505064569624,5.889927616132162,4.219249246031671,-0.4880769852895499,-3.533927130422164,13.015373663014328,-2.41358598461205,5.972663800899854,-9.536029792692482,-0.3401496189262736,1.468563774889228,1.0030196718563866,5.771186257991461,-1.9484953364231155,-3.1492440924690728,-7.473813669559325,-7.082903423949963,-9.585674677189902,-4.0040480808558465,11.746181281437712,0.5437027425225702,-6.501040828006416,0.4971213687730156,-2.3200377285075913,-6.074075687562664,-3.8133878477372045,-1.1541536631591143,3.0633057552068497,2.813902842624212,-0.24521117939023895,5.50569536160893,1.1674463015287415,4.601017569886769,1.3119901942438643,7.2563707771125845,2.4755846057630677,2.342793295804503,1.214345017462354,1.339865384928678,-7.932017573085872,13.710870774290322,-5.129491106744137,-0.8073960622002909,0.15147339370685797,10.812689526513921,-2.3779727422536183,4.037772782824483,2.593824655788901,8.341520316904303,3.4547164173391876,-7.660220174421351,-6.164502667222499,4.392967622537982,4.052474677189528,2.9380209985282946,-5.099038794581038,-2.756953051057664,-2.8017005974595213,2.8798615084676458,-4.381171926082876,-3.87057382112942,6.608138952578149,3.0629761993081237,-0.015320338062669414,1.8614055386335986,0.5515739660780694,-3.9750719660479583,-2.837427907502275,7.705693026976846,7.919177302878444,-1.0669027595784355,11.77081169504695,-2.0959810367330487,-1.410235527053656,0.3808082286488208,0.8347049562186584,-0.8248841763872266,2.531602578608963,-6.0142651804003755,3.9635927339552826
neuralNetworkClass 	class coursework.ExampleEvolutionaryAlgorithm
INITIALISATION 	AUGMENTED
SELECTION 	TOURNAMENT
CROSSOVER 	TWO_POINT
MUTATION 	STANDARD
REPLACEMENT 	TOURNAMENT
ACTIVATION 	RELU
COOLING_RATE 	0.0011
TEMPERATURE 	100000.0
TOURNAMENT_SIZE 	50
maxGene 	3.0
minGene 	-3.0
populationSize 	110
maxEvaluations 	20000
mutateRate 	0.95
mutateChange 	1.6500000000000004
seed 	1646684373006
random 	java.util.Random@3ada9e37
numHidden 	14
numGenes 	129
Training Set Training
Fitness 0.10634740366042808