10.689608757672447,7.51746567914291,3.307732093421736,-3.514951261664203,0.7991474406829573,-2.77403893412513,1.5058286015230777,-2.4291683250387868,0.3430430994384448,2.060260964501027,-6.826579409019018,2.0336592875154738,0.7640692168855123,-0.39305402012697765,1.2721108894237378,2.493061582778312,-3.0615067523081274,-6.900130052386119,5.288011566302154,-3.567066956775056,-2.321542883254878,1.0385631154418755,-4.299151163335869,-3.7580243297592126,-2.9633723152621236,-4.94347869074577,-6.648866569460592,-9.403155852876196,17.61398387522587,4.849137002270379,10.898254122603008,-2.8430723474358306,-5.5225328991439095,-4.063744757385176,-6.338036737100362,-4.351315227964123,8.887578812126518,-0.6129163987873723,-24.423167433941117,-15.536066739637198,-1.883126476955792,-7.374595009184391,15.213864388356615,-1.0695173997627556,-1.7413532874277653,-11.239209368119221,-2.1644432571555834,-10.365022863292095,0.680985046572415,-10.593265416447862,-0.2496726079591447,-4.0131922342801225,-12.625299612155999,0.6493709042537619,-1.4306895108988957,-2.9415710102127512,-0.6254701063494377,12.520668377527361,0.4931532399300309,-2.5285930059235575,0.30134400478484835,-0.1922714830492369,0.41854383712445564,2.7190053601800397,-4.371036976999787,-13.854947412584064,-4.046185394985803,-1.0748977510313171,1.322544294373559,-3.660627020806033,5.820075164582249,-11.41428527478342,2.326357092383609,1.4168817744978348,-6.361067049026362,-4.576607978843653,3.547127398257201,-12.889579462035817,-3.1300214773293096,-2.6937763147558407,3.1349886285970765,-0.5305662569354883,2.360810110049199,-4.55780854853802,0.3574384191296702,-8.221780757411173,5.609493237035457,2.5060811049026306,-4.957443473304494,4.9082448729613555,5.063950521334801,-1.8098494587643987,-13.763897448665372,16.20803546364398,-7.85510647651498,-14.058760749367787,8.172968681461725,-9.900633209728829,2.2785127320616594,1.105986149956287,2.306822845923361,2.851239694810964,-0.28774465356625534,-0.09769330354680505,4.622636778613815,2.2433405619262654,-3.938373806006626,-0.630733189982724,0.32515496176078873,11.40842859461005,-5.1519411567526365,-7.7810267537659605,5.802214646432942,-13.591673678879447,-12.462487103725397,13.673086371255986,0.15519426983464157,7.900921320168997,-5.623437575158717,6.563043387923614,6.66971836246182,6.395825448082425,-3.6526504460718776,7.7570663546417205,-1.8318862598888117,-7.025932845347393,-4.625112364336455,7.098514728167794,-2.459033846538068
neuralNetworkClass 	class coursework.ExampleEvolutionaryAlgorithm
INITIALISATION 	AUGMENTED
SELECTION 	TOURNAMENT
CROSSOVER 	TWO_POINT
MUTATION 	STANDARD
REPLACEMENT 	TOURNAMENT
ACTIVATION 	RELU
COOLING_RATE 	0.0011
TEMPERATURE 	100000.0
TOURNAMENT_SIZE 	50
maxGene 	3.0
minGene 	-3.0
populationSize 	110
maxEvaluations 	20000
mutateRate 	0.95
mutateChange 	1.6500000000000004
seed 	1646684373006
random 	java.util.Random@3ada9e37
numHidden 	14
numGenes 	129
Training Set Training
Fitness 0.011614839433635022