-6.519403051458848,2.530761356644822,7.644737004222186,8.602439016021146,-4.271491248089299,0.05989656654455633,-9.536018419900325,-9.13848741116823,7.098610939513865,-2.2444875386935887,8.655256671986033,0.6884038631963829,-5.272068060465688,-2.901164884385179,5.193963644049839,-0.7889190108358681,-0.7049780319857728,-0.17508613622778846,-3.6024466938105615,14.080562719673484,-1.9753534183830928,-17.49471988051421,-2.762872899298764,5.911966149932651,11.356316434483364,-11.09568512475934,3.682790175289912,-3.7252040621866014,6.686699037697762,-0.5170532525459244,2.4816694802264934,-4.562854117123399,-3.8544299863920948,-2.267717426612805,-2.88912884179309,-3.3287727228922535,12.702067278198587,11.466263336619349,3.028507722797187,0.7178656507469565,-8.02737705124119,10.586416264547223,-10.23571028012533,-9.064656544298302,-0.7859418760833314,4.603262817890042,-7.052970843937752,-5.22679575918397,13.48493260475,-8.342074651134535,2.4597682609756806,15.064363427715369,13.045351645825663,0.4339573589332808,15.394101734584586,-12.530893444206582,-7.659955860987715,-4.916589398065094,3.14362184555352,0.6322944326930431,0.2716302436940765,-1.037365852295669,3.2322763491163577,3.8803208925778936,4.570613289293315,4.532283991417023,-8.63321510768927,1.3871117964546738,6.10573101726688,3.7225099049148387,2.5831228872349454,1.728680962649717,-14.047078621980356,-2.551733896606561,-8.424560562250829,8.723500021417266,12.553256847456439,-2.6188196049536856,14.151634328434886,2.2711662247370503,-5.7101813675044735,-1.606601691402485,3.803180740639113,14.404593442061609,14.35058645531718,-8.564695642889077,-6.642362171714675,-10.688818992921751,0.019033283568935744,-10.856992910753027,4.300657986608314,-2.543847491602895,-7.103782082522962,10.292957722434679,-10.839848946641567,-8.593511193766782,2.7577853582588547,-1.1199422092633817,22.038629930354347,-4.39338446227803,4.836385950503532,4.592095976043156,-15.989380720630088,9.497239155225259,-2.5553588462405337,4.387335710650571,10.870368808626539,2.8464601646887626,-4.634112065384192,-17.99643629712775,4.470972363603318,5.377525012588478,-13.660454166899758,8.43589147642865,2.7393538366957433,-6.4196844630334144,12.205058586889246,6.567085643808797,2.682438489867363,4.283907215736068,-13.15702642795416,4.568189294698613,12.418190169556901,9.49526015706221,8.963828835509199,-7.891319864373626,-2.328947856971026,6.824345872474231,-0.5048698505837663
neuralNetworkClass 	class coursework.ExampleEvolutionaryAlgorithm
INITIALISATION 	RANDOM
SELECTION 	TOURNAMENT
CROSSOVER 	UNIFORM
MUTATION 	STANDARD
REPLACEMENT 	WORST
ACTIVATION 	SWISH
COOLING_RATE 	0.0011
TEMPERATURE 	100000.0
TOURNAMENT_SIZE 	90
maxGene 	3.0
minGene 	-3.0
populationSize 	110
maxEvaluations 	20000
mutateRate 	0.95
mutateChange 	1.6500000000000004
seed 	1646684373006
random 	java.util.Random@3ada9e37
numHidden 	14
numGenes 	129
Training Set Training
Fitness 0.0185668252901418