3.3671095061287257,1.9319014579647886,3.6701871011908374,-4.2213074587233725,-6.816456528436364,-4.037213127698051,-16.625298114972495,5.003683658544646,1.0769252291905111,-3.586886281113789,-11.130501341423166,-9.37983122215655,-4.072946277136108,5.706647768885555,2.6590450036980045,0.9466453879653898,-0.35136652608543706,5.277179106962573,-2.545644812019468,10.654354011453078,-2.8419256491031373,-2.497289522735276,-1.2647610423646216,4.017679280839339,-7.576717586892597,-9.76228309056021,-4.070453379972827,-5.7671447875660355,-3.956465233251624,5.592555961903965,10.362040269619543,-1.157032316763618,6.381866886498742,-0.6953528794689889,-2.1561953048654985,12.713025197673568,6.348977382061231,-3.251324086900592,-6.65096445070078,1.3180621398212367,0.8736602216050597,11.4834244049179,-4.644680228452442,6.2581082697119825,4.0977396254498775,-5.875788274267262,5.6978513156664015,2.730739788048811,-4.454984765322862,-14.92966045368389,-2.1378003693459284,4.822616944864613,-0.17526364927751104,10.922577086815153,10.393529460452726,4.060141831965056,-0.7640812103502217,-7.7088709235146045,0.09934030327131449,0.16505757709038527,9.941328443354745,-5.8840713860753935,-5.896124879683427,2.6276954450114713,-5.805937520822826,-9.920789274028062,2.2833204930385262,-4.259486035190637,-9.754498841777707,0.27363785241735794,6.343797729272462,2.9206304299783215,-1.8832506988619846,-4.233021341627885,1.066255461396052,-3.4784725545495734,15.471540964283667,14.16957947617818,-7.008020788050289,5.8931021969252875,3.921944646302264,-7.136400911625961,2.8095484961582438,0.9457095908732338,-1.0709365893678395,-4.406784821723232,-2.571323903008741,7.507836470985643,-1.755992620272913,12.758319710115547,4.075489385220923,-2.015780393170542,16.01781826213349,-8.199290586539448,7.926345028137964,1.4428713912893576,-5.252570155622398,-1.3081111145848396,5.781291001910956,10.894158055463075,-0.32684674685385406,3.450171591211097
neuralNetworkClass 	class coursework.ExampleEvolutionaryAlgorithm
INITIALISATION 	AUGMENTED
SELECTION 	TOURNAMENT
CROSSOVER 	TWO_POINT
MUTATION 	STANDARD
REPLACEMENT 	TOURNAMENT
ACTIVATION 	RELU
COOLING_RATE 	0.0011
TEMPERATURE 	100000.0
TOURNAMENT_SIZE 	10
maxGene 	3.0
minGene 	-3.0
populationSize 	110
maxEvaluations 	20000
mutateRate 	0.95
mutateChange 	1.6500000000000004
seed 	1646684373006
random 	java.util.Random@3ada9e37
numHidden 	11
numGenes 	102
Training Set Training
Fitness 0.016286020547381375