-4.419098043915819,2.874840131813966,-3.848430078146823,-4.019788955342975,-4.228267202539955,1.0630816715913465,5.013932805838884,-0.5280721282480005,2.452315819881605,-0.8102614573610274,-5.20363484692849,-6.156006371838237,-0.3516431917121352,7.548967904140147,-1.8777013506565559,-3.8370274425436532,-5.765329793565409,10.857733204865829,-4.601357569846336,-3.9264252645343554,-2.0892711621080142,2.1689389015123828,1.0428687892448565,4.306213691409117,1.2683683605174059,-0.16809461422230765,-1.5247042198260647,3.0355631979889672,3.8679472080197623,-3.719943450645043,1.2317307581584158,3.4010350957328557,4.438862619540381,3.984675282717528,3.5449987437867296,-1.7471593533945242,-2.642556798089811,-2.8399357427825276,0.6747352257757919,0.4275281173480776,-4.3701623707648105,1.139437196740925,-1.76681148511658,3.1346258826609734,-1.0303634578511405,-0.28765086625363523,-1.6893696211491922,-2.7487478636545672,-0.49042895044072843,1.1734570670853577,1.6973361712773816,0.22429074895982293,-0.9762629909676885,-4.121112590443104,-0.42004541195125755,-3.8300372857639333,4.511411895659138,0.5904740787114271,2.9084445997080266,-0.06163956567158069,-2.5943681362808872,0.659609779720773,-2.2643782211350434,0.8757446631029762,5.719311227258973,2.611441640221768,-7.475292752855408,-2.679861322098467,3.278795365331856,2.736626668216794,3.1011401152512437,0.10598876953933245,-0.7806555180519457,3.88184412469871,-4.056730743022972,-2.968605393463294,3.2791587498863057,1.3517483428464274,1.7623989943009937,4.05664771096071,-2.7218370179471014,0.39403016929482115,3.1160263125453636,2.205548318741352,-0.7951229950845589,-0.21426168166023185,-5.271036961618224,0.5312104793224961,6.059311183655133,1.6229966462397574,-3.1346022154917117,-0.7142072915230564,8.76193085236806,3.9877385077290333,-0.7991891900210639,4.098832325044354,0.2883477785862887,-5.225936927082567,-1.463984907562235,3.8215905644747528,-5.523498519356245,0.653302101023387,3.976455460423817,0.4350560940048016,2.4777076202918984,-0.659127235852381,1.0682587031930382,-1.953018914333776,2.8350546949081137,-3.7005275922551135,6.788383920183173,-7.581434229796131,-4.57775638742382,5.22215910851801,0.829584721164375,1.6141375752750005,7.763073233543931,-1.9646547930187586,0.05175358531919816,-2.1425939146998596,-0.02361719479279767,7.645713406011307,-3.060424389473014,2.355610409470131,-1.646626750669909,-5.373447292595294,0.11228315250023435,-2.3318914841181773,-5.076161884728522
neuralNetworkClass 	class coursework.ExampleEvolutionaryAlgorithm
INITIALISATION 	AUGMENTED
SELECTION 	TOURNAMENT
CROSSOVER 	UNIFORM
MUTATION 	STANDARD
REPLACEMENT 	TOURNAMENT
ACTIVATION 	RELU
COOLING_RATE 	0.0011
TEMPERATURE 	100000.0
TOURNAMENT_SIZE 	90
maxGene 	3.0
minGene 	-3.0
populationSize 	110
maxEvaluations 	20000
mutateRate 	0.95
mutateChange 	1.6500000000000004
seed 	1646684373006
random 	java.util.Random@3ada9e37
numHidden 	14
numGenes 	129
Training Set Training
Fitness 0.0469046185428218