7.918031490390909,22.0444194837716,13.042065086977544,4.2637100530806356,7.9675397451588825,5.630894797583235,12.673687830290595,2.803693678993163,3.078601817581112,-2.6477621918788232,4.032959491086071,-4.446061601653792,-4.6030620397526585,0.6531750498661517,-2.0274286626282176,-10.712141968686435,4.4678110433478295,-7.732471064503274,-15.626977363325988,8.30647917003952,8.724259310828907,4.7809372913323624,3.66782053635331,-5.179011426447666,-1.3465039374934347,12.963611257600142,-7.58555506742563,-0.5001805829103674,2.153527903624938,12.081951854346471,8.131525811364611,1.870933351202428,-11.806789631497281,-11.07909668249307,6.742601455665772,0.9117616558788235,10.927631810244081,-1.940541603930976,14.1742469596575,-10.861442796148893,-2.7531069930338434,-10.110215725695507,-5.548712032555116,-1.1762895005606362,8.400013442847877,-10.544018285309656,-4.335769311218817,-3.1261191631764556,3.186876703751505,-9.938463254458377,3.80396758692092,-2.006414789463612,-2.5502084335423394,-13.894927151524982,4.916233738423962,-7.611809107375221,-0.3275786956427762,-0.3479426039587672,2.973216408080357,1.3270497665608563,9.807504672250255,4.985661463193607,3.4921373335435053,6.9918104755127555,8.75596288609561,-8.646976296183297,-8.749446220280204,-7.673255374269919,-8.64133883299267,7.833708863927582,1.1555410223406692,-3.062785759531204,1.038262310622093,2.355205087963295,1.4688467428890846,10.849209413235267,2.5422843596301767,-6.884152139658559,-6.227476114423638,-1.4028198625962265,1.6396440699343935,-7.901396344682341,-3.77052507511217,-0.8508169138818875,12.311641320866844,10.569697972041856,-11.499240036207649,-4.042338927499872,-5.945489063114312,-8.44588523758632,5.526443373400814,-7.659029696222358,11.324340333809122,9.665542605449076,-2.4908241557678767,-13.794933523535715,-0.7436777218110162,5.9913928730451484,-7.940368626848802,-6.0434404652908205,-1.7710129605135094,4.54405530299256,5.070337656353923,-6.112359605649091,3.7702243572763043,0.18761143274838332,-0.5706352266394674,-4.319816719594516,7.3155854703293945,-1.3652348617757308,-6.732245074006152,9.280623628041875,-0.6694812584459733,4.3318037157304765,11.454498929621304,-5.2109956175998775,-9.253128561676549,14.409944647272363,-10.239710613562684,13.034887842442508,-6.159842277436702,-0.32052819906580243,7.006199028511814,-2.0203810725065257,7.287766124655917,-2.2713876181144173,7.145855347090515,-2.6612712358534196,-9.550546823488832
neuralNetworkClass 	class coursework.ExampleEvolutionaryAlgorithm
INITIALISATION 	AUGMENTED
SELECTION 	TOURNAMENT
CROSSOVER 	UNIFORM
MUTATION 	STANDARD
REPLACEMENT 	TOURNAMENT
ACTIVATION 	RELU
COOLING_RATE 	0.0011
TEMPERATURE 	100000.0
TOURNAMENT_SIZE 	90
maxGene 	3.0
minGene 	-3.0
populationSize 	110
maxEvaluations 	20000
mutateRate 	0.95
mutateChange 	1.6500000000000004
seed 	1646684373006
random 	java.util.Random@3ada9e37
numHidden 	14
numGenes 	129
Training Set Training
Fitness 0.015085487485437633