-0.23992172080339724,-8.539469120455593,0.5577761230102052,11.200787121478356,-9.453671174468287,23.231911556232646,-11.063754639315018,11.545596829407659,-5.876816571791784,7.623616260669211,-8.228921123449448,-3.480838496677835,-4.139096413713622,6.799590722442526,1.7235201877230928,16.98324842275214,1.5445926742339733,17.876305651594564,6.234167762562853,-12.072917835306125,-0.5691085650035301,12.125552838607081,2.3889655295466365,-4.597252248601872,10.702675181811927,2.1874205430242277,14.434323670029721,-0.9837269854689872,2.392900572155648,-9.656073541298253,11.28325235121118,-3.885814366048555,12.606640816733183,10.398608536845655,2.2909326718256615,11.170076962590455,2.693580982163753,-0.8912958470379833,3.5644879746462887,14.470303925599692,1.8922432420707658,2.626396206208252,4.977497484677179,13.022414029635094,-7.733064197890895,11.722490378628068,25.742851464317916,-1.223826252495643,-4.364384165376401,-9.368560228314498,-1.2681134509771725,-1.2182473948380537,7.292766850364875,-4.111654846890302,4.080680984719292,-10.114416892311121,-8.943341215534549,-4.656297030636203,-5.466192365790514,7.149676482420469,-9.757255152415679,11.026821319435337,-10.270127587849887,3.070926723464522,7.092375167444704,16.033877862384294,-2.17579020802226,3.9830494437973307,17.228559290671555,-2.204608018560979,-2.918377012991254,-15.399414340533246,-1.222280132551803,-1.2726055201818554,-0.9447255393531329,1.9647694684048762,-6.24522342366792,-1.3052322963086684,-8.30740372859884,4.295436450360397,0.9568436310623181,-12.83106481258605,-10.617296857743597,4.27918659067066,0.029873736313847488,-4.510777665128243,0.0815648778999769,-2.8972453804840423,-2.12157882165109,7.084145752302705,-5.9041750372686685,9.428120961725288,8.424386176816705,13.724499732437787,-4.5403260385774455,22.3453156964869,-5.156937774088173,-1.3077864432964557,-11.883979316146226,11.935971624798407,-3.113306489053491,-22.354350185588828,-1.9552437686417594,9.6983004188694,5.02605967469394,-1.1909709103850208,-5.845688568718285,-3.7080127989551297,-9.404448630657454,-4.016491901825466,-2.6708196022464215,-7.48672747413759,7.177584305456395,-2.249846465601543,10.253424173402296,6.42923362947056,17.51421881195636,12.879195153473287,-2.122674675847322,8.597866819202329,-0.16205946718920305,-4.637643003498024,0.12083944871788521,-1.3131330075565426,-11.498228207772694,13.340118067019644,-3.2456384420347373,9.780256743432801,-3.810882102487744
neuralNetworkClass 	class coursework.ExampleEvolutionaryAlgorithm
INITIALISATION 	RANDOM
SELECTION 	TOURNAMENT
CROSSOVER 	UNIFORM
MUTATION 	STANDARD
REPLACEMENT 	WORST
ACTIVATION 	ELU
COOLING_RATE 	0.0011
TEMPERATURE 	100000.0
TOURNAMENT_SIZE 	90
maxGene 	3.0
minGene 	-3.0
populationSize 	110
maxEvaluations 	20000
mutateRate 	0.95
mutateChange 	1.6500000000000004
seed 	1646684373006
random 	java.util.Random@3ada9e37
numHidden 	14
numGenes 	129
Training Set Training
Fitness 0.019495982033201256