0.5942848978799384,8.906364910192558,-6.415280718580261,-1.3689855506371558,7.67620472419212,7.04711358305712,-3.5669336375037677,19.56268734813265,-0.4462740743972464,8.597294917599061,-3.2486600407204556,-2.9122057876183964,10.276893977240354,11.200070223043383,-4.201940780023007,4.562167821111968,0.2821419213790195,6.363758356622031,-0.1759358059752838,6.63110521161729,-2.9617389652652486,9.097771825773854,10.068125835349647,-7.894890260918825,6.7734349727491905,-2.5173219758620675,4.894014285287685,-5.529468144068572,-11.14050406199622,-2.260100517030021,8.416863083635329,-3.6230072037299905,7.369799224939264,4.841177891916282,-15.949344471711965,0.31183163670609915,8.904843092444496,8.960036948208966,7.880138848002273,-9.122324365860093,4.044996468972686,0.6670849868006634,-15.930539323748851,1.0325979228044622,7.242432673665544,11.958113057967036,2.0163029037541174,14.433177705777721,7.004600101679997,7.378547358090524,3.344276078674514,-12.160853243774962,-2.2507037842499953,4.769929840102757,5.697818006918579,-7.755843501371908,6.476644202187192,-4.886293757045145,4.912828100805189,-3.159432424640139,3.806008099481577,-10.365287490462354,1.9327506533420191,-1.8929841037732729,-0.7338849717426488,3.3513586855145023,5.52380657449738,3.4758743282467695,-4.045612561234969,-4.778380370396604,-7.585443294987206,-10.90641556762188,4.696723599316261,-1.8664500725817712,3.843962768226442,5.08019453344145,1.6916992667650512,2.6761514716557304,-1.5513992316264007,-1.974700379228576,-3.5366049844923193,-5.248969202630862,0.5036593863875023,4.925934404928308,4.024792693941631,8.34739176688386,-1.2961531093696852,2.6778375158094088,-15.431085971024762,5.252519909164965,-0.3206894226066108,3.7748560340738786,2.3076126596285134,-2.0429763901719227,10.43815682131208,-3.147876088838494,7.218162650826988,-8.711293791366863,1.161148611333811,4.17700684610559,-12.414477095370623,2.5210538581682265,-11.9543652985089,2.2976636943104864,4.943388550020363,0.40193082965802596,-6.195244033330279,11.602435133648878,20.86987879813499,12.1351862965573,10.324454919655247,9.924129010434564,-7.3660592124170865,-9.477515350952626,5.6647985479516745,-5.708367176421381,6.066285992407146,-2.265221241570951,7.313611683717502,3.587140116389042,3.893910882447239,-12.267539812488987,-4.340600555411687,3.560640486712,1.0299834044221594,-14.609676822847076,-9.90297478468741,0.4341789969840173,8.901117585158275
neuralNetworkClass 	class coursework.ExampleEvolutionaryAlgorithm
INITIALISATION 	AUGMENTED
SELECTION 	TOURNAMENT
CROSSOVER 	TWO_POINT
MUTATION 	STANDARD
REPLACEMENT 	TOURNAMENT
ACTIVATION 	RELU
COOLING_RATE 	0.0011
TEMPERATURE 	100000.0
TOURNAMENT_SIZE 	90
maxGene 	3.0
minGene 	-3.0
populationSize 	110
maxEvaluations 	20000
mutateRate 	0.95
mutateChange 	1.6500000000000004
seed 	1646684373006
random 	java.util.Random@3ada9e37
numHidden 	14
numGenes 	129
Training Set Training
Fitness 0.0210969692503381