-5.490381495100749,10.633335074338683,-3.5844243357972267,-1.5069960741115116,8.423609773877882,2.5027591825545015,5.167807632937732,-4.646449090086079,12.16507122707224,-10.03742230165278,-20.491107858548745,3.658751644573206,3.5670789157702503,2.1185465497864167,1.0769481454645007,1.5778582713462423,14.196028697101159,3.7208055564027678,-15.728741898143038,-1.4472133231087536,0.22890247889657367,-3.789131139853196,-8.378722024318403,-11.234072400091998,-1.0546722307183254,4.097333114129348,15.878807135016023,-7.862878620489981,-5.82325465646959,-2.423758752513944,-5.263572879148651,20.136349412135353,-4.165481133986699,13.556053655176605,-3.866966821962402,-6.22822868020302,5.4187925265775965,-6.561650372820669,-9.942469567486802,14.157718129934633,-10.88931914356897,7.923695893971729,-10.103767972412193,-0.7691670656058438,17.743868475631317,20.400840956136214,2.5041357592659415,5.044293254656608,-0.7483686129567246,3.1152907530790426,12.498737306188008,1.2732611540110064,-13.364059918037999,4.859525467622717,5.9399674508446,-4.878558700615306,7.533619252235731,3.71249048924909,6.951814736502168,-20.629949542349735,14.546322987608237,-11.250065121721285,-5.5550587011984085,0.3230415627560479,11.336317033836734,12.728264924907442,1.5647415083903304,1.209652036860394,3.8443534972458924,5.295762828416883,-3.0055547459020975,6.319000926055287,-5.138377368049996,7.014126458997811,-0.41166064593555074,4.232936563207542,11.007752948731481,2.7489691917317014,-7.570802945227783,0.8265361760462531,-5.2836850028487605,-7.7518511381482,-4.004121147923005,6.9011319094370975,-4.449443729766241,3.5182028059982793,-4.80829241722358,5.164750217820769,-0.3808192825769998,-0.8034112284348138,-2.6076702493839434,13.084383934469836,8.630797305263929,16.00486887775086,7.207002763532872,5.91376841926471,-0.19788495488174185,-0.7255351972598678,-4.4405355304291145,1.1535645219718198,2.6846743917610096,-6.427488383899091,3.0219349051517,2.1357255142622122,-0.2536557704877467,3.1167059358354168,3.710610832854078,1.6340841704526134,10.889966603905615,5.008682988451884,2.635863348653034,-6.275535996741899,12.291734847232508,-3.6131436293952683,0.7159557710321254,5.467414619959722,3.7545894241068254,2.9778037790430387,-3.5301282848883044,0.19138085679443773,-1.2044243223635505,1.4334698557553098,5.067611408793276,3.7461596959711994,-2.7373782459893885,1.0104476849775876,2.601718633299728,-6.502405075435932,-9.76614260167448
neuralNetworkClass 	class coursework.ExampleEvolutionaryAlgorithm
INITIALISATION 	AUGMENTED
SELECTION 	ROULETTE
CROSSOVER 	TWO_POINT
MUTATION 	STANDARD
REPLACEMENT 	TOURNAMENT
ACTIVATION 	RELU
COOLING_RATE 	0.0011
TEMPERATURE 	100000.0
TOURNAMENT_SIZE 	10
maxGene 	3.0
minGene 	-3.0
populationSize 	110
maxEvaluations 	20000
mutateRate 	0.95
mutateChange 	1.6500000000000004
seed 	1646684373006
random 	java.util.Random@3ada9e37
numHidden 	14
numGenes 	129
Training Set Training
Fitness 0.07786085328127239