-8.857903098226132,-0.37622988081149433,7.964403389171523,-2.1388843888030555,-3.679095320006822,-0.5450377699564193,9.778669954102357,4.296406008469925,-3.650111272895117,-0.4923611699576931,-3.232403614568643,-8.502331562128195,-6.915623887585595,-2.9868667869883794,-4.34002044021951,1.220407660720774,-11.949683669807968,9.197049472949196,-7.1424749455629435,-5.480532063425523,-4.082779341665074,2.5872122881032515,-4.003381896342586,0.0940005496019456,2.5119213694842397,1.606733336132102,-9.2052434941689,-4.594714345854472,4.938861003068359,-10.67945930482796,-6.27315283756114,1.1324356893631418,1.3034820344555236,0.6439535243037628,2.7011786344047826,1.9649899375052584,-8.69635347498827,9.999617252053595,-2.3830079398799544,0.7028982857442028,-4.290127547325088,-1.4256499341642366,5.385179220487776,-0.4066280334282766,4.248537436777881,7.0801851288799815,-15.669250258393738,2.230567341566087,-3.016945593450406,10.91412724699705,5.470316520568293,5.478049832769117,-8.343611926993676,5.8388786489908115,7.619956954492415,0.14547266367933087,0.9141375203830879,-6.07798003745364,-6.161580228100592,1.6598867203914192,-4.679230703533628,-4.276129909151512,5.197755341090056,1.7685842221237076,9.262447677020559,7.364479917628367,-6.851945787300706,3.844361416205204,10.798265367255555,3.927952911438471,3.5550927473514364,-1.1144273207959188,-4.372461829305873,3.3775156539383833,4.53929078513678,-4.237671588449442,-2.4658139933336694,-2.2425008249085683,5.28149524971531,3.706678766248677,0.7000842941134771,-0.0013745083303362549,-3.7642831338541587,2.028605151771738,-1.7023739946091583,-0.6292727941232492,-4.398949407668027,3.8111278670631865,-0.5724043571028661,4.442261696446083,3.7046260921967704,8.596823741940014,-4.088184165450957,-0.1912796679553761,-4.115461436127488,6.12452824580614,0.8808866118723664,-5.907739015855938,-6.863676511042938,-6.891014486933491,5.415695922134449,-2.007369092176644,3.5486458324322934,-6.222309246486098,3.407240483926163,-4.1153183155365864,2.2034849107430183,2.0881545507734707,-5.607344941770584,5.710508022357592,1.25320438871589,5.495305634681291,-2.043794068093704,7.00448254204046,-6.1384920605317586,1.0227280094763849,2.2523685867176013,-1.9328124038541916,1.8573886573219063,1.3129169950386514,-7.1360384422275995,-2.7805172839961347,4.350790789298383,0.39072221977191735,3.501675371630519,-5.929318915707786,2.595811186274055,0.270628540274636,0.6821893011528042
neuralNetworkClass 	class coursework.ExampleEvolutionaryAlgorithm
INITIALISATION 	AUGMENTED
SELECTION 	TOURNAMENT
CROSSOVER 	TWO_POINT
MUTATION 	STANDARD
REPLACEMENT 	TOURNAMENT
ACTIVATION 	RELU
COOLING_RATE 	0.0011
TEMPERATURE 	100000.0
TOURNAMENT_SIZE 	50
maxGene 	3.0
minGene 	-3.0
populationSize 	110
maxEvaluations 	20000
mutateRate 	0.95
mutateChange 	1.6500000000000004
seed 	1646684373006
random 	java.util.Random@3ada9e37
numHidden 	14
numGenes 	129
Training Set Training
Fitness 0.021442738159856357