7.666711913317551,2.9025934345764925,4.9140827277103245,-3.465087384645982,-8.260419228372319,-4.629220617468839,2.2146603564097704,8.28442616145847,-0.8019950497595971,-2.8789820166880267,-7.003402246055202,-7.431514017170574,5.35359364338114,3.1199155017497002,-14.025361291670162,-12.19153903950128,5.504187408576893,-8.651289322657703,2.2481130181690494,-0.7840557136267305,-16.052831520883352,-1.2516141080465442,-0.6049635685386843,-1.4033672280705893,7.591007110813679,1.7669902261240837,-4.234360182614054,-0.4717368471899981,1.0817819007057672,-0.9398091950001142,3.9754589869558945,2.820456394100596,-1.6874200930827463,-0.4808889964732037,6.91804223864067,-1.4938851748642303,11.472358161101575,-12.63993889766336,-1.825245878760938,-1.45668416659956,6.017016598500711,2.5088183241962643,-4.90592454063561,-10.726559205659346,0.7091059632665058,-13.20234582671856,7.495219588752581,23.985577490752434,2.8737659939521194,-0.8836417011277007,-6.4291888647499364,7.37902775303979,5.807162017022788,6.46905182995553,1.2707908071581073,3.2450511423367594,5.049856699842385,0.8366330463338416,6.094634542926233,-4.644226235028426,-2.5987694335653524,-8.769757078906999,-7.89860401553322,-1.2475169730321358,-6.997769531323696,1.5441849988463385,0.9670036208715946,-5.632667360343373,0.802405281660425,3.9772825488105337,-1.5243346141583842,6.091773063911275,-1.6466498893639505,4.939701212895208,-9.472844217169607,-4.178176280799927,3.9343612726687436,7.5478129104374165,3.6741822348339923,1.9645989489497264,-4.63272865278746,-6.26727656626316,-3.4260500797412305,-3.067706051056331,6.266104199902174,1.9486338496944295,-3.0545361609490396,-6.92086107103575,1.2433673811233206,-3.4347489742450765,3.169033089044328,-7.896378728206724,-3.841534732537304,-0.5859888655452306,-3.053140771979431,-10.307423058386512,-3.005108954639404,-2.619074040678262,-5.3364834298833586,-0.17445472084501112,-4.058471328429029,-3.700590840432424,-13.157448509079497,-13.312918750175465,1.129563529285404,10.64448549093726,-5.3096492455126185,2.7515142030088695,2.4901785464379502,-7.634664131540079,1.7008515042687202,-10.991059429396941,3.899377271524117,5.466171593235303,5.664585375180618,4.143033243280515,1.7649543495853912,11.855988067212703,0.1329726230492656,8.650547978509758,-2.563199815259586,-8.614216826039147,-15.86629586573933,-6.540794941524775,-4.514598941798375,-3.072616460981694,-8.034529701540498,8.65491868437461,-1.3054312426645582
neuralNetworkClass 	class coursework.ExampleEvolutionaryAlgorithm
INITIALISATION 	AUGMENTED
SELECTION 	TOURNAMENT
CROSSOVER 	TWO_POINT
MUTATION 	STANDARD
REPLACEMENT 	TOURNAMENT
ACTIVATION 	RELU
COOLING_RATE 	0.0011
TEMPERATURE 	100000.0
TOURNAMENT_SIZE 	90
maxGene 	3.0
minGene 	-3.0
populationSize 	110
maxEvaluations 	20000
mutateRate 	0.95
mutateChange 	1.6500000000000004
seed 	1646684373006
random 	java.util.Random@3ada9e37
numHidden 	14
numGenes 	129
Training Set Training
Fitness 0.020963409701160306