-3.27375775436065,-5.671056415363173,-1.235446898367056,1.2970377171326275,-6.177255056879531,0.0533356407192116,-1.7082735965838332,-7.098789096426541,3.621411836121654,-10.291798010568659,-0.30145306231586577,-5.744447962712801,-8.218210410215065,-0.5425597377363927,4.103400029383513,-17.665279047311053,0.7693307375927851,-5.990880792608282,9.165768052725644,4.27993612882107,-0.30964451681031413,7.964586041242423,-0.6682566178040723,-11.633821344665368,14.914342102176247,10.39658004689327,0.28003491242699496,-5.116119593629211,7.050207407702279,-6.787827120397415,0.08610615994715864,-3.3065385909523393,-1.0891811246346368,-2.2479343840500396,-2.879085535269179,-6.2619719289094276,-8.269943826802571,0.4859676948807259,-0.7879566290981348,-3.660998149892345,2.8893213097183796,1.0344917095850628,5.81885569917496,-9.698598988144699,-4.6345312655896045,-1.1688001344064087,5.459615323095829,4.419945978930546,11.979713372179335,-3.865861812844969,4.277359747683025,10.10411983250538,8.807143023470429,12.554403155050984,-13.157369357282747,-3.070237828771325,-6.9009510814137585,9.539982009709494,-7.1850018005402205,1.1767299096690218,-6.924641016151165,3.8863173983467423,-0.378356285491229,0.22661341533184665,-13.787958741807602,-0.4092544877653106,8.710092800194296,-10.77855356377046,3.8284199538133263,-12.073837768544765,-1.9564807438176972,12.173803573793668,-0.8780720794645509,-3.370025765107883,-3.16913130005449,-0.8293686168467103,-15.397106034626786,7.037595655450591,-4.029622478849774,6.577612289555477,0.34954375574169827,0.5354537870360332,6.933893749361024,3.6778139489378185,-4.4165287921289265,-5.233330866369249,-5.169268991277835,7.117829558309692,-2.8415856852891386,-5.806718546070499,-12.686382963216275,0.9865676529134335,10.560247356315744,-6.847907404290971,9.875627025436954,2.6163032015268195,9.983682327344246,-3.5130968624701904,-15.614182577538664,-5.377444134824977,5.781245839664965,2.2981216280003913,2.6226067531617616,-6.861188620624969,-6.227320104186205,-11.62857156446354,0.18777664822144935,0.3040599575574845,6.307992459541808,1.680379195585049,-3.579705413517381,-3.924426666706845,1.394958103448034,-2.746463180642836,-4.672011640027691,3.866300214402747,12.581954138191914,-11.245076316361653,-1.7835699509527787,8.745709201044882,1.2295876844123184,-0.152712955367166,0.6682155203283981,0.8448636428282352,-0.9903455537933228,10.34087806260107,9.16215395032048,5.220964195078784,9.937542588869958
neuralNetworkClass 	class coursework.ExampleEvolutionaryAlgorithm
INITIALISATION 	OPPOSITION
SELECTION 	TOURNAMENT
CROSSOVER 	UNIFORM
MUTATION 	STANDARD
REPLACEMENT 	TOURNAMENT
ACTIVATION 	RELU
COOLING_RATE 	0.0011
TEMPERATURE 	100000.0
TOURNAMENT_SIZE 	90
maxGene 	3.0
minGene 	-3.0
populationSize 	110
maxEvaluations 	20000
mutateRate 	0.95
mutateChange 	1.6500000000000004
seed 	1646684373006
random 	java.util.Random@3ada9e37
numHidden 	14
numGenes 	129
Training Set Training
Fitness 0.031898322386947994