-0.6626116466102432,0.2037434000831776,0.9660349224482162,-0.5173306551028185,-0.048996655530608724,-0.9063103145069421,0.39462759611110465,-0.6340313203806607,-0.7920818719211095,0.7630116088173186,-0.7314850467697078,0.007483489807401544,-0.5147770863912866,0.6036161969636337,0.4819900018883915,-0.30312284754830965,-0.9809462292126913,0.011894675723489567,-0.3414775071272258,-0.1686231759451564,0.03387323295601263,-0.6619495666890922,-0.3996203164482881,-0.033645911726546185,0.2852699982106389,-0.9739614867336058,0.0037365315207654737,0.7552745532430197,-0.7196125973117617,-0.946129080902054,0.5375563955383055,0.21620334019083576,-0.6979888605976321,0.8655824592887725,-0.8306161778274671,-0.7956603999570683,0.04183055265823221,0.2051575609042079,-0.544524167629691,-0.9047436335747642,0.07453707292830003,0.9034054566632986,-0.5772888887320802,0.7623730283678244,-0.505792980342205,0.5563774507725076,0.1683350464442731,0.9211167445718206,0.6226291541577084,0.45429263026776756,0.25595772330262123,0.5841913267712445,0.5792403168294856,0.5416863145985614,0.9720256491843439,-0.46132264003645007,0.7091862473982516,0.46063289205307856,0.7433140622376505,0.854980170247417,-0.5931715170463525,-0.14217050677767862,0.8185618145130696,-0.3973812571916504,-0.7864428883650222,-0.16579580699285956,-0.8540013177745122,0.7531233918944636,0.06300346324619588,0.9532244306743204,0.04964578429716349,0.956301801339768,0.4635205026995334,-0.8607587578775867,0.9870066067921791,-0.3954162916643531,0.5135257603515214,-0.7665954365774464,-0.05352306441321519,-0.1920469782428198,0.33432539257585814,0.19809862896871533,-0.019533901919936536,-0.4127033229163768,-0.006264464762272937,-0.48118087335915893,0.045249620996560824,0.6953950130814562,0.6114446363074785,-0.46232135677415265,0.24630887050345784,0.838400495383035,-0.7535301565007667,0.7310326798538059,-0.6674714480562969,0.45167087844168885,0.5676687102595445,-0.6030212892443911,0.21748821219227354,-0.9148515642545184,-0.6535031857891753,-0.8799975263965897,0.2652898101325748,-0.8422349595466151,0.48393554710591646,-0.36295584178935747,-0.8734388703660624,0.194700526248338,-0.023954619000235544,-0.12244749066377003,-0.45864259345118397,0.4371072180422796,0.047176627492031886,0.41647259786222535,-0.2057709692965779,0.8546001285963384,0.9410608451947519,0.8260173254030764,0.14045120998039617,-0.4654876962608918,0.14230557746472272,0.3839169284531111,-0.44304836722460617,0.6859766473572219,0.1906201320506583,0.8674190541842602,0.2512011073896966,0.13842937540117684,-0.2895507737772989
neuralNetworkClass 	class coursework.ExampleEvolutionaryAlgorithm
INITIALISATION 	RANDOM
SELECTION 	TOURNAMENT
CROSSOVER 	UNIFORM
MUTATION 	STANDARD
REPLACEMENT 	WORST
ACTIVATION 	STEP
COOLING_RATE 	0.0012000000000000001
TEMPERATURE 	100000.0
TOURNAMENT_SIZE 	90
maxGene 	0.9999999999999999
minGene 	-0.9999999999999999
populationSize 	110
maxEvaluations 	20000
mutateRate 	0.95
mutateChange 	1.6500000000000004
seed 	1646684373006
random 	java.util.Random@3ada9e37
numHidden 	14
numGenes 	129
Training Set Training
Fitness 0.15638942851024937