-6.558469218906389,-4.609482730101502,1.6741662996962616,-0.3548935415361374,-5.197902974644638,10.124734531421476,-3.4026276613891913,0.1767091433097132,-9.688712720929393,4.83469776520867,5.255689195468667,1.8245198083062082,9.549869665158862,-1.2705139274943904,3.586246847230637,4.907408544750924,-11.827790638838241,-6.24714123569373,-2.9150976810406704,-1.3746558243116294,-5.078203662058886,6.314452454470041,5.146497670755641,6.846843333023644,14.63283632533034,6.479899233575191,4.7797189686631,-3.3419618268531934,0.24595698674191802,-3.272199576178817,-3.4078139966904306,0.2770007383216253,-4.66751268448823,1.7041467676561384,-5.179690846972758,3.122117729086021,-4.736825664344801,-5.097567774260039,-0.11764442783030216,-3.5665341926752996,-0.2763922244441668,9.920364364600017,6.812073346207881,0.13129420248292512,1.3200293404988592,8.541731520164127,5.334128606153852,-16.59412318128404,3.685609814433029,7.96464181093566,-1.42848336672367,1.8181534095781942,1.6386829708646697,-0.35499326585631596,-0.27098554996708835,-8.549265675831661,3.3608319435702416,-3.1032028904226774,-6.824351657102892,9.584000877015663,1.5041299051126371,6.288256521945455,-10.096943658286843,0.03218866583557456,-5.046757220066987,-2.0040875910387803,-1.784468077227463,-1.990502135989299,11.509508661891736,-4.674117408511618,-3.6885591413659657,-0.09356909219081988,7.980513955182248,-5.165370139624038,-1.6053895878243365,3.09171356933654,-3.6999065184694917,-0.0710251989562356,11.408195317667552,7.965312539215944,3.6200871642691794,-4.852167810298175,1.6624320224874323,-8.326781725674332,4.556592820625966,-3.0242065668853577,4.981598165446276,-11.295181644063783,2.9398603851802116,-0.1886670007484197,0.024401424438815766,-6.571157394782764,3.158379481111444,7.860073793807514,-1.5640728870752092,-1.865981877003434,1.4041181614721605,12.996201925674324,-3.381818884116811,-3.3242723995175565,-0.18272264961926243,-1.4172218302196038,13.010170200113157,1.2901216332332766,4.695331116400176,-4.985650539001236,-5.002631525239879,9.572291058521579,1.9725299108398566,0.0429198202037222,11.924324896454655,11.87526232916641,12.992449512792897,3.2209966402635057,-3.686927051438125,-2.0282653095677965,-1.3624248442828288,-8.406915552909908,3.2439098446213546,11.330634383822751,10.046316057279387,2.9396543610874093,11.234018824031287,-3.604282595769483,-0.26074757882920263,6.225273851231737,0.2533146571834184,3.4636083538030906,-3.55717726677988
neuralNetworkClass 	class coursework.ExampleEvolutionaryAlgorithm
INITIALISATION 	RANDOM
SELECTION 	TOURNAMENT
CROSSOVER 	UNIFORM
MUTATION 	STANDARD
REPLACEMENT 	WORST
ACTIVATION 	TANH
COOLING_RATE 	0.0011
TEMPERATURE 	100000.0
TOURNAMENT_SIZE 	90
maxGene 	0.4
minGene 	-0.4
populationSize 	110
maxEvaluations 	20000
mutateRate 	0.95
mutateChange 	1.6500000000000004
seed 	1646684373006
random 	java.util.Random@3ada9e37
numHidden 	14
numGenes 	129
Training Set Training
Fitness 0.06237892112140793