3.080929831311554,-10.148161077830236,0.5209538103952962,6.7885171253188235,3.266840308274767,-7.564923777701313,-5.011723149876602,-0.9548144820396853,7.127493532737622,-9.897455629702103,2.3159915678454466,-2.810636911875113,-3.4051422924673282,13.825241565939999,-0.8423478420128427,-12.121706709640568,2.341126434323554,0.45134456069091566,3.1537605573048797,-3.625953303483457,-6.177877675689519,12.350440702791083,2.6358699675188255,-8.896653011743826,5.8381541505826275,-4.0769374648069805,13.012271941869448,-1.4118138576165018,-6.150526620409345,-3.080394666425878,-6.042626766689654,7.862207751131882,8.312775892810317,-18.661121627785946,8.074918957025245,-4.467241563859297,8.621984292499437,3.7902120029608657,-11.909240834690081,-1.1690722468328385,-3.9591495885328545,0.4542189395282925,3.90390928855558,2.7618215830784454,4.856711392617564,9.465972826273935,-10.56480218370405,-20.375265462044872,8.214027324385533,1.3205470594927693,-8.189158528441126,-8.83219188223295,3.203131780862437,-3.985478567651299,13.053838076023784,-0.2258164093123467,-9.116086045314514,-10.611758881390184,11.879111193219455,2.596581838691331,-5.884040598881075,0.47228230463303866,13.698887591711754,5.66466331216661,-4.1540377185959985,-5.232249814557028,12.542837964080183,13.134440756351795,-0.07997320217764603,-5.446290957254921,-0.6169441609060042,-2.5685557296573878,-4.457232576876043,5.716212852491392,1.4769965652440042,0.8592563535719062,2.4969190735723252,-2.3179192452535213,-1.247953002183099,-7.047543866226031,-15.583540290491197,-9.133271691799678,2.5534419034104765,-10.502062777257878,0.9730492654167531,-2.5409560648059237,0.31278930730806387,-8.869017580727405,4.839883862092675,4.767465396021072,-0.8324838931808127,7.282401411990479,-3.911139195481435,5.290086759349819,-1.027909805599709,-6.689540278516203,-13.893752079622685,-8.352201341563655,-9.31007703756897,-22.15375119163516,7.528845875513138,-4.866867253719498,0.9404030888801636,2.313568919161212,0.4569321712313501,14.665267717867227,-6.8808051909026835,7.050736440575172,16.30967816565918,-7.807450779736557,-14.625620683208835,-10.669147363270833,9.193133993206938,2.991073560467499,5.900409820845736,-1.3089125976708367,-0.42668065841888225,12.659344802670574,-1.4682966653409153,3.6824446699379987,-4.021502978321395,-1.6801352533874798,18.82574848764125,7.692849636355776,4.614002143275691,-7.213345222950343,9.629640945068731,0.3499970662082319,-3.977515770136735
neuralNetworkClass 	class coursework.ExampleEvolutionaryAlgorithm
INITIALISATION 	AUGMENTED
SELECTION 	TOURNAMENT
CROSSOVER 	TWO_POINT
MUTATION 	STANDARD
REPLACEMENT 	TOURNAMENT
ACTIVATION 	RELU
COOLING_RATE 	0.0011
TEMPERATURE 	100000.0
TOURNAMENT_SIZE 	10
maxGene 	3.0
minGene 	-3.0
populationSize 	110
maxEvaluations 	20000
mutateRate 	0.95
mutateChange 	1.6500000000000004
seed 	1646684373006
random 	java.util.Random@3ada9e37
numHidden 	14
numGenes 	129
Training Set Training
Fitness 0.010175433663215844