11.55818467981721,6.563852801839957,-1.497459385873226,-12.60379297325727,15.7086160592697,1.599143015802471,3.3787939141925705,-2.3326033092967284,12.10442277152206,4.899099696959166,4.052966499513126,6.861105771948978,4.87061812265231,12.119680645500576,14.185958441666822,-10.802327252412004,-19.122767779301874,-0.09046080093932218,1.741920471951837,-2.660484910179788,-5.770828022121802,-11.06356327138856,7.2156327641597,21.581417148909132,-16.953519689118718,-12.968161438619559,31.772284175892132,1.1615048797617735,1.2658497405632092,13.714404678489265,-1.5770911864151902,0.8742246965915994,-2.998343034341672,-15.626859039119529,7.1976764529223445,-1.135149192878198,-5.314538610887768,-5.894585636800851,0.03206469038390747,7.652094223535235,0.9925485494212642,1.0296444906359712,-2.435077599526416,4.493740262350825,-15.558166135570863,0.8545932971607719,8.968922022111405,12.716104630302272,3.9206779275216785,10.536781601088967,-14.65712065672938,16.87145514426583,-4.361102664270894,5.944675392074803,6.591905686371991,-14.48159323608938,-2.593509244434692,9.172889763311627,0.7553409397798543,-6.761343706612081,-1.7216304642988245,4.14988387526431,-3.6193427686568516,-3.425315856120541,3.723165755773909,4.973944390047451,11.832575913104709,-11.625547226716563,-12.322053964906571,5.965377029875686,3.7414560207067797,2.0638024886610813,6.062702433959029,-10.601870565917975,5.490424573685624,2.165148218215572,-0.8531479257396857,-5.3195743784096186,-2.318283088156339,5.451916571258508,2.8306380259669464,-0.9369438051217909,2.855015175445792,-6.852632532258108,0.930530622442511,-13.741071158884296,4.564719630194004,16.360157799544396,12.385580458317541,-8.413200400768025,-0.6535416361339248,5.240642763853435,-15.253376537782255,18.73865116026306,-5.580901370427531,-12.083417739956786,13.422975219603362,-0.6617603003212622,-4.650033927000383,-8.134135080750735,9.426367927211217,0.8051051236089579,14.87762097640452,0.4350935916506309,2.3260349508277223,-5.408601663851309,-4.553023979308355,-1.4446858445443276,0.24260297664251596,1.0485820512304294,-1.4733915279409633,-4.2989447662811,3.813575134846838,10.817871114794043,-5.318506922352261,2.90057617576905,0.5549348635640383,-12.592546129919969,0.4708727925126439,8.636079726033323,-6.678328233567857,-14.250290399088476,3.274965276154516,9.99100783344709,-4.510364286681276,6.818400935712408,7.8865289102849,4.86334858901305,6.986602981248561
neuralNetworkClass 	class coursework.ExampleEvolutionaryAlgorithm
INITIALISATION 	AUGMENTED
SELECTION 	TOURNAMENT
CROSSOVER 	TWO_POINT
MUTATION 	STANDARD
REPLACEMENT 	TOURNAMENT
ACTIVATION 	RELU
COOLING_RATE 	0.0011
TEMPERATURE 	100000.0
TOURNAMENT_SIZE 	10
maxGene 	3.0
minGene 	-3.0
populationSize 	110
maxEvaluations 	20000
mutateRate 	0.95
mutateChange 	1.6500000000000004
seed 	1646684373006
random 	java.util.Random@3ada9e37
numHidden 	14
numGenes 	129
Training Set Training
Fitness 0.017643978894854553