-0.5071131965822697,-0.48105322435904707,0.24519080745444166,-0.8739982425917504,0.5968127587555011,-0.6741555838347231,-0.9513616874469834,0.08641037372151728,0.5600165415432797,0.5478097123138838,0.5687861453873059,0.011241663274003222,0.07987467745126031,0.487268464759688,-0.0013511673918891187,-0.7103572393771556,0.502289982768188,0.8707704412992746,-0.7091212224387029,0.5179193311640323,-0.1756475421904462,-0.11965219251911652,-0.05349144997227495,-0.9275189165180101,0.9633063439678463,-0.9650194531245827,-0.8307550604191855,0.22833239217348733,-0.6999257552897675,0.843697892727549,0.591289267744271,-0.6134864422199098,0.04677625829068466,0.11871069177026394,-0.9707997030893792,-0.25209764432749293,-0.9546569759143181,-0.681991880085987,0.4509105727311954,0.890693553814054,0.40378616295476977,-0.9847148592829956,-0.23475813280652758,-0.729915239403105,0.44547039706884817,0.9701169931320998,0.4555983715395694,0.8554613457157457,0.5884348229229296,0.02678994654040945,-0.8669602166784124,-0.07751679622030672,0.9606314884857062,-0.2718768247190757,-0.9536670423289081,0.24335655538235723,-0.747819927996249,-0.7358898402948388,0.8795631105934766,-0.9714792288634088,-0.5459065103652012,-0.2883430770997044,-0.32822269909738,0.20275462370196162,0.9834224340302412,-0.4354261007905469,0.14076043782562386,7.193339979126856E-4,-0.9549755867071538,0.5589833307103472,0.09201801871085757,-0.582063737559148,-0.7351693616096442,0.22034562816052927,-0.7614006221879558,-0.16374886267557986,0.3870701287292685,-0.6100766850963011,-0.7058843187732768,-0.6848598294285375,0.03978337437673318,0.7682235042476281,-0.41927097764068266,-0.2925979612841141,0.26654438336715847,0.7379511408403135,0.930676413538181,0.8558660374254768,0.29748850420661854,-0.13561247264150755,-0.5127935404889996,0.584083652168668,0.987832180995743,0.5785595504441995,0.6786764232584154,-0.18166726395032762,0.6325181512053483,-0.19997741206072295,-0.1242551954036557,-0.8869594135925604,0.11915598628508539,0.7716450411470871,-0.07862927140934173,0.2769889985523334,0.10071071633276574,0.9764219124411334,0.5970542124155297,-0.3011959153071986,0.10726145875494375,-0.8081463398644245,0.08845062445038188,-0.16093247497007113,-0.4653263931742617,-0.692103373769217,0.1467872308735504,-0.016868642034241876,0.7863332258357366,-0.18394200226163115,0.2508917450488709,0.08695221154959831,-0.9917296043029388,-0.3844603554588071,0.8568941566451186,-0.23841668702468666,0.061456939338941585,-0.0034456649402592188,0.7701614306260599,0.589807228831741,-0.1593775590593285
neuralNetworkClass 	class coursework.ExampleEvolutionaryAlgorithm
INITIALISATION 	RANDOM
SELECTION 	TOURNAMENT
CROSSOVER 	UNIFORM
MUTATION 	STANDARD
REPLACEMENT 	WORST
ACTIVATION 	ELU
COOLING_RATE 	0.0012000000000000001
TEMPERATURE 	100000.0
TOURNAMENT_SIZE 	90
maxGene 	0.9999999999999999
minGene 	-0.9999999999999999
populationSize 	110
maxEvaluations 	20000
mutateRate 	0.95
mutateChange 	1.6500000000000004
seed 	1646684373006
random 	java.util.Random@3ada9e37
numHidden 	14
numGenes 	129
Training Set Training
Fitness 0.14384578110398988