11.807476760928294,-1.3364734296634833,-5.964624606710437,-4.557346345195343,0.7755707712479083,10.411127163396502,3.579253699095915,-8.944131512495602,1.3326290822573528,-1.6386191256738276,-0.4522507886949616,-8.686382456930584,0.5607049361157546,7.72992161870258,0.4753941771729586,-1.0905430276752055,1.0795059494930168,-2.695603886137473,4.137999260843348,-0.7224802033719575,-1.3621885553470703,3.7958068503957705,-1.4908383876549438,3.9647793799211914,0.42073994828926686,3.6313018027908646,0.619143006110245,-3.9365460739655767,5.731740875838862,-4.861016799294925,-5.75489442869263,-2.48357054288344,-0.07970299599740338,3.196793697825332,-3.982440200793522,4.273814505678924,-5.324073214508671,6.576521957819734,0.9212315799096471,-0.718525507211405,0.4961929115296595,1.5104558544249542,7.049422390456185,1.6726261273298375,2.5610274373876356,-5.857807265504576,1.4392871526349338,0.7113078680145861,-0.9922058080772889,3.4946036053197087,-4.9286777871057055,-4.648221498872333,-2.9488786447679542,1.59693068363081,0.009710076095527764,-8.66937450268309,4.878642068342115,0.4594837089413808,0.7410262779353065,-0.6513953502211418,0.5783938451758566,5.26838101623897,-1.412821104191881,5.126964056704736,-12.034263858917186,-0.8057277710998716,-4.02569663721647,0.6382385381986193,-1.3727479814240704,2.7679573261135824,6.8326998558159335,-0.6357613516615235,-0.013784652759931681,0.5723042906976801,2.3337576395316306,3.3741907383784016,-4.231193864749695,3.983853377085107,3.538170374530269,7.1437161434838385,2.1623742599661924,-10.281024393734144,0.7856061301065349,1.2505798575355946,2.156654931027205,-1.451556528641201,0.6993551392020629,0.035862881762009025,5.295951731738401,-1.709248254635777,-6.13966217591488,4.609456407071264,4.244912079293744,-4.871489258094537,0.8232134271809466,-6.993496003457022,0.03262890840937338,2.2637240162453542,-1.0468070553974966,5.0166561698412195,-4.010588951990635,3.786738800321139,-1.0444863083311091,-0.28926780487760384,-7.92232410166177,-2.669851663047068,1.5503980089046197,3.4796233642483907,-6.356973738150515,0.8129072901206884,-0.28532602457753775,-7.321998122279108,5.32368211171686,-2.8485951579259305,1.8670961969480802,-1.0193634947621302,-4.943951498503359,4.373226016922258,2.067766291174519,1.0118484356031123,3.0013099567205765,-1.3341837396600909,3.982908808709407,-0.7011209958615954,-1.5574494725051622,-2.0237536273552403,-0.7653799099389067,4.227668746465766,-4.5859916171869415
neuralNetworkClass 	class coursework.ExampleEvolutionaryAlgorithm
INITIALISATION 	RANDOM
SELECTION 	TOURNAMENT
CROSSOVER 	UNIFORM
MUTATION 	CONSTRAINED
REPLACEMENT 	WORST
ACTIVATION 	TANH
COOLING_RATE 	0.0011
TEMPERATURE 	100000.0
TOURNAMENT_SIZE 	90
maxGene 	3.0
minGene 	-3.0
populationSize 	110
maxEvaluations 	20000
mutateRate 	0.95
mutateChange 	1.6500000000000004
seed 	1646684373006
random 	java.util.Random@3ada9e37
numHidden 	14
numGenes 	129
Training Set Training
Fitness 0.009872596409650469