2.5214857904529353,11.174551689881293,2.6006853891676656,-4.050950929934871,-2.3888749396533973,3.3849108986394736,3.3951360303367597,-7.0160002733453,7.682906577818985,-7.449913371855816,-10.106669281552586,-2.935078492303102,1.9207298760932687,-13.295534363450175,13.490161879390916,-6.323468003797842,-2.0473456977829496,0.3955664134900658,10.097928047036252,3.005554912357857,-5.688603877387886,-5.615921413014057,4.176077115731177,5.631619402983796,-8.043558775719715,3.6988678728384237,-0.3557492712650552,4.465758323225894,-4.203445333656296,17.25027887715202,-1.2902053483790041,1.3900326541346297,-3.785640141276552,4.858584649255905,-2.6899603640914,-8.838423706500452,9.770050267108195,1.6704456758721093,-0.9487006655784764,-5.9333805847270895,1.2991870540738333,-8.735241137538617,10.870671040920412,2.4448158226133536,-2.530073004911877,12.44029047059431,-4.096633123958986,10.601464349957153,5.627915848531769,-0.41899559499496064,-0.8925574772973945,-1.4650198145251982,4.882472037905702,0.6610117565495539,5.0794323462896145,-11.070762145693676,-0.07442272947374029,-7.020416153822072,-3.41146054367697,-5.604827160363776,5.5755809045503995,-13.692314545048527,-12.386329595706941,-10.406704788891988,-6.049585382390195,15.781002741100897,8.436744799867888,7.978532989439882,2.0505065933285733,-7.109546956530389,-0.2726497755702342,-6.168910167659353,3.2194727547870166,18.09968246768304,-2.5520454870182974,8.821766628799468,9.101054911027102,1.9600699261007897,-12.28447305178194,8.20746218032419,0.823665308647719,1.6472746289393658,2.1745610978677004,0.4623342393250631,-8.980711504438478,-0.39062312496277407,11.718132901740214,10.822367067849976,0.7213812106144708,0.4451800954100662,0.2877677311999838,-10.494141675295262,-4.41319777896096,-2.077743449884495,-3.9604693664526565,2.1196022239050194,-3.8003054763424275,12.09783401153732,-1.2171042093248383,-3.179686566735205,-2.4093674475919826,-14.128361639421357,3.8305901036610646,9.923100035580017,12.49223878227008,-0.8216796377171613,3.191747872125797,-0.7664394169768034,-0.6471371121256251,-8.681887115026129,1.2973533154123085,-4.072654483310947,-0.807190830891682,-12.472122173826534,-2.4839110629895167,2.4107890540825245,2.4129877393786323,0.7607200824938039,-8.899652277644613,10.668482696812399,6.103754577654273,-6.029140010482778,-4.103691792256361,-10.8115719561777,24.40209860887782,-13.908528069561646,12.158612134131479,-6.897328308471229,8.908222124346103
neuralNetworkClass 	class coursework.ExampleEvolutionaryAlgorithm
INITIALISATION 	RANDOM
SELECTION 	TOURNAMENT
CROSSOVER 	UNIFORM
MUTATION 	STANDARD
REPLACEMENT 	WORST
ACTIVATION 	TANH
COOLING_RATE 	0.0012000000000000001
TEMPERATURE 	100000.0
TOURNAMENT_SIZE 	90
maxGene 	0.9999999999999999
minGene 	-0.9999999999999999
populationSize 	110
maxEvaluations 	20000
mutateRate 	0.95
mutateChange 	1.6500000000000004
seed 	1646684373006
random 	java.util.Random@3ada9e37
numHidden 	14
numGenes 	129
Training Set Training
Fitness 0.030685808233340897