0.7231156788548821,0.7875533680850976,0.08987451173780359,-0.6262855413349027,-0.5042150201398072,-0.547389793556011,-0.43520272812498884,-0.14831270276590747,-0.5593761425146762,-0.12419934743401884,-0.19065574766470372,-0.4100761254669787,-0.8624001428331994,0.06918888533844136,-0.29679354466209995,0.18008331032640912,-0.32709319242088153,-0.07155071511337852,0.6166878445646061,-0.9904970843316748,-0.6430357697864222,0.8048203344210182,0.4089903573201189,0.8813764421891325,-0.2250678977602001,0.6639124763629877,-0.3470330199330245,0.1781293220394794,0.2605068100048499,0.8396729342951988,-0.8008002355627232,-0.27686220176403054,-0.2704458011277213,-0.9214665254662703,-0.45185146101962004,-0.5689112643860561,-0.6335904460180473,-0.4665746857463169,-0.24259320767937775,-0.5819494373667384,-0.684266639388925,-0.671408142066588,-0.5477017929750243,-0.2900427979825362,0.3958076056919443,0.05570317266181257,-0.03874136837743758,0.8378603059576065,0.13803909686530524,0.1526107308642889,0.8536974617028085,0.2887282417241753,-0.5149240458833024,-0.2880665455007596,-0.9864308301696126,0.5157687816737598,-0.7302036107390626,0.46040628810405304,0.05166389382617764,-0.024228656427586204,-0.6348299434946862,0.24062073150994123,-0.04438764503962189,-0.5148478326023456,-0.05709168763041772,0.24517319008805993,0.20202277419666126,-0.5100181091964711,0.16837542509239045,-0.5657345930181328,0.0058126354014459425,-0.689348316232925,0.22577312182479414,-0.12413364194166077,-0.09508924008913877,-0.7840393444989814,0.44276146164431796,-0.7495513428566716,-0.4950679509535658,-0.17151625609278032,0.7659266633075829,0.40343848207508526,0.18376805059194645,0.8480931287480483,0.26014702968504044,-0.8885646729044213,-0.4619251708383034,0.5126776109574896,0.8272480572334465,0.18112909573042646,-0.7090609204235307,0.4707332338279463,0.9050805095039062,-0.0565824300432316,0.16997000421028108,-0.7629398773189183,0.6796583780340212,0.28900421693663814,0.9778706702636722,-0.4878616831545757,-0.14163580353440497,-0.6897448393670684,0.6261061421371305,0.9073681577965184,-0.5122327243731755,-0.4265759613244313,-0.5482077575096589,0.2902924070060827,-0.7450298934623627,0.047422742719914424,0.8272441427369376,-0.5375916176198596,-0.16498881601979276,-0.11217593200276577,-0.0939851214986569,-0.5194889204101241,0.13857233132283187,-0.9284264724542236,0.6363760993049791,0.17876979962005846,-0.13480832712119417,0.9654975715877058,-0.21070399000781204,-0.3511849818864694,-0.9025011687162133,0.37499172323614227,0.46000558805626157,0.171830242152622,-0.4725443099110973
neuralNetworkClass 	class coursework.ExampleEvolutionaryAlgorithm
INITIALISATION 	RANDOM
SELECTION 	TOURNAMENT
CROSSOVER 	UNIFORM
MUTATION 	STANDARD
REPLACEMENT 	WORST
ACTIVATION 	TANH
COOLING_RATE 	0.0012000000000000001
TEMPERATURE 	100000.0
TOURNAMENT_SIZE 	90
maxGene 	0.9999999999999999
minGene 	-0.9999999999999999
populationSize 	110
maxEvaluations 	20000
mutateRate 	0.95
mutateChange 	1.6500000000000004
seed 	1646684373006
random 	java.util.Random@3ada9e37
numHidden 	14
numGenes 	129
Training Set Training
Fitness 0.12071701103812499