-7.24612514302869,-2.9316004827224207,-4.078201509811827,6.609224627446203,-23.391589261635566,6.069628840971875,-4.655725317040425,-15.992489123663992,-0.7321616095153658,8.829239644477344,-15.170331860907451,-2.691276409603489,4.1322921542618385,-0.7781398960300985,25.27004056813152,5.633747975917645,13.644026702884798,4.148705318033962,-6.731481332652114,-14.370299060930593,-3.826798246694006,-18.222061970507404,2.176769556469088,-4.182536408804635,-14.93478847931601,-6.1450280775293935,-17.723879220973643,-11.148640446530191,2.2601454876033857,-12.112268153507816,24.072869282242586,16.391897091747587,-9.325742387749013,15.188062570794742,4.576369727886723,-6.112589033695418,-8.89987754924957,-5.585855266180346,6.764042028450858,11.592862431696137,4.936453798195631,-16.790046894854072,1.4604813115933961,-11.226017824920513,17.550354002949064,-10.223541370755987,10.218404002082524,4.752354596766841,-5.745935525995576,-12.614545497098675,9.437207248166862,-4.408028585866818,-9.354919766690642,1.760550124254542,-6.25953206403603,5.560200661359831,-10.037208722926271,-8.898941778365486,-2.143244674431082,8.866038872627023,-10.443391693535256,0.413162720996918,3.3086736146107265,4.735938234173405,2.5398299928835932,9.888933704361381,3.6631042974335397,-4.067579487371621,3.1703008392553276,11.387425578022235,-3.9188419929988125,5.003111603462191,1.5032130924180898,-5.526735929792913,1.9793990499573129,-5.582246210374312,-5.896806362122316,2.0068042447171592,-9.125552139746333,-13.441827035067764,-4.867876423279487,4.956108630782341,3.181114805966195,3.1211007027003568,4.345927052053731,14.014670784181725,7.569798544230947,-12.221098397522498,-2.3975488843133874,6.637273563360486,0.7266672695954037,-7.84844649779804,1.996319286424634,-1.2008340904653947,-17.838893621980766,3.6910411747824714,1.8272891113866203,3.8498433460830537,3.3850772997310017,-5.921389166262473,-0.7496517230426925,-9.314522944082018,8.169845458051938,3.0961431471121825,-7.89968430830068,-9.277632825368222,8.381859302122084,2.1224481288023327,2.341521452959282,-15.132173387481874,-2.1389899537474744,0.21653867880332545,2.6673039727436603,0.6804810558033312,0.4654856639395959,12.355169458093984,0.9234618712546174,7.4257666399491615,-4.10474228648807,-4.498548128987078,7.321947318088976,6.212509426594135,-26.92732012585312,6.323347111515089,4.408564513538119,10.840872888304295,6.188403612583656,-8.14540088724661,0.8412812925413959
neuralNetworkClass 	class coursework.ExampleEvolutionaryAlgorithm
INITIALISATION 	AUGMENTED
SELECTION 	TOURNAMENT
CROSSOVER 	TWO_POINT
MUTATION 	STANDARD
REPLACEMENT 	TOURNAMENT
ACTIVATION 	RELU
COOLING_RATE 	0.0011
TEMPERATURE 	100000.0
TOURNAMENT_SIZE 	20
maxGene 	3.0
minGene 	-3.0
populationSize 	110
maxEvaluations 	20000
mutateRate 	0.95
mutateChange 	1.6500000000000004
seed 	1646684373006
random 	java.util.Random@3ada9e37
numHidden 	14
numGenes 	129
Training Set Training
Fitness 0.01672817353345229