12.732071021224828,6.849096576676056,-8.935948201727875,2.847775619058158,2.8294464597478015,-0.7627039867245737,-4.627638295927734,-5.302829345027413,2.0260739752852928,-3.88010080015132,-18.788315520109627,0.7674742966214874,-5.729479166144444,5.325757507225739,2.3390965920745366,-10.26170938397699,-0.5728158672777663,2.949072819916255,2.455220522654752,-2.1689948565941624,-11.044162641532044,-3.3335787496064233,10.04851427428053,-7.234492210057175,2.6026911608873853,-6.41167698286119,1.6033642448384633,-1.3988385274344584,6.258229374308279,-3.633463434310732,-3.8854546365273634,-4.99981005955727,11.60856493063267,5.934116553395554,0.06585147557562632,-5.348737357285774,-3.2839524216227947,-0.30136777514086166,-2.0665712018400653,11.078169693996218,-3.38866394311154,3.9398055261195584,-2.9354183361080466,6.783083736272962,-0.03686626593744258,8.33118309410033,5.110554953566647,-0.36397997460131926,-1.3367275591785095,-9.73867901559395,3.1570303312240613,-4.328288281981774,6.573808872465783,9.62331519109398,-2.6011924226355347,2.192227600729173,-4.620710732178797,4.072373710206124,6.245379841354123,-8.901729724970313,-13.028685432043007,-3.4805142500425497,0.37184159647819737,7.934201049189909,12.964030206135963,-4.514901630048915,4.494805321747874,10.081446442078759,-10.601856788886993,-0.6199229412647291,0.3057365458549528,-5.67794784827975,2.2875566792625834,1.66208048295529,-6.615647586178325,-2.781240797998856,4.4966956385326595,-2.8661593787740443,1.0424596703930131,-7.929914367947692,-9.09191753482763,-7.644297632760949,-1.1361527822982138,4.048506964890554,1.1487032496779932,-11.161871156857536,4.758579300286793,5.066938443831214,-8.00980677761046,-7.639254055502414,15.790271666833384,1.3433308523023673,7.67185229968335,-12.117146925718869,4.1126646520477115,11.04530187018266,-6.083014709721223,2.966189593037768,-0.8829535585616979,2.3963318972985412,-2.2779516523529484,-2.8258955532624253,4.5448087662543415,2.112167731682111,-7.255435787075905,6.192137153925964,-1.9903451203035103,-10.239320511146081,3.2497570741328428,-5.616624687335676,5.9517139082389985,-0.04946614804892491,-3.052662174306061,-4.602183497313749,4.961048073400297,5.353648411495965,0.10885976032010625,-3.3016813396181646,2.710775740432757,-6.896493007705546,3.052543951543435,-2.253415772829716,4.880267423276081,-1.4639778783775075,-8.48353763055745,-4.939017000586787,-4.523396150859766,7.7517406844820975,-3.7375513362642137
neuralNetworkClass 	class coursework.ExampleEvolutionaryAlgorithm
INITIALISATION 	RANDOM
SELECTION 	TOURNAMENT
CROSSOVER 	UNIFORM
MUTATION 	STANDARD
REPLACEMENT 	WORST
ACTIVATION 	STEP
COOLING_RATE 	0.0011
TEMPERATURE 	100000.0
TOURNAMENT_SIZE 	90
maxGene 	3.0
minGene 	-3.0
populationSize 	110
maxEvaluations 	20000
mutateRate 	0.95
mutateChange 	1.6500000000000004
seed 	1646684373006
random 	java.util.Random@3ada9e37
numHidden 	14
numGenes 	129
Training Set Training
Fitness 0.06911034004736441