-6.109495657749372,-7.787004245918633,1.359741284586292,18.534513937713257,2.877255869510564,3.1816460245629443,-18.574831489578052,-2.9964596407714676,6.8701628294060395,8.292386677418339,-5.383457669195891,-14.63098931259276,-4.137855177026058,-7.249123902700221,-0.8647966239670932,-10.748328105613025,-10.033994793938392,12.682091870522507,-12.748732997884758,3.50042006711878,1.2104860041646806,13.742462876801238,2.064886457810788,-3.2196608175449395,-10.812562529595642,-1.2690100109646734,-13.706253597936318,19.308238752822973,-8.062419797558695,-5.817035291767509,2.4662554039314397,1.2049457382120785,2.367493290148003,10.394243751633901,-22.461777635690552,9.463872481257376,11.116384237478153,9.311313913707629,-6.291451957051404,-0.9474306194291167,6.932784730822368,11.835781948327652,-7.268092716572363,-24.307392227652365,-2.646913187079315,0.8453064254052407,-6.923755543649591,8.360559703723403,-2.06052998015379,14.545693758220464,4.432780599568316,14.081367645966171,-6.5667263679435575,12.132758466845466,-16.749605902084376,1.9284452201598512,17.398606568911,0.3859102260785523,0.21897296020969215,11.731961861026495,4.327469476176057,-3.563631973294351,4.597813824040283,-7.196171683358774,3.994185888415343,-3.9081745973374256,-7.755663171627539,9.791992818571275,-3.775316662562151,0.6710283603571776,-8.992776233985984,7.798226089289448,-3.0454571799130505,3.8617443938722325,-0.5900905842782898,4.121251938036877,6.79545547424027,0.6084322396814645,0.5183481017460467,-22.758727154768394,-8.477647667681223,2.9189623757649983,0.37546675194084855,-9.488805212184486,-2.987626661004642,8.04207607613203,5.356023628693995,-6.168231428909346,3.4222548332817713,-18.52065749986371,-0.094855794306687,8.372648128551695,-9.417166684112832,2.6137277267821375,-11.348465324042843,3.863473538865575,12.710849852326895,2.692754191988236,5.351613711760164,-6.936526156165625,1.2124239960771108,0.4501748121702658,-4.4318439445990965,11.041858159262574,11.027434463934188,6.810226246782406,-13.129707827946365,9.680615509577212,10.373686054422919,-14.740592250861013,-7.88110626508165,-2.6575519453397476,24.51991219146803,-2.0684549640288417,-3.5822943717051174,1.097589303603102,-0.5602102206556125,6.5765671572101745,-1.6130519489401767,11.884040698904137,1.9943105155395822,2.4192341379114666,0.6574455262537011,-5.958804964555218,2.132323791237889,15.140118998866106,0.4891299330723724,-7.158458261360709,9.236344061245628
neuralNetworkClass 	class coursework.ExampleEvolutionaryAlgorithm
INITIALISATION 	AUGMENTED
SELECTION 	ROUTE_RANK
CROSSOVER 	TWO_POINT
MUTATION 	STANDARD
REPLACEMENT 	TOURNAMENT
ACTIVATION 	RELU
COOLING_RATE 	0.0011
TEMPERATURE 	100000.0
TOURNAMENT_SIZE 	10
maxGene 	3.0
minGene 	-3.0
populationSize 	110
maxEvaluations 	20000
mutateRate 	0.95
mutateChange 	1.6500000000000004
seed 	1646684373006
random 	java.util.Random@3ada9e37
numHidden 	14
numGenes 	129
Training Set Training
Fitness 0.022610919314991988