7.0659926661065775,-5.484476004647675,-4.804435353562351,14.832729017614303,-12.637391731891151,5.914940800942073,13.575165783346076,-11.124099126852284,-2.1549819946649746,4.342411654533079,-17.35883326077027,14.026634575410457,-7.186269175670844,19.463470720782105,-7.427981631271328,-9.410543722737316,-5.385999700117377,13.918048910852042,-6.300706373490261,-23.968685406601637,-0.006948278986383727,25.003215100924933,-7.3634096494598165,10.882046290185018,11.018625747172042,4.769953846998884,-1.381083366277787,-4.679543018965248,2.1578538977425668,-16.801088797402798,-2.6611264680376,21.90349205774121,6.312722956755415,-9.882134592314255,19.521153963242007,7.757936678866534,-0.7979704492049287,-7.470005307801132,-5.783275551320735,5.634418150418816,-2.932918002697477,15.662134985517808,-3.100823225763415,-0.25185093814228043,12.408931855966287,-13.379975105721671,12.389001182731317,0.8830330350460862,9.589080676565468,6.951040133797916,-10.302928808402465,-5.137648542927785,-7.2172171200319735,-21.067761797619347,-15.380631290863269,-6.836587683089276,-1.5056132878236284,-5.7693961599467745,5.920058671788778,-7.512228039944427,-23.827601615347746,-0.5778164604847333,-6.2033471576289365,8.998246938099637,-14.079065670165845,-2.11106004989486,-6.626264840021991,-0.028956871971850706,16.25071587460527,-6.556976531162684,5.261954087519856,8.685941587633696,-4.0532596560197,-10.953484876159807,4.0967238919529265,-6.360415619294813,-4.046049322118951,-3.562738788967959,10.447485563214668,-9.37002382251778,-8.75084796379904,-4.5237821957703455,-9.346581107772153,0.08484306757578075
neuralNetworkClass 	class coursework.ExampleEvolutionaryAlgorithm
INITIALISATION 	AUGMENTED
SELECTION 	TOURNAMENT
CROSSOVER 	TWO_POINT
MUTATION 	STANDARD
REPLACEMENT 	TOURNAMENT
ACTIVATION 	RELU
COOLING_RATE 	0.0011
TEMPERATURE 	100000.0
TOURNAMENT_SIZE 	10
maxGene 	3.0
minGene 	-3.0
populationSize 	110
maxEvaluations 	20000
mutateRate 	0.95
mutateChange 	1.6500000000000004
seed 	1646684373006
random 	java.util.Random@3ada9e37
numHidden 	9
numGenes 	84
Training Set Training
Fitness 0.0163786711612485