0.3768360873056156,0.1648766532294217,-2.576804339927572,-2.8371163627516847,2.6831929677580426,-1.1633643673774339,2.3473505923672118,1.8063140611241622,-2.8836834995660734,-1.4365416254216212,0.9398930246092747,-1.9752388543059882,-2.016114018214889,-2.82044527195678,-2.9655897848746893,-2.576804339927572,-1.3410297193359664,-1.384156729118812,1.9127586976038415,-1.0423731762903343,-1.8534382310416888,0.6821362017077552,-1.8095877087062417,2.077817874478347,-0.6315535956232865,2.278391585232499,-2.9941814330078955,1.4229196883513868,1.4286199514981863,1.2525516470103373,-2.9786575148543477,-0.6402564541350988,-2.13799024136862,1.2927872426690268,2.925268073404025,0.6932789420455983,-0.735552736880325,-1.800090140067216,0.7371292363645581,-0.37909305194155607,0.012483865291351037,-0.6247812566555764,-1.8054927372292948,1.2525516470103373,1.467165608053934,2.85367750518785,-0.6661363425330018,1.971046655047294,-2.455116017084447,-2.13799024136862,-1.4221207255781363,-1.4221207255781363,-1.3410297193359664,1.2733281434489374,-0.1735598950081645,2.266301662116346,0.35274623923233017,-2.8768150988020595,-1.9074849725778777,-0.32277268174436413,1.6656372651708269,-1.1795852628405066,-0.9763802793250846,0.8544605991228615,-0.21751405071363594,-2.9941814330078955,2.7159827412231987,2.6831929677580426,2.3976407784855924,0.3377915100785822,1.7538835938402793,-2.1909319593530645,2.08101609652765,1.4245138437032043,-0.6402564541350988,-1.9343893699317498,1.9122535244551901,0.11117622771432867,1.1429801086606535,2.1233659406447796,1.0068375612856038,1.4362787981965557,1.9239131789685837,0.2838595207263168,-0.7608070485846001,-0.5368036041647648,-1.8301589583702362,1.1434854238869967,1.7227957238761187,0.22974414569203194,-1.6852025827919965,0.9986136274105806,-0.5231890966392392,1.8897692935778885,2.08101609652765,1.6938552667409255,8.437019190381534E-4,0.25465841189011806,0.5655010260428375,2.4705971742417816,1.931628360604063,-2.942813300607045,1.6805848394140748,1.327972219513513,-0.09371808994266129,1.4823858735745796,0.4182453393198742,-0.6997123107519423,-0.9149632647929193,1.4286199514981863,-0.8662741716602143,2.269771967341029,2.317107774731956,1.327972219513513,2.2576524421670365,-0.0697425216831995,-2.4778256311402065,-2.9632518931726657,-1.9601361999688778,1.0655250215889023,1.5351074488449425,1.2733281434489374,-2.8637754459791775,-2.13799024136862,2.3047910260503874,0.6673831714415797,1.0655250215889023,1.3524379657786607,1.4245138437032043
neuralNetworkClass 	class coursework.ExampleEvolutionaryAlgorithm
INITIALISATION 	RANDOM
SELECTION 	TOURNAMENT
CROSSOVER 	UNIFORM
MUTATION 	ANNEALING
REPLACEMENT 	WORST
ACTIVATION 	TANH
COOLING_RATE 	0.0011
TEMPERATURE 	100000.0
TOURNAMENT_SIZE 	90
maxGene 	3.0
minGene 	-3.0
populationSize 	110
maxEvaluations 	20000
mutateRate 	0.95
mutateChange 	1.6500000000000004
seed 	1646684373006
random 	java.util.Random@3ada9e37
numHidden 	14
numGenes 	129
Training Set Training
Fitness 0.05459738221543856