2.3973903870614146,-6.785067505543813,-6.24062404949224,13.445371293214636,-5.032308723842224,-11.05206124434788,6.386252570093191,14.431488173468214,3.306098011325459,-1.3011996603984066,7.643813745947774,5.133175449183604,-4.155818472830626,2.792942879152582,-4.6527766459029,4.893071799350066,-5.809418987174718,5.459460054528899,14.710722821737047,-6.1744180089594325,-13.753912544035945,7.85260344461682,-10.209087073538084,-14.21382704963026,-10.697097573357006,-3.647011550803674,15.37753514027708,-21.771219592674854,-9.093032019001445,3.651143581356033,-13.873923387360133,-19.275933774622786,2.9899953264545527,-10.321864629957888,9.598007784681338,2.917129174644617,5.943054280923327,-1.2523880764708464,-5.366555361258605,12.79662848955886,6.506322131369542,7.960719699960192,2.6775114850183153,-3.6218588451003804,-0.8101777216562533,-5.3500466733513425,-11.284332347301891,17.672929937737166,-6.482281016627487,-0.04988936220333606,3.2447407740785135,-16.580836057070748,0.4539692509955122,1.9841345364895808,-5.334599803532138,-1.5040133790051122,-9.330135500778674,12.138730367717333,1.3282816622921727,5.621690855830712,7.504234019475897,1.6792598143408561,4.049963081578236,-1.7943843624169853,5.744810166649352,-3.0344817255381518,1.9364760518341386,-5.0707571626843,4.074497053780502,-13.620383627133982,-14.438981599307736,-6.6246730305404835,8.229010302918983,3.4142910713989725,-5.010980281684123,-8.445244328042278,-7.897401080392843,-9.355415060563256,-8.222301112548024,3.6991915113894738,-0.08371289786245839,-9.532061047305055,17.54872999556064,8.693412916802925,2.228312646717331,-8.052644832904209,6.341625312580013,-6.785377641506171,5.919171237481496,0.7293939693523308,-1.8980771918187518,10.826859436936898,2.4739105413803646,-13.11661892409755,27.242251616838175,7.0970057252300585,1.5620530530017485,6.370307655890976,9.235835500380947,-0.3952647180720854,-3.7192400029890855,-9.050483621072544,7.260974642770565,-3.6378789796164046,19.229583157127117,2.1183773707827074,-10.63846672714613,-3.310534539708767,9.175387707437743,3.5047650097608987,-4.227554114047672,7.262286316942864,-7.006240446397598,5.8942566339756075,-11.76926472612569,0.6502450359705039,-3.811550525580296,2.9235858564339736,-14.198476486520146,-2.7878337172548786
neuralNetworkClass 	class coursework.ExampleEvolutionaryAlgorithm
INITIALISATION 	AUGMENTED
SELECTION 	TOURNAMENT
CROSSOVER 	TWO_POINT
MUTATION 	STANDARD
REPLACEMENT 	TOURNAMENT
ACTIVATION 	RELU
COOLING_RATE 	0.0011
TEMPERATURE 	100000.0
TOURNAMENT_SIZE 	10
maxGene 	3.0
minGene 	-3.0
populationSize 	110
maxEvaluations 	20000
mutateRate 	0.95
mutateChange 	1.6500000000000004
seed 	1646684373006
random 	java.util.Random@3ada9e37
numHidden 	13
numGenes 	120
Training Set Training
Fitness 0.010359958500651812