4.324506820104943,-1.2546596814957258,-13.086809987931435,1.8353777810029435,-14.85788570891055,-20.05326604907013,4.449578129215904,-4.034021134963333,17.400756503458393,7.739164623696206,-19.48764746947507,-5.284666055607733,22.225857978632973,-5.859093890589781,-7.912448401715272,8.825911597382074,-3.588706755922983,-10.728171400465987,-3.1712863428714684,-13.127813671691442,-16.428261986702875,4.344157255024903,-5.345569845495859,-3.9361181340364038,4.46358263356383,-11.979210448952479,-12.062279771243883,-17.393998055189243,-2.261592163831317,-1.4949264390386112,-0.7591212460301948,-19.857366309658694,11.206698457705091,-0.13850105505213417,-13.718131890860976,-1.43418619452307,16.390638658920547,-3.0102019693665447,5.938247310732603,8.51253993611388,5.8835056611813545,-5.564499264539597,1.602054782082817,-7.847693058828916,-13.74064748312224,14.568035882083729,-8.75601798386779,-4.915654253936438,3.79033865416757,7.543016172027081,3.5775972233481443,-1.2319601439182417,6.6302429417262925,-3.9616084958621807,11.234299045315835,0.651788586694277,-2.8886377511700463,3.0647043801607836,6.567106189288181,4.444886823699797,0.5781728776291484,-13.502276216626532,1.746304468841764,-9.606215290052566,-9.055197285106964,-5.832714831936903,-11.857599069867913,1.0783896734053142,0.164535284739026,3.609207785610252,-6.788248548416222,-5.6641314558258244,-6.0117638918259075,4.5477105339685115,14.35765434842279,2.9487063081740903,-6.535233096761785,-4.126210543127179,-2.6153797891350754,2.0005719084222395,2.5501223894384744,15.970574590180709,2.695954622155199,-2.8421570519555424,9.143198878459032,15.453890666225986,-2.611352987284701,-1.3055398058171601,2.939046303188686,6.76280111370936,0.8406422570815568,-1.3120182105747258,3.9470991334252847,-15.260260618047367,9.513045451193939,0.4242957984336604,14.11913604710902,-8.317486221708673,-12.154536935167405,17.598395044494836,-4.229335602616722,-11.543956201223988,4.142078523582109,5.947197954018058,-6.826666075195099,-3.9976760584259505,2.6997619606615135,7.037865913529517,-6.702332684992422,8.75303520559942,4.148540458057916
neuralNetworkClass 	class coursework.ExampleEvolutionaryAlgorithm
INITIALISATION 	AUGMENTED
SELECTION 	TOURNAMENT
CROSSOVER 	TWO_POINT
MUTATION 	STANDARD
REPLACEMENT 	TOURNAMENT
ACTIVATION 	RELU
COOLING_RATE 	0.0011
TEMPERATURE 	100000.0
TOURNAMENT_SIZE 	10
maxGene 	3.0
minGene 	-3.0
populationSize 	110
maxEvaluations 	20000
mutateRate 	0.95
mutateChange 	1.6500000000000004
seed 	1646684373006
random 	java.util.Random@3ada9e37
numHidden 	12
numGenes 	111
Training Set Training
Fitness 0.020316762142861305