-3.4598287984453524,-9.309885556205982,-7.7419028081203045,8.498518483678549,-0.9644260293804283,-1.9248730273156482,-8.94434572511278,-2.3683197920488004,-14.38887959348848,10.877058108286914,1.4361920241018176,-13.522629337959208,-3.0357351840709867,-6.847026924608565,12.251431813863597,8.947689746216845,-1.3994445606534622,-10.871482506201815,-7.476143990116137,7.343325905574385,-3.9695344906899512,-3.973929284207374,-11.39996886090166,8.69011467848615,-10.20152319493901,5.672029327243861,19.264193758071144,-1.6782729983260793,-0.773523531292434,-15.158156300387331,-8.872318675133599,3.804569316715174,-12.469936725774266,-9.926358963386955,-0.9962144425627191,0.6061729149528468,1.0378160117903583,26.985062992533607,7.652263518988486,-2.752072284277417,-11.131319316817843,10.260689509149366,5.694457867151435,20.35633071670842,-13.663426479430976,-8.028468963784105,-2.0623607927749124,10.269491083273369,-0.20657629257802057,4.717430197954192,-4.079094733010426,12.520733869478667,-3.14808112627923,-5.57159513539372,6.011490848487762,21.542518091481213,9.61439560236605,0.8644390151258854,3.3887078481267725,-0.5106261577741149,-17.807373164317212,-1.7517027465828008,-3.890392285267178,-0.5500647025163685,-21.204054842047093,15.303383656148815,-7.752711296235644,4.064099049182622,-18.291550277288643,3.770426293539577,-0.2416051979601015,1.0656272009903454,0.2878153703442283,7.467990712859132,-2.5998279203739383,1.1973514646621206,-13.65810014726012,-10.90048009978674,-6.950034104615602,1.8011940483396653,-18.337938953248525,-6.988146227308713,6.307274821311353,1.6256969504005276,-2.4087323421341367,10.927161391386663,4.855119035876964,-6.231913038279412,18.713612498909697,7.159425978717197,-8.276821779956784,13.868883710358002,-6.436633892061293,5.871655459794461,-2.709960455545044,-13.543762912621563,-7.29414440542371,7.788880315237726,9.216087176050541,-10.288750004930494,12.664258966164585,4.04009862410671,3.6957666863937373,-9.731497522279826,-11.788703224078382,-2.9248762765893632,4.7155850087430835,-4.183381657425585,1.262469332313632,20.156631678374488,5.569107071153622,2.9034332284718634,-11.082227419829533,6.2314914389580265,7.426142162069521,5.255708232682544,-0.9148632414982876,4.394101605451414,0.7054984928656136,3.207201727779358,-11.23846667641436,2.9540990377765652,8.599863762891115,16.920950124917944,4.570043238471947,2.931351858265435,1.4412659175546363,4.395864776970713,12.084739549918467
neuralNetworkClass 	class coursework.ExampleEvolutionaryAlgorithm
INITIALISATION 	AUGMENTED
SELECTION 	ROUTE_RANK
CROSSOVER 	TWO_POINT
MUTATION 	STANDARD
REPLACEMENT 	TOURNAMENT
ACTIVATION 	RELU
COOLING_RATE 	0.0011
TEMPERATURE 	100000.0
TOURNAMENT_SIZE 	10
maxGene 	3.0
minGene 	-3.0
populationSize 	110
maxEvaluations 	20000
mutateRate 	0.95
mutateChange 	1.6500000000000004
seed 	1646684373006
random 	java.util.Random@3ada9e37
numHidden 	14
numGenes 	129
Training Set Training
Fitness 0.009078702619827534