3.709634548714126,-12.390032689525178,-14.132367486891196,-0.6468601450729334,2.462331166997436,-6.54895839359475,-5.824440660494898,-5.67539686744525,11.365750694778615,-3.588309648838349,-15.127457233124822,-11.390471932347683,10.120404217637338,7.288253901275219,-2.9095504417853864,1.0879733338228776,-4.5587288906902135,8.057970798394528,-3.466630602951863,9.749420897994511,0.6972125822693416,2.6410500068978457,3.1754556610425926,-3.2365618596316494,6.052515253226822,-10.661485293970975,2.8903824324282255,17.706527456221885,5.942875821131441,-6.042670165352797,-8.510154540140169,-20.756025111451727,3.9802495232561848,-6.294192544072095,-15.895602196975863,-6.469247585032232,-4.869407987534743,-9.698729480618777,-12.866733498833547,-18.201744112502702,4.44563553707564,1.278440311059228,4.620658578440611,-9.716101593554946,-4.5455512593102085,-4.079005094259426,-0.6155784115098744,7.738312347756747,17.132638877491424,-12.889767669644446,-9.771212847963398,-1.4398508484892885,3.4166641494355456,-14.856243610759206,-1.5337194658861204,-0.438803996909396,11.717835434179037,0.32358563602478263,-6.2952571448848715,-5.495229778376348,-3.2848076071740575,0.6470741354141349,7.273768849354683,-6.0619220247869485,-2.381447764351072,2.9555115099130616,-5.279275217231675,-5.895534659432592,-4.4573652749189625,-5.195740214240441,1.5998689193615565,9.574221324259874,0.9702812063684956,4.264765264907053,-13.29104367270413,3.0728248140564265,1.1573898912780853,-4.697230460352963,-3.4539281764440695,-1.8867339252308382,-8.905697481815753,2.648526697423632,1.6152887421288629,-22.74569506712934,0.48798510404754136,-5.924687996154495,1.3267700730377872,-0.6821726806774979,1.1802195087996106,-7.3389892682741955,-18.26288164335469,14.220174714119919,14.33152176077736,-9.198282589614028,-2.212039703916586,8.589887401905223,-4.1520040906062645,13.8748177830033,-1.1283420034805314,-1.5201317548627733,-0.3928244679247852,11.951298334245974,4.322897064258271,13.63429578673441,7.3394711951566975,-2.7936535611463196,-2.5598087567643297,-9.518820603065885,4.125687524160144,-5.5380153428274195,-15.45720261126977,-3.3609817169509366,12.36856238899387,-5.084437075899807,-2.625239086814645,17.37273703760662,0.03578458131127071,-9.093174657844298,15.166370108992885,-14.954630320295855,7.672817617007029,-2.6332916039953425,-8.947284508820289,-2.1478016380089944,16.258464671085918,11.825001572045526,11.517406398955849,7.651788868319084,2.4882238799994454
neuralNetworkClass 	class coursework.ExampleEvolutionaryAlgorithm
INITIALISATION 	AUGMENTED
SELECTION 	TOURNAMENT
CROSSOVER 	TWO_POINT
MUTATION 	STANDARD
REPLACEMENT 	TOURNAMENT
ACTIVATION 	RELU
COOLING_RATE 	0.0011
TEMPERATURE 	100000.0
TOURNAMENT_SIZE 	30
maxGene 	3.0
minGene 	-3.0
populationSize 	110
maxEvaluations 	20000
mutateRate 	0.95
mutateChange 	1.6500000000000004
seed 	1646684373006
random 	java.util.Random@3ada9e37
numHidden 	14
numGenes 	129
Training Set Training
Fitness 0.012238200021063033