-8.38478725159696,-9.330692506030857,7.762916357086107,3.822685218093964,13.046125757207726,-3.3217439622723433,-0.2981975421055454,2.0759696733585677,2.9536756127263484,0.051410828981842016,-3.221632614357027,16.40087634420108,-1.1167286212753202,0.33128214089644814,5.367843291453366,11.966114846287791,2.6082101895097516,-3.7404727939460862,3.1562386985785906,0.8523135945636184,0.062397126001408676,3.8542588532022597,-2.2053481159157995,2.4693323548743864,-8.195276082524064,8.249268710551558,5.6035423381576415,5.216831195116068,-2.2413579963178085,0.13587469793962814,7.420310416554685,-2.8917039527825157,4.316963292482196,2.628961763830185,-12.626234392285202,1.4033351933943585,-0.01410466786435638,4.247145858858561,-11.553201261823306,2.0551665678485715,-1.0861910362661842,-3.847149421963487,-2.4961905487700893,11.229827034134704,-10.440782692729623,13.491442139442855,3.2121735697486438,-0.9092561984437824,12.148930542412907,-4.900567604682031,-8.922731375886322,-4.433082168383846,-7.088663902801528,0.7701151198796765,-7.411689126485917,-15.964922419814608,-6.208764038182391,8.120862013185683,-12.96250642626782,-13.804228326904452,4.8116601258136775,-1.7503358976072594,-1.322354625722439,7.810477903662235,0.7445558830974344,-2.4506370586849,-5.876131125646886,-0.058584315813591914,-7.263757840657163,-13.383623111525479,-4.517652503342123,-3.9021412931174195,-2.995003221314491,-5.55341645910336,-10.345252356696216,-1.307646999940327,0.637133175385256,-18.295615132107017,5.119374697753123,10.497354948500305,0.9044050203563998,-7.968166162208485,12.380478347645678,-13.882583313757689,-12.590436520135405,-13.31693263805545,7.90483348158771,-2.145851560938354,11.088374486423222,5.825143282854942,0.8799621317545601,2.040804284466887,-8.994611708551108,-7.660254539212071,2.7310909968654613,-0.7895571449261514,10.877239255043362,-4.158926413940032,0.7741780138841978,2.536225528819487,5.8412356611945775,4.293599805592303,4.91007290673042,17.144522238867253,10.008486356838253,5.8692276577433615,-2.6198873037054753,-2.498893024343656,-8.500206365954288,-1.2732465058924323,13.606185493286214,-1.9921672397131829,-3.1909731095578664,-5.7726116187246435,-7.571466008948699,2.6717853325771976,-11.927324720096387,5.8184533533961424,-2.6677009120929913,5.1710243199500425,10.745763469318693,1.5732290104340372,-5.280955796253189,-4.25936904995203,7.343297472717818,-1.6317090181486122,-2.267769433426462,-0.010111046212426977,4.702891185873373
neuralNetworkClass 	class coursework.ExampleEvolutionaryAlgorithm
INITIALISATION 	RANDOM
SELECTION 	TOURNAMENT
CROSSOVER 	UNIFORM
MUTATION 	STANDARD
REPLACEMENT 	WORST
ACTIVATION 	TANH
COOLING_RATE 	0.0011
TEMPERATURE 	100000.0
TOURNAMENT_SIZE 	90
maxGene 	3.0
minGene 	-3.0
populationSize 	110
maxEvaluations 	20000
mutateRate 	0.95
mutateChange 	1.6500000000000004
seed 	1646684373006
random 	java.util.Random@3ada9e37
numHidden 	14
numGenes 	129
Training Set Training
Fitness 0.017070514539326113