8.239253829819763,7.314331409993314,11.437522791001792,-10.069883015067134,-6.084413463444802,-14.523018628163506,12.315551122710149,-9.647667274395662,15.788344405364082,8.144517956983472,2.3662839324285567,-13.149064769695821,-1.4097473759060364,-6.25866792410525,-8.932568057795994,14.01529323465323,-6.140984737099865,9.523656572503821,-16.751578875274667,-16.6188812755833,-23.257728941739913,4.561529876262755,1.1506068159313436,-5.772998791944284,-0.2599714113944209,-1.0956203620289369,-11.817054705428314,0.9640546551707274,3.7359854482613066,-12.278623547973284,-3.412387576646603,-17.666153464017228,0.5046820702609747,-13.359873090373155,4.5843549915847355,3.080956179231533,-10.64551370820933,1.3272029104931864,-0.5458399093649486,2.055179225455986,-22.323045037096982,4.711419910709065,-1.747879627179314,-5.725433518042715,5.871163230325433,22.445703578820535,-7.843824531765607,-12.305840836361693,7.747139077313225,4.1858026807559785,-11.937299205706735,1.7264518930690116,7.985589015875941,18.08403031087721,-0.2682836059047755,13.748289231865275,-8.158353335166346,-5.196363556140285,16.163784009978496,-7.544928642753709,1.528422077654863,1.1043354187609093,-22.492544297609705,3.036817918485493,-15.948320494646167,-2.568062700044168,12.1004358057897,2.101809491776981,10.540014063046966,-7.335050069746787,-0.5105828093736964,12.062199836105304,22.975448176827022,5.928442936343567,10.552843643347451,-4.277838530782304,-12.522587227075064,5.230385952196053,-7.382347377354462,20.62280158770737,-14.971371638741486,-1.491904011691453,19.41534747726613,-18.80074398157975,-0.29555604003481317,-10.357651365929504,2.764545074608744,-3.805960266790767,3.2777421373441005,0.15413250473416973,15.596440382008659,10.596906078281796,-5.230436472403943,-7.256053264718227,6.756429943662312,17.345139150297783,0.5511516958465474,8.16596194057933,-22.130571111323185,6.719371654137981,8.176165162854382,4.649289838529396,-1.4017833535032267,8.708699032843935,-10.917647421477891,-11.663973180815685,6.053440004026637,-2.404974650069949,-2.4999693060481203,-2.2493424976227594,-4.6192976277968345,4.120254150181374,13.640254368423253,17.24782960386976,-5.445537557208405,-12.14889375634768,-7.891386832086026,-8.094570308196449,-15.74973707170907,5.6450182976290675,-13.448863486465223,12.737313625389246,-6.253890730879499,-7.753249611259841,-5.3631631454478175,13.544966059723262,-11.279390593231534,7.108998321500714,11.016965468133883
neuralNetworkClass 	class coursework.ExampleEvolutionaryAlgorithm
INITIALISATION 	AUGMENTED
SELECTION 	TOURNAMENT
CROSSOVER 	UNIFORM
MUTATION 	STANDARD
REPLACEMENT 	TOURNAMENT
ACTIVATION 	RELU
COOLING_RATE 	0.0011
TEMPERATURE 	100000.0
TOURNAMENT_SIZE 	90
maxGene 	3.0
minGene 	-3.0
populationSize 	110
maxEvaluations 	20000
mutateRate 	0.95
mutateChange 	1.6500000000000004
seed 	1646684373006
random 	java.util.Random@3ada9e37
numHidden 	14
numGenes 	129
Training Set Training
Fitness 0.10838732416260734