-1.6751053456870624,0.606280488871958,1.7689415115764007,3.480398068626135,-2.5766396327181775,-8.538275110332533,-3.5983187058253714,7.339871243362044,2.4804082959017073,-6.02548573138937,9.226842205974297,10.119622926729628,-11.206292163983273,2.798873168812567,1.0981115156004826,0.12927630820633862,-5.399105833728349,1.4146997682703155,-8.037505376727449,-3.6994855030649685,-4.236785458594651,0.1696632455499376,0.22327056952687663,2.4873719939685897,-2.7310286850973338,-5.77137051730987,-5.562761362057853,9.055295844826464,-1.7432521405523858,-4.952113064345967,1.399175891178695,23.03406212297952,0.9111422499284965,-11.171252786218089,-1.6370941319120815,-0.10950931607935388,-3.9260370813567658,4.3797084977388625,-2.36763567527829,-0.95473575605752,0.8915784566412599,3.978478386562214,-2.272465557166763,-9.33598591815906,-2.815653539263044,3.7747619100461147,1.9391048292012236,0.09619726772481219,1.4767808757891832,3.9118295575997637,-7.067809757485452,-12.833855818839439,-13.93264705889388,-5.480510115269984,-6.4201338991787065,5.508589230193692,-7.8675174237769285,-2.4885103804911237,-6.9068359512769195,1.2616003448565696,-5.606596785517343,1.8856819917583234,7.044047617829575,0.30689008966217557,8.015699862526734,1.432132485802767,-6.123162290074349,-2.6715096638456206,0.5466168699213156,0.5896716364611327,-5.303658948607792,0.06466791913092118,0.18714936144304417,0.41598827284123896,-4.257571704950047,6.084277813663336,-5.203573344964662,-5.306221368064573,-6.846118282006016,-7.233299418431564,-1.8987233630417828,1.845602296324584,2.7344897161007466,2.8666039424147414,-3.390309613860265,-3.9583879777109754,3.7777209169313544,2.647499107938194,3.864014638797551,-11.969190840099632,3.187175666092233,-4.5417007602858455,-2.6556935671925235,8.560460635934177,-15.251633407636398,3.904820839168716,-7.205597924565367,-2.3302011957892828,-0.03675660173541795,-8.416596920173925,0.24284925140352875,5.499049277797219,5.05945163735674,4.1389034023205395,7.111321407912902,2.7375990595932302,-8.044279334615567,6.276218634697312,1.9267347883868515,7.346678483931159,10.213902452824566,5.929036741755152,2.397092722009284,7.154863145479487,8.550245242055341,2.7546680377436363,-0.7255509263243782,4.653400515602475,-0.6015924131970358,-7.136843185001716,-7.893386198100428,4.338595844136078,-6.8059741076737446,12.963998939177108,-6.034088440631735,3.831047495609682,4.211823302960072,1.8365785145150442,6.686092861260955
neuralNetworkClass 	class coursework.ExampleEvolutionaryAlgorithm
INITIALISATION 	AUGMENTED
SELECTION 	TOURNAMENT
CROSSOVER 	TWO_POINT
MUTATION 	STANDARD
REPLACEMENT 	TOURNAMENT
ACTIVATION 	RELU
COOLING_RATE 	0.0011
TEMPERATURE 	100000.0
TOURNAMENT_SIZE 	70
maxGene 	3.0
minGene 	-3.0
populationSize 	110
maxEvaluations 	20000
mutateRate 	0.95
mutateChange 	1.6500000000000004
seed 	1646684373006
random 	java.util.Random@3ada9e37
numHidden 	14
numGenes 	129
Training Set Training
Fitness 0.020243491560061787