6.23303262733445,15.146082947271422,-8.307297540025,3.638363644892454,0.3170909783300262,-2.8983995724563547,11.064998335947804,-4.524373792494208,4.800276000538275,7.196532496186105,9.879124949109453,1.855987142704258,-2.281174109907486,3.9839377755732563,0.35436144410545545,1.6810204488835492,12.470090646062495,10.77397973984789,-3.479509834935911,7.249432091016011,1.0969299958035137,-5.569843237113835,-1.1548411588142997,3.8043344464264237,3.7980652085846645,0.7310570092993478,2.586532236543478,-7.22693434838453,1.1727208023348483,5.316816562649261,0.4785917362728167,1.8661936187583397,1.840317381083426,2.093754079218818,12.157616541933773,-5.524611664464766,-7.104105746905427,2.412453348936154,-6.022948671081046,-1.5796044352354475,-5.630632315026238,9.26386116239011,0.8841365804749577,5.543389760292873,11.351646366302623,-4.445233705355613,2.845349535022976,-17.86546732536835,0.683054747771985,7.128320053676903,-10.491123697554496,3.595609867582014,1.0694291207303266,-5.7129428754822165,-0.96899238847453,0.8591643356836958,10.94867995303133,10.305173078000157,-0.580478334032188,6.3785938756926885,-6.174469111191239,4.733609312669522,-7.839210233238029,3.790226124398975,4.074569627861748,-1.944204325330933,-11.801486832385416,-8.978571183743874,-0.3683330886137526,11.393695897376158,-2.229330061448269,9.529365275889981,5.30124098874591,0.5431001715002264,-2.3625763044301307,7.153047292086813,-2.9482319870237417,3.633902136648601,7.3464177986839605,-3.4031140669720017,11.654360413296342,-7.5846003343841994,2.083049831542697,-4.663011235591457,1.8891555104677398,-4.1915488720159075,1.091993194059031,5.401996908663115,-12.04831835552629,-1.8043819108595125,-5.017594266540238,0.6783038721269214,14.636288502482227,14.987221074496755,10.44293503844307,4.975044613754882,4.956150036219608,0.05553434850793604,-4.106195359405199,-10.542710903698449,-3.1207269430282922,0.8711381634068012,-1.158066626644941,-2.8835775903505,6.867362369273557,-7.095251462153851,10.481217714306299,12.49474116168349,2.2493189030964373,3.774637449475189,-7.556228717402781,3.3668408701615657,-6.406432503238497,1.1740569081585468,-2.240903805185611,2.603416834442287,-4.536668330238477,-0.6951257658512855,-2.0331756492323976,2.4536490047021484,-9.30360215993617,4.122923726880609,-2.595154709212414,3.080386032733271,1.9458293613919784,-1.7326218011080492,9.458305289038822,7.067892045698406,9.400516413404748
neuralNetworkClass 	class coursework.ExampleEvolutionaryAlgorithm
INITIALISATION 	RANDOM
SELECTION 	TOURNAMENT
CROSSOVER 	UNIFORM
MUTATION 	STANDARD
REPLACEMENT 	WORST
ACTIVATION 	RELU
COOLING_RATE 	0.0011
TEMPERATURE 	100000.0
TOURNAMENT_SIZE 	90
maxGene 	3.0
minGene 	-3.0
populationSize 	110
maxEvaluations 	20000
mutateRate 	0.95
mutateChange 	1.6500000000000004
seed 	1646684373006
random 	java.util.Random@3ada9e37
numHidden 	14
numGenes 	129
Training Set Training
Fitness 0.031357791707845105