7.959941954241769,2.5858618810871823,-2.438580290529824,-2.1565103386960196,-1.8974202800436801,-3.9208596001637215,4.332040628739093,-0.15718556760136515,-0.7905200582540104,13.529521577634664,-9.115566814684321,-8.44065510976953,-0.4342277436303541,-7.244550135682578,5.402756980306995,12.30141285770207,-0.11043615765556147,12.403684144758323,-7.108943281976474,-3.048951417578115,-7.545399718834725,2.5650540030312117,-2.7114921699700707,-0.6307524668591711,13.601090274410527,-4.152354167327482,-3.864691885595901,10.272369431745227,7.364052529873629,6.446249264475229,8.67267495287635,-2.0508360169023776,-2.577629241389081,-2.3011520117456925,-7.0345149313688005,2.321121741158284,9.708070916996743,-2.264608686414927,4.803673166725771,-7.905450106887139,2.4641628682719823,0.8510365182456523,2.2185827763690478,9.210978159198,14.600717152510672,2.1755057116787015,-2.8069581611216545,2.9732010903014467,7.572675082096888,-2.9878478197623792,1.0490125866338973,-8.842532810807015,10.689219067468697,-2.7152132535739524,-2.585755671675101,16.36802866971933,3.2633577792794703,-0.04273437492047982,-0.800564652256317,0.7984675564124686,-4.428290684005814,-1.919703851258486,0.9599881446876601,6.784918863879069,10.618292884116167,0.77186829058589,-1.22847864717738,9.019512241070121,-0.5175310504114208,-0.3478254563666239,-1.3841220434586559,2.2880592866220724,-6.37000559355293,-5.469167540763277,-7.345550367756674,0.004214575319419378,9.42748848633979,-2.566321719121472,7.90821388729804,-5.966956896156848,15.624433085382,-3.3916471536574617,-4.581041278009156,0.7801289886416409,12.353158777241461,-10.53764629720492,-3.1162515318380777,0.7680642407345122,-8.153903287909692,5.114181794573283,-3.3152378827328883,-4.169641274742776,4.130904128295563,4.677661778103284,12.52921336013397,12.173515938004039,-14.16210070559303,-6.998528619904151,11.71914019759354,-1.5587769565441159,10.440570561754042,-10.999634647137615,7.938429616903965,3.160304827961796,-0.8512486606118799,-0.008465776902857769,1.2245214005965708,-5.743703228180845,-0.8646185781476978,-2.46100827604349,5.3848130327437325,10.34719369229584,-11.248396253983659,-11.68916442221947,-5.427134630492914,-5.292865789309921,-0.6787275217666853,-6.9313173181910335,2.7570880343144495,8.587484878716092,0.7047778375087672,9.33552964200209,0.8446601512038825,-0.7090099994559869,-0.5665799115792041,6.47774507052487,-3.1339785630154795,7.665357016746817,1.5393940701315705
neuralNetworkClass 	class coursework.ExampleEvolutionaryAlgorithm
INITIALISATION 	RANDOM
SELECTION 	TOURNAMENT
CROSSOVER 	UNIFORM
MUTATION 	STANDARD
REPLACEMENT 	WORST
ACTIVATION 	TANH
COOLING_RATE 	0.001
TEMPERATURE 	100000.0
TOURNAMENT_SIZE 	90
maxGene 	0.9999999999999999
minGene 	-0.9999999999999999
populationSize 	110
maxEvaluations 	20000
mutateRate 	0.95
mutateChange 	1.6500000000000004
seed 	1646684373006
random 	java.util.Random@3ada9e37
numHidden 	14
numGenes 	129
Training Set Training
Fitness 0.01745907785501167