13.483395514185966,-1.5635970393048488,6.075505891576349,-0.6726514884026038,3.59858044494045,3.763934621300206,-0.6630326685484347,1.9602666392769876,-11.033869709092313,2.6867314579069514,12.264272240360047,4.629736788337139,-0.9459525454340065,-9.008860116644875,7.11818187066795,-1.9914267597115929,-4.6479635928871215,-7.384297193030784,5.533589626894965,-8.106276603935855,-7.433364043549707,-2.776515471429345,-4.202567278231506,6.617754338590686,-4.431728126873502,-2.4545616820837672,-0.009521326991003498,2.0921678617806427,-3.310914236340806,3.4182529662246433,7.155518403892719,2.982876663269861,-14.33209129749939,1.8302694666426165,-2.2330304377923937,4.27119816503879,3.4534997437850103,5.553721380826265,8.421222856043759,-16.48050479738628,-0.38322842812182856,-4.650898393570755,2.4926728020779247,-7.969675605550451,-6.276909696374508,-2.6600042504956836,4.075383690532407,6.709093825319423,-2.740532262968066,2.804036992396556,0.6681324745955353,-4.036863848812138,3.5288746241546667,-5.415724911765269,-3.3314790069568545,-2.8713838890825363,8.977146816887473,-10.714778954715486,4.99601364238533,2.9000760970239483,-12.272793840682755,-5.430274084834707,-2.7671331543021793,-4.3680425128786,-2.753809041425022,-3.079985690833718,-2.5590685244742755,6.686874011133882,-12.329789228861289,6.308148881908398,0.4905105973323556,-13.48153918308747,6.285780898093388,-5.266250942139587,-4.223420486387564,-8.73997061308337,-1.3430828421352228,6.115045381478964,4.384223882341634,7.1477939830523995,0.9330396116103206,-1.104794603905221,-0.36561028941024354,-7.5966340941616455,14.456959884201387,11.251207460442796,2.4167149678175295,3.3524100643275476,-0.19249052220065632,14.44963158617659,-5.32314751419886,-9.275214014449606,-13.70706388176835,-3.774799496411558,-12.270113849897392,-0.5289566371722074,2.973385763760893,14.721623116469129,3.5514421681292996,0.3984726415919866,-10.899630862831117,-2.3449186373650353,-7.702156653985725,1.4102689322468986,-9.075503321057973,8.893222413090708,5.811010434068076,-10.159262650783333,-0.3573977083450002,7.6816181007349025,1.01462822957334,-1.5304029485426591,-5.325872178264296,19.39636431152097,2.3637006117760384,0.6173794079471646,1.1757140175629202,-6.525656864764345,1.0285237841865662,-0.3709943701633982,20.485554238251424,-0.7736530558962826,3.1970398204821597,0.5412569075956393,2.364020542624667,-1.2807321717169415,-7.655884270826551,4.566778307929615,5.627595018738319
neuralNetworkClass 	class coursework.ExampleEvolutionaryAlgorithm
INITIALISATION 	AUGMENTED
SELECTION 	TOURNAMENT
CROSSOVER 	UNIFORM
MUTATION 	STANDARD
REPLACEMENT 	TOURNAMENT
ACTIVATION 	RELU
COOLING_RATE 	0.0011
TEMPERATURE 	100000.0
TOURNAMENT_SIZE 	90
maxGene 	3.0
minGene 	-3.0
populationSize 	110
maxEvaluations 	20000
mutateRate 	0.95
mutateChange 	1.6500000000000004
seed 	1646684373006
random 	java.util.Random@3ada9e37
numHidden 	14
numGenes 	129
Training Set Training
Fitness 0.022917076684649946