3.204920408874141,-1.0546547913488915,7.439458842798411,0.8997511625579113,0.3137261630483881,9.304140467996312,5.933132842043881,2.3810618552368084,4.342135405741357,5.949393032667386,-2.3088700778622826,7.519265431184564,-11.645684251526577,4.210841959126208,14.302282614193382,0.8976606911958589,-2.3683354076467538,4.921910065332167,-5.921689583007215,1.2169829044057687,5.016987962320081,2.482052733195312,2.637881334346339,8.69554960140141,-6.172501123586338,-4.228136083592961,0.9397973622595108,-3.9677961252169416,15.374293068993238,-5.468647148982364,4.214874612979182,15.643445166673896,2.3904146811357077,9.1293814172232,18.841796178508673,1.18496415491281,0.5965759925479439,2.6823315740594316,0.07041486699909427,0.12912754210617017,2.023049983542723,5.17264912163523,5.7666890291491715,10.693786132035898,8.908206701301838,-6.22701000997688,-0.7633636753205115,4.95410781110048,1.6586174890499628,6.949271067992237,5.382393987799294,-4.832034359521808,-4.367395207936173,-3.2039921187064917,-5.2483232832971645,9.956738002176708,12.398568288549882,3.8498977453269934,5.56262753693715,-3.642792036314055,1.4213703275264056,-5.467312930461331,-0.9307414195612971,12.096575430012452,-19.10548157219737,-1.508062676410793,0.8783831349683044,3.9414243181173667,-10.43716608830874,-0.4616155095123693,4.137142903419118,-0.7171847948045809,-0.18024965045321029,-2.0288368045682406,1.4809375532179327,-0.15649749671649338,0.015337773753490325,-2.612753468177278,-1.7852331440526599,-5.070398126206003,-0.6243980489438758,4.639028785067846,-6.803301371043693,-4.102136467864225,3.2605612178431658,5.8340581117260815,-2.2996208416339243,6.171033867313806,15.228056305342347,8.763503358783506,5.404205882645217,-1.3923832809009191,-2.977797746247016,-0.5989820732899229,0.9879845796014193,-2.331327098662209,1.1198435519332355,-0.26875932820801474,-7.386402607805632,3.7731261277327213,-5.604671725687513,0.9472536889978596,6.97441065057259,-7.605629859227447,3.4533683481527273,1.8488930982296443,10.618854446921256,10.3248006019983,6.731708145880482,7.828888439357067,-1.4631908827361126,9.821223371062151,7.289774848768424,-4.298616250467916,-9.106862462083816,-10.257080268226217,-21.473561586296576,5.107471532135476,-4.149095930340511,1.4054752200538765,-2.9405380656191857,6.324949272693747,2.497525341616523,-0.8526911144361264,-10.79882444352228,-5.535413772232121,6.570300120703715,0.09216728082494985,-4.670638881644276
neuralNetworkClass 	class coursework.ExampleEvolutionaryAlgorithm
INITIALISATION 	RANDOM
SELECTION 	TOURNAMENT
CROSSOVER 	UNIFORM
MUTATION 	STANDARD
REPLACEMENT 	WORST
ACTIVATION 	TANH
COOLING_RATE 	9.000000000000001E-4
TEMPERATURE 	100000.0
TOURNAMENT_SIZE 	90
maxGene 	0.9999999999999999
minGene 	-0.9999999999999999
populationSize 	110
maxEvaluations 	20000
mutateRate 	0.95
mutateChange 	1.6500000000000004
seed 	1646684373006
random 	java.util.Random@3ada9e37
numHidden 	14
numGenes 	129
Training Set Training
Fitness 0.01928736294525542