0.5880127078003344,-0.7135126716770392,-0.34402921515618434,-0.07330127508885953,-0.38249828919241957,0.22284101253347177,0.36522301813712377,-0.33093676312432097,0.3593933131213277,-0.2280285709603891,0.2888738777712371,-0.9048642225290763,-0.8723056502664664,-0.9937418610654701,-0.3476305495418459,0.6723727899312805,0.42567709122056685,-0.5503555177736208,0.46358316420773604,0.025380572833471615,-0.2155068001041458,0.29773728125907073,0.7169802322890994,0.555820876202609,-0.2854035214355597,-0.7094159280424877,-0.7193693278518443,0.9457326230099353,0.039197336140346706,-0.6814691670306217,-0.9647407127851862,-0.33094916786294926,0.669277911172573,-0.23257549128671196,0.043213744410972255,0.008016745240449041,-0.19233617688559268,-0.07062418126486225,0.31116950136748434,0.21461623128951446,0.9101405584135464,-0.8261805316876912,-0.6855922231652203,0.25967257864601734,-0.623657897850789,0.8739132098779233,0.7783340034618572,0.5818175690190758,-0.11339797001823126,-0.418711507068086,0.2721853287134889,-0.1281452566143233,-0.33341151910990874,-0.13389650062927783,0.5986126085597868,0.9408782698563595,0.47066819049621456,0.8833492924622287,0.05307525104052202,-0.44952065164356547,-0.9423274028219014,0.08576189330780781,-0.24008561497797154,-0.2348399005975783,-0.24564182210299101,-0.23624048957932975,-0.884277879981822,-0.7489289674281763,0.8832728928059,0.2445201815674959,0.13703080739952933,0.05558471358708206,-0.048380256934950294,0.1537237290442447,0.16538374904608066,0.9853523544645536,0.37251563261567566,0.24786108647373617,-0.018699396554891834,0.17559571823252396,-0.341540190588979,0.12723560347002183,0.1897705913529758,-0.3178370483789097,0.7538299972354238,-0.5884496489787341,-0.9312062624785592,0.8270221695259795,0.27466815999987093,0.7338767505274034,0.6779032227728593,-0.11239626589409446,-0.6461345401367906,0.9248057953527827,0.8274543500642663,0.35768728078468925,-0.18415697260773523,-0.6363040119151719,0.9782130314137635,-0.27995096932870567,0.042379139578525016,-0.6856984376442361,-0.3726403261723543,0.05405179490358669,-0.7700379992535641,-0.43731758639757845,-0.01687789385770566,0.26908596995485345,0.00953319884763093,-0.6956469744009686,0.06075564256962307,-0.04235907354121071,0.8684563525676742,0.5794972690418819,-0.6439877871804027,-0.8836874612843965,0.12570643850408392,-0.6150341929231056,0.22776589683480652,-0.5725903684654183,0.174157722743029,-0.6329919271984765,-0.558796148985484,0.48974978255964763,0.08407764876918089,0.6958993661677063,0.756714823571414,-0.014154729202504601,0.3283612477387058
neuralNetworkClass 	class coursework.ExampleEvolutionaryAlgorithm
INITIALISATION 	RANDOM
SELECTION 	TOURNAMENT
CROSSOVER 	UNIFORM
MUTATION 	STANDARD
REPLACEMENT 	WORST
ACTIVATION 	TANH
COOLING_RATE 	0.0012000000000000001
TEMPERATURE 	100000.0
TOURNAMENT_SIZE 	90
maxGene 	0.9999999999999999
minGene 	-0.9999999999999999
populationSize 	110
maxEvaluations 	20000
mutateRate 	0.95
mutateChange 	1.6500000000000004
seed 	1646684373006
random 	java.util.Random@3ada9e37
numHidden 	14
numGenes 	129
Training Set Training
Fitness 0.12002742199479283