-11.960279156820151,-2.142536492588526,-0.5255644222185119,-1.8814753630521874,8.340499346153024,13.80563113701591,6.705514556845004,4.5508998473528415,-7.718498018852438,-5.278071157350357,-2.405882574866027,3.978007605868437,-0.5432896767864044,-21.007209249884873,-11.513982286783605,0.5989256645730601,-10.014693740094495,1.3937566913872406,20.60791270344852,2.118974667515234,-1.5494363716900077,0.21399045550411788,-5.868501486739541,-7.665329268548881,-9.878047463135276,1.8364406312436046,-0.6716092566997585,-10.277076591980272,-7.156796419315513,-5.593700771977377,-3.061708593648932,-2.7697804629869935,11.482758592580177,8.705960065297907,0.7052230230054217,-0.28816978377071223,2.094201491243033,2.5777207429431854,1.656574206296173,-2.53712715728134,0.4229355216005022,-4.853973004755443,7.457121501362275,7.612360522630034,7.171549047921671,-7.960902489158292,1.315116045659242,3.468164048934928,3.2499765739312023,5.6453191227499175,3.9499430812132044,-13.294887245748578,-2.6122591565918993,6.2628466987723534,8.900785976623919,-1.6697468592795497,8.374229344444274,1.6613892855484576,5.213148749121672,2.1885848106846124,-0.0808681755165237,4.923213363926418,4.93500961258037,2.1893867610096525,-1.0611627205107457,-2.2340643754703637,1.9868052435528254,0.48754858064073314,-5.5242395286085255,-1.0772691283797222,4.8393618528123135,2.6461104782395957,5.596239800370203,4.566122622464103,11.441315516973477,-2.7144774888246443,0.038822011284842084,-0.34042617853926327,-2.417517228461196,10.591921662396436,1.298416521205079,-2.8933605777228326,2.6120667830336712,6.011027257266906,-5.817018822244629,3.790492940608427,4.200504132544485,-4.753949130631938,4.368064816128681,9.707182123350039,11.291182101321075,10.907313127474248,7.8507112791891345,-5.555981882646196,-3.4168260764232468,3.1280575994811235,4.6178968839078545,-5.459950630516909,5.0685655872514275,12.815247616715585,-1.0541536389595976,-12.161382977730334,-6.782132689483252,-8.30406974764126,-4.914754926808271,2.252536898821604,1.214425187929546,8.099048299725576,0.3135360410855972,-0.23950151471191639,12.883670198508508,-2.7706246159820243,-2.550837712981938,-9.26117985413921,11.895464139724254,-9.505448880331286,-15.776211851278248,-1.0442545615398782,-3.562276244650307,6.887985417791063,-2.3027961394862944,-7.133988853024137,5.766925540129976,-4.540300341609721,3.8757881662255773,-8.558532021445657,6.936017201915435,7.823971747832264,-0.5409187380144331
neuralNetworkClass 	class coursework.ExampleEvolutionaryAlgorithm
INITIALISATION 	AUGMENTED
SELECTION 	TOURNAMENT
CROSSOVER 	TWO_POINT
MUTATION 	STANDARD
REPLACEMENT 	TOURNAMENT
ACTIVATION 	RELU
COOLING_RATE 	0.0011
TEMPERATURE 	100000.0
TOURNAMENT_SIZE 	90
maxGene 	3.0
minGene 	-3.0
populationSize 	110
maxEvaluations 	20000
mutateRate 	0.95
mutateChange 	1.6500000000000004
seed 	1646684373006
random 	java.util.Random@3ada9e37
numHidden 	14
numGenes 	129
Training Set Training
Fitness 0.009264561832931506