-5.034169277563048,-11.615698683370415,-3.4993257883619693,1.7869900412997515,3.1245276042435304,-1.612996581568149,3.4908960713283603,4.869007170815492,-0.042154220288951105,-3.4060120797957048,-8.326627393648852,-3.2800242125506367,-6.781802503434982,-0.026705739515564098,-6.50073129761552,-11.61845964319738,-10.047949878593336,-4.907210451541189,-8.376922149311046,5.04407897668952,-9.944901727689373,-6.600571899176174,1.4558079209325667,-1.6501706306772288,6.748421446790724,13.293131676188937,-5.114139657454106,10.077042118985604,4.861249298000555,-0.04228170813912602,-4.818420176117662,-6.722614149163032,3.4347975463341207,-6.44267628075694,1.7831337901527942,6.724527514330737,-9.86882877310349,-4.848248678489808,-0.1433625104125542,-1.7091892741894164,6.4244782568574,-3.15320645128865,-0.02742993663394877,0.17993674656957825,-3.111540404987479,-4.955167920500883,-1.596214091459581,-8.333205942131919,-5.098147011500897,-3.2983917618274017,-1.7715882241324916,0.03998309282520873,-3.2601287366296123,-3.194887505464175,1.8105400496005553,-6.788609118354598,-6.756378733996794,3.456560502803657,-0.08959301247520823,11.665220299495088,4.756057579037516,0.1094035893611327,-1.8268728325111496,1.4857861255843225,3.454545359349102,3.2793517848750264,-1.772040302010938,-0.14995583882388797,6.4612957193341085,-4.96276217014244,1.6572050495894395,6.684939776429717,1.534506225937485,1.7911660672052179,-1.534317773903373,-1.4704686145915473,3.4599593023396995,1.5565508788391682,-9.975383102903324,6.453628063647482,-4.850619628374933,1.8081048726407447,-8.400296592700318,-11.674903721658843,6.403512032073095,3.386777809096425,5.127432698684476,-5.118777854462568,3.380406300697758,-3.3732535953622964,-9.726696268803435,11.523428987999887,-6.456034086467168,16.666738435146257,-3.3226084140649093,9.733233741244723,4.877187306242533,-6.660561330038691,-5.005257829910272,-10.001387900792912,4.954612864181101,3.428584792551919,-1.8130598197732706,-6.711353616409034,6.749327248039572,4.9843415477009,-3.139417899772905,-9.898489591096773,-6.531729781834407,-11.366665078105711,1.5942485075018453,-1.7177135079566206,-4.990807701260348,3.1092730454724524,-3.2228242119388204,8.422484365366877,11.394454894802227,-1.4907002909333258,-8.368278698823858,1.5835332518881549,1.6112823408041441,-3.1724022998532178,1.52784662677026,-1.5219355197291007,-11.542879010059153,-4.901763990292092,-3.2211989326510517,0.016198412673571028,-6.642406072683999
neuralNetworkClass 	class coursework.ExampleEvolutionaryAlgorithm
INITIALISATION 	RANDOM
SELECTION 	TOURNAMENT
CROSSOVER 	UNIFORM
MUTATION 	STANDARD
REPLACEMENT 	WORST
ACTIVATION 	TANH
COOLING_RATE 	0.0011
TEMPERATURE 	100000.0
TOURNAMENT_SIZE 	90
maxGene 	0.2
minGene 	-0.2
populationSize 	110
maxEvaluations 	20000
mutateRate 	0.95
mutateChange 	1.6500000000000004
seed 	1646684373006
random 	java.util.Random@3ada9e37
numHidden 	14
numGenes 	129
Training Set Training
Fitness 0.07315723499984259