-1.8026179598309007,-0.5685260805765147,-7.25051412724202,0.40282190589050604,1.3505707667687523,1.5823374791141465,3.8905250012912482,2.5458365403375316,-8.29473930461155,-1.713957230416201,2.358996706940074,-2.311799584546545,-1.5087786326532664,-4.304042785554273,-4.698051133437061,-2.2007245949604,-0.18921961233400575,2.6803411435675057,5.500763426051174,-0.9845198860751898,-0.7136297776616494,4.373017398147629,1.1434701200997708,1.4940443875337521,3.1534601556023665,-3.47651414218405,1.617374678531374,-0.5458489901995129,-5.609422721053479,-4.7588333877622455,-1.9955712809857267,-4.273972797179082,-3.9638691683337957,-0.030724266038536285,-4.7020967781495635,2.3224945021897474,4.106010105347467,-0.879091582329445,-3.2486918273669345,-0.2523199620319261,-7.653565135470179,-2.536775948922175,4.019135367747166,5.814037616664718,0.6332953361401539,-2.8048016553072896,-1.4461165827034268,1.151523489064512,-5.787774925903715,-0.16977191352897592,-5.765042916685679,-0.0882850698004849,-1.3370899277868808,1.4169438396571667,1.2224156219027122,6.244857395529993,-2.4833565074883053,7.009907167363172,-2.3478218758184557,3.109269253835572,2.107893761356081,2.4364381246145213,-0.6308241195253763,0.860229979040219,2.4986619607817055,0.8966402870187258,-0.7689244172458363,1.6594221215931477,0.2786620850666437,-0.6692404235634379,-0.9924211840350499,-1.0538072184930982,2.4648648430343876,0.24133493565367736,1.5989376779075068,-2.2816540008385493,0.8507045714625452,2.617167648846218,2.2522070457483885,3.482872474101728,-2.7117438416323845,1.9719578912227946,2.3148893434382103,7.355968415991522,-1.5240537070111957,6.132526421077931,1.6330081096899374,-0.2331093035146301,-6.680128172400785,0.6398596338366311,3.524281018347052,5.401640510999226,4.838555623640095,1.2107876146164989,-0.4630547193728396,-3.8898363982720996,0.6889778730541041,-6.251076643108826,-3.1590787291072946,3.994699994336858,-1.9440211162257417,-4.559436468580744,0.7903827450371406,1.5971115552963284,-0.6323630012684855,2.824569903385692,3.8454353434542443,-3.6905391052587193,-2.824016488038814,-0.8151781510530491,6.495487364978093,-0.5551888401957046,6.475423570912778,0.8796502040086769,-0.6119698705576342,6.174160296082775,0.4204905785319095,-6.25526680520523,0.6339274420210952,-5.389379825400914,2.3000689839882362,3.6842557542158296,2.533947253554803,6.553394499677747,2.0769781863948147,2.7497027522855984,3.9011504394520724,8.791807032494381,-3.8401815626078166
neuralNetworkClass 	class coursework.ExampleEvolutionaryAlgorithm
INITIALISATION 	RANDOM
SELECTION 	TOURNAMENT
CROSSOVER 	UNIFORM
MUTATION 	STANDARD
REPLACEMENT 	WORST
ACTIVATION 	TANH
COOLING_RATE 	0.0011
TEMPERATURE 	100000.0
TOURNAMENT_SIZE 	90
maxGene 	0.8999999999999999
minGene 	-0.8999999999999999
populationSize 	110
maxEvaluations 	20000
mutateRate 	0.95
mutateChange 	1.6500000000000004
seed 	1646684373006
random 	java.util.Random@3ada9e37
numHidden 	14
numGenes 	129
Training Set Training
Fitness 0.11468847651567576