-3.265290193461672,-0.04771985495961317,3.722684177615834,-0.8217766826299293,0.7606686821908326,3.897578808425595,2.4475750438525496,-3.4448014501086908,7.240476361723511,-2.2651090465581794,-1.183384606275018,2.8949934880904173,4.551220944375172,-1.5298109779036952,-7.826819825990295,0.9966128792513551,-3.272233401103259,5.528456040512672,-0.9363003862083534,-4.215172388301239,10.799324105207962,-9.160261187691312,-4.805582623573562,-5.653901491863078,-7.09893219282201,5.073211734674661,5.486492332273448,13.899333170586806,-0.7839155101451651,3.255493978039798,-1.4838256581694198,-0.5605236458125153,-0.8310449957553203,7.291103183600162,3.699050836928942,3.179825211740223,11.42078606240068,-8.852930231160444,-0.337873425509855,3.01935110977698,1.406524445481237,-2.379623623774033,3.0947641302446502,-13.425800042438976,-1.891098022779496,3.376027341940187,-0.8707213687564073,2.287934692298035,5.079374571127522,-2.3248053591046833,-10.9257537000767,-0.8270267599197183,-0.7550644388627941,4.757025885947389,6.108350423330959,2.1360656943202714,6.730697454992725,0.6443421365083548,-2.4601437302479647,10.203546813745879,-2.9183468917954043,8.062592842311895,0.7965703537793427,7.4374877137187525,2.63304314029845,9.443076413977042,-5.066594680100843,11.371764417327721,-0.9427297196416822,-3.0744250387462912,3.1294385010582992,-15.652551085122642,-2.4436806549276984,-7.517806645373767,4.043616067917432,0.43982053581687275,-3.9278445952560723,-0.4966677193891167,-2.0419780355146973,-5.205314373442651,3.8035888779521985,3.16836616050559,6.209895029659389,-1.670415954214632,-9.153387928087675,5.867737928197933,-4.301655177862361,-4.994148164202484,-3.933772559462188,3.5998214797366046,-2.7010193218555223,6.140399620577473,-0.48869729853475885,-1.864953850929857,-9.070564542499186,-3.8985421546277603,-2.7999955299262167,-14.028585196204578,-0.46896955421313713,15.620429004293284,-2.6181229858394333,-3.700309122866406,-4.633406547709925,-8.747620120331948,5.223649147258101,14.453167847326746,7.4817083347039315,-11.619405192581993,14.969366525717323,-10.163922702799422,5.786438846378647,-7.063996078593866,4.041464237861469,-5.393669669488576,-3.9631636430030523,-10.609810426192174,-1.3220918480362225,-5.067570344296541,3.1803060367750717,0.6810652809493192,4.191550414491722,0.7510287106704681,0.07617169324133677,2.5432120417286335,5.841359843609094,27.270756410160942,17.062545101682105,-9.50975256605924,10.021203324857737
neuralNetworkClass 	class coursework.ExampleEvolutionaryAlgorithm
INITIALISATION 	RANDOM
SELECTION 	TOURNAMENT
CROSSOVER 	UNIFORM
MUTATION 	STANDARD
REPLACEMENT 	WORST
ACTIVATION 	TANH
COOLING_RATE 	0.001
TEMPERATURE 	100000.0
TOURNAMENT_SIZE 	90
maxGene 	0.9999999999999999
minGene 	-0.9999999999999999
populationSize 	110
maxEvaluations 	20000
mutateRate 	0.95
mutateChange 	1.6500000000000004
seed 	1646684373006
random 	java.util.Random@3ada9e37
numHidden 	14
numGenes 	129
Training Set Training
Fitness 0.051217938919520346