6.5216059879989015,2.7669642210726852,-4.890002933083169,-5.788941627116264,0.4362472023376256,4.469876812782013,0.6780630861212673,2.5834589285278966,-1.937729154097867,8.615728159214825,0.08850716628337185,0.9578469613148393,-5.398862834815477,6.047622890619997,-6.571075807861511,0.3850771844116583,-8.135973701218179,16.287451845567393,0.26361502408428006,-1.78834101774736,0.14183498571929487,-17.667068092793258,1.3215921197152927,9.104683045755065,4.371424306470508,0.940530809113568,4.010161196503662,5.096679560410793,-3.3540221381416675,-4.279020577622978,6.4573685662896025,-0.02089243780096872,-4.5669051044218465,-7.063406953882994,-2.744672264440771,-4.9939304469449874,-3.832778545824895,4.288081993039737,-1.6966683507394587,3.8505698188631285,-2.9697481159043004,-2.0696920280343214,1.1534257649977429,-0.03742317771297987,16.025763780200364,11.001434329975066,7.834031099825905,8.426543621316386,-0.9252942512677116,6.115706304079623,8.45294897865886,4.220773160516132,-1.1924099504651355,-3.457514949569343,-2.0100432464263553,-12.278627995335105,2.062321360249891,2.557113102071149,-8.683539579635507,3.299516808707417,4.029385130390136,1.8839002456388627,0.9732177265428756,-3.4082833493899916,-4.424252771473324,-5.1329554047243295,-4.344319332238298,11.038033750306864,-10.042299739624989,4.2483408118623585,-10.325136515786117,-4.618829048965323,-2.901543577781953,5.9305070946112615,-0.6533983987562184,-0.554216107763204,0.20822088026990215,-0.1552264077856922,6.198409837236036,-3.3466222469934026,-1.006765459351751,-5.621464029385095,-1.1935636578397197,7.420959413590286,-15.773034462506358,-2.1423133850499942,-3.1557358756576956,-3.8957344238391025,-0.5829808472411031,0.6422371630846788,-10.933280555307904,2.869939134752298,-6.218710515183583,2.275118521797427,5.879520902559636,-2.213579231926184,-12.647888945367935,-2.4156928018849104,2.6287736899640857,-0.7398866009587106,-4.503705267070146,2.4180928162372632,0.27652337100451163,8.703537731709204,-9.397337399012269,-5.638883739346439,1.0441846374390664,-3.8469885226542804,8.592562429525147,7.20247028315781,1.6734480321269132,-2.1884955058498186,-0.16527695224386285,9.0179907797604,-9.166914069686612,0.15139551251349737,6.6106303352240845,-8.403245372937342,-3.6095864587133084,-1.2806497313734893,11.751438935641932,4.89538694562164,-1.3121884836457074,-2.6707522141192097,-0.5093987123267043,2.9518747396875877,3.8423244954427407,2.7007440886505876,3.4270147743144577
neuralNetworkClass 	class coursework.ExampleEvolutionaryAlgorithm
INITIALISATION 	RANDOM
SELECTION 	TOURNAMENT
CROSSOVER 	UNIFORM
MUTATION 	CONSTRAINED
REPLACEMENT 	WORST
ACTIVATION 	TANH
COOLING_RATE 	0.0011
TEMPERATURE 	100000.0
TOURNAMENT_SIZE 	90
maxGene 	3.0
minGene 	-3.0
populationSize 	110
maxEvaluations 	20000
mutateRate 	0.95
mutateChange 	1.6500000000000004
seed 	1646684373006
random 	java.util.Random@3ada9e37
numHidden 	14
numGenes 	129
Training Set Training
Fitness 0.10538941531225748