-5.262325035646144,-13.24668078116681,-8.013735271363526,17.222764930933067,5.614827721710556,-2.588577985529181,4.182047610176584,-3.9514817665621402,-10.82315046339063,0.34879687688257555,6.186470240535143,12.872092478170197,-4.126670443125571,-3.9960512172608933,-17.602420972065424,10.775244495373766,11.351457893812896,-6.186707056048331,4.191254149733826,3.721456091310083,-0.8345301053636511,18.206030091497915,17.74021870396721,22.78891817624931,7.105167720130634,-9.613020064794839,3.53947034584591,-1.6276738537580542,-9.945167583386048,-2.285706404089387,-7.166366603503577,-12.150725379145818,22.45907907999267,-2.321426143184903,-7.349291231319137,-6.649602337095503,-10.475059997742393,-1.3729520316758341,-2.556811672493925,4.103266154248599,13.72969212554946,-1.8989637475384882,-11.978519192874295,-11.21159572495174,6.981684914876652,8.067081926844148,-17.063916216608668,6.001654129827319,17.346655820963193,-1.5782951437576163,11.823917940339642,1.8604728717361647,-12.895245179929978,14.936861012347682,2.9307262471142055,10.622607452359045,14.143734673984074,9.037791208693184,-4.4445758287730515,-3.6460486056374304,-0.37850134336572605,-3.2829409039975346,-5.716229087383244,-14.511753983479364,5.646430129985596,-16.061819246054817,10.276910845490889,18.920935719392574,13.187809419068843,-1.02985548533829,4.513270666456279,-0.3399342643420642,-4.220304995283092,-8.587524481841179,5.86369717683019,-14.998560009655924,-9.228551892123674,4.654486640361575,0.4063737071286102,0.7991827519263381,0.11917863912640403,2.42745656865372,-4.352525309639589,-0.013878697188597577,-4.154704805615408,17.37633189594755,-24.039997929275586,-0.028896459888763104,3.2169985552462173,5.067710496535614,-5.0906849643197525,3.3485327815117607,4.498000230662649,6.953326533618055,-10.09509152175052,0.9573963081495798,3.2593696442190616,-24.54340418978309,0.7253444697456732,-3.708890895635223,-9.598609667635893,-8.69548724713162,3.4210958129724833,5.347895195062049,7.888309624552399,0.21649305011215247,7.652591258740045,10.72185807003931,-11.60970067298229,8.404902559332646,5.833868152294167,-9.121061488694938,-6.246928996197607,5.432030454415024,12.465019951233234,0.12357669009131733,-9.809462776308061,4.218864606692832,-1.1731564490018425,16.9878841114221,7.008286055005984,2.3748281688551653,4.1431364233504,11.451433768301117,10.676731974208385,-7.389148486077884,4.048998559709593,13.612412398481835,-1.2520911626241098
neuralNetworkClass 	class coursework.ExampleEvolutionaryAlgorithm
INITIALISATION 	AUGMENTED
SELECTION 	ROUTE_RANK
CROSSOVER 	TWO_POINT
MUTATION 	STANDARD
REPLACEMENT 	TOURNAMENT
ACTIVATION 	RELU
COOLING_RATE 	0.0011
TEMPERATURE 	100000.0
TOURNAMENT_SIZE 	10
maxGene 	3.0
minGene 	-3.0
populationSize 	110
maxEvaluations 	20000
mutateRate 	0.95
mutateChange 	1.6500000000000004
seed 	1646684373006
random 	java.util.Random@3ada9e37
numHidden 	14
numGenes 	129
Training Set Training
Fitness 0.0291209896061253