-10.347869421023972,32.948016296334416,1.7347237923295475,-0.1699283403799594,-3.7839552389201305,4.560980833707227,3.8139088758265673,3.2034588559742243,-1.1163212547006136,-11.512129562068875,-7.917306233271011,-1.3573352888810621,9.591613616599439,4.069211148848402,-8.692743267860326,6.051626760778798,13.694572506135184,-0.49831361395317586,-4.863171236266601,3.118253432063084,4.661152075706584,-10.852730123049865,8.406677109929277,-11.478954977047303,17.88032734180311,3.194767056140913,-6.5774797478655085,-17.003847681897334,-18.60115203608661,19.26009834209134,-4.11106321979617,3.3107992280894347,-9.026077152386009,4.6015116580802795,-2.499649672596365,9.987444871981227,0.4363071125460145,-7.206381454727268,-18.995515678594387,-9.461391781474088,-5.594048060034623,-19.27219078738601,-13.072830546911735,-3.3112702616412664,11.161580888545773,-2.941216223126059,6.837598410334012,3.048851071898099,-4.517379154964763,4.337519683078009,9.670052307875416,-7.276830829013127,0.6592053097662269,2.5008302569493956,2.732121391011436,-15.975311618237527,5.733965721430135,-11.051139201528782,7.846054706419264,13.127829431742517,-10.677996010826922,-0.3345930423798791,-3.772212650636119,-16.203298842522102,-4.0683016684996804,0.2232613796377123,6.140271485268135,6.296452376281124,3.4230431998458997,9.265517213330357,2.4418935238365265,2.3009309446319826,-2.202318686434994,-5.284550489994853,1.6947412251121108,-3.001625272542795,-3.4118908571063855,-2.064579445210704,-3.676618920877873,-7.841648603795136,0.7279297310854007,1.0251791223868967,-10.343395326577873,-2.1381591130558704,-10.804428477643599,15.8073429979691,-18.18609942049725,14.222522593348586,-23.128060386735832,0.5927780597884365,2.3652023310273513,2.9314101697445984,8.505725256641526,-2.290148914975374,8.59588574275026,14.169006988461645,3.7571064073605314,4.165622743356651,8.690099283602901,5.59499761046151,8.258531753240497,-2.1938156434966807,3.1500342661374336,4.54210740205107,7.393117331569738,5.883420763765935,-5.597590437183017,-1.599943114091384,-3.0174193579879924,4.064705136399459,-2.5136729401753666,5.228635884587512,-3.883238372519693,-5.798603752026234,-1.6703557723733926,-7.8690288922316745,9.283192759474183,-5.752667869783872,11.218553506914134,14.253964270894121,-8.020744277397036,-8.177804420083792,-13.848913409285162,3.839935700611477,6.738867527298803,-11.987332266661557,-0.7030518256024925,-17.686194507121726,-5.649600937220701
neuralNetworkClass 	class coursework.ExampleEvolutionaryAlgorithm
INITIALISATION 	AUGMENTED
SELECTION 	ROUTE_RANK
CROSSOVER 	TWO_POINT
MUTATION 	STANDARD
REPLACEMENT 	TOURNAMENT
ACTIVATION 	RELU
COOLING_RATE 	0.0011
TEMPERATURE 	100000.0
TOURNAMENT_SIZE 	10
maxGene 	3.0
minGene 	-3.0
populationSize 	110
maxEvaluations 	20000
mutateRate 	0.95
mutateChange 	1.6500000000000004
seed 	1646684373006
random 	java.util.Random@3ada9e37
numHidden 	14
numGenes 	129
Training Set Training
Fitness 0.026655051054504813