5.882251370699155,-18.56672155645777,7.074080391004928,-3.6034509600798135,3.035460868334189,-5.2386006034316175,2.274322893209714,-1.5158668273266898,10.086368843643537,18.79961912456129,12.063174238241768,-7.042875900113811,5.359570878487258,-8.65721530009504,-10.098198436054451,9.759418666397778,7.157225528728958,-16.812221744634197,-8.10355891589747,-15.359171109428758,13.267396053342063,-9.235487803767745,11.451183350784067,-3.0199631788324943,-1.711413536358286,-11.175657937934378,-7.112143780481899,13.672315253278047,18.305481365326287,-9.213078034191193,-2.0343289843902266,12.786945987342445,-2.691287802154905,6.766840398072316,-5.333888996962404,8.24457994624316,-1.7907158759692514,19.371687379020536,-3.2086474216839083,-9.839904677677877,-4.193888650352074,0.4835150613884096,-7.792676819475448,15.541823679188285,-11.527079661814849,-4.244032009757012,7.645311791444415,-8.266675257514422,7.938593377977755,2.529670180808436,3.6088603614004935,3.8292048928265334,-0.3571630560616521,2.6887699216198815,-5.534522677612438,4.291784970310145,0.656872563604324,-12.698145188804192,16.385526848969334,-0.10926205185917048,5.2666596812341915,-10.939237097614221,1.9234596754203448,-13.566873466156748,13.673972626956864,-1.7488727597700637,-3.5306361385763427,-7.753413936216186,12.428466978239191,-1.641195410324901,-0.668373033978046,-3.9762912487291535,6.911681964001756,0.2866514448107864,-0.25568724305908797,-11.269001464713863,21.101739303747976,-6.77357815095475,2.77566852014837,-0.31892195348551056,-6.1446900117130845,-6.999124097149885,2.596991764386548,-0.03785753286580107,12.751234621704148,-15.538501106520664,-11.796103030154867,2.6139656630056036,17.947993904968314,14.84754378004605,-6.035163940470026,-5.964920649893603,-18.88496058031658,0.18242278164041714,4.404538711928302,-7.24894472210093,7.055806631422515,1.55378578217468,2.712850818062579,10.869135940068658,-15.601954519439518,1.0439357807520029,13.902262364003114,-9.91023028635326,-4.265084940869341,8.0975446805746,5.270227860183877,-0.6090804320376169,14.10810273943419,1.0839445345932468,1.5051957878830358,11.496327547216339,-8.567960378222903,7.081581978813782,11.508075315389421,-2.8657717449027444,-11.983902499037121,-5.367463277844639,-14.866318744925938,2.838319064215792,3.1494641377504773,-4.5146834253992925,9.839510934147397,-2.0118948683272757,0.37120687178452094,9.014454420271113,8.562018907154371,0.5310517740830489,15.355846808544056
neuralNetworkClass 	class coursework.ExampleEvolutionaryAlgorithm
INITIALISATION 	RANDOM
SELECTION 	TOURNAMENT
CROSSOVER 	UNIFORM
MUTATION 	STANDARD
REPLACEMENT 	WORST
ACTIVATION 	TANH
COOLING_RATE 	0.0011
TEMPERATURE 	100000.0
TOURNAMENT_SIZE 	90
maxGene 	0.7999999999999999
minGene 	-0.7999999999999999
populationSize 	110
maxEvaluations 	20000
mutateRate 	0.95
mutateChange 	1.6500000000000004
seed 	1646684373006
random 	java.util.Random@3ada9e37
numHidden 	14
numGenes 	129
Training Set Training
Fitness 0.01187513133671041