1.9020487966983488,-8.869315437798935,7.280013640370116,12.719049915336463,4.234139614808054,-10.561538862222553,6.6063632362567635,1.2874451412165273,8.177652353964811,1.9669404905903334,7.997352183550843,1.4937335894405446,-1.648094647128291,4.45457862080993,-6.283285539022099,6.849393569891037,-5.791096067050288,0.7427253036810351,7.7887521492685785,-13.915846851435147,-10.203654722947636,-2.1424312446593854,9.404034125559539,2.457180532134811,-5.645213070707076,-4.66073504109491,-6.074488026228596,-11.868530418234446,2.830607323205232,-10.242012169727799,-16.164138293627353,0.21502205825786191,-4.448377165004761,-7.993758686940065,0.4258443354302077,-0.48421298206332164,-4.4350442739900675,11.143888312045677,4.019960976818199,-1.6118233899900765,-3.623012744178263,2.8469565806070563,0.8696647429511639,8.617337891324446,-0.28704034910234455,0.7733936479999972,4.765874219208198,-6.006780776896349,8.729029799074254,0.9585524873286921,-6.368480573089316,-10.330170507865171,-6.087694056609768,-10.309704366930662,0.3013336093455301,-0.7640535185978115,-2.655360930985961,7.788220374979379,3.930090447072306,-4.558107433247894,8.033672639849335,-7.826388722817468,-7.508030827347158,9.13285197028451,2.879885357091639,-5.983660481602694,6.242715771482816,7.182567290019774,7.901103035229459,6.082037295371874,-8.637249323307675,1.3021075875193393,-4.123816886368798,7.127482101182828,1.0333614798478834,5.766764726002964,6.397314671955225,-2.5957599926778423,3.7195990591305916,-2.0900104902051257,5.835607799783057,8.830221709077755,-2.957516823367773,9.176641647782363,2.8773833584410866,4.825917114338183,-2.830392874724943,-4.041313884515132,6.578805585409565,6.936683384821439,0.7872145263438117,1.904825893925544,-2.7857617645971855,0.6245696321999015,1.488306500044108,3.801425097176409,-5.441066423741525,-1.6872280304931966,7.220321650475998,-7.3345702701456155,0.7994059868221175,-0.9470787921573054,6.182416858108266,-5.4291419072799325,-1.4449327967540198,4.810016461287946,3.346357766991934,-2.1012109376932235,-2.277557953443413,-7.728077035778499,-2.153482856022892,-2.093362300956886,-4.281486156988405,5.439969217526204,-1.006541087111144,-3.0441349636619304,-0.8975152930143504,5.494279626081296,0.7620744034378752,-3.931870734496526,-0.35453145739202796,3.3520949149068406,-6.810783304651521,0.3982473382754863,4.445371902934474,-0.8505629173505689,-7.412730732431784,-1.3318108429221773,-0.20055028950635823
neuralNetworkClass 	class coursework.ExampleEvolutionaryAlgorithm
INITIALISATION 	AUGMENTED
SELECTION 	TOURNAMENT
CROSSOVER 	ONE_POINT
MUTATION 	STANDARD
REPLACEMENT 	TOURNAMENT
ACTIVATION 	RELU
COOLING_RATE 	0.0011
TEMPERATURE 	100000.0
TOURNAMENT_SIZE 	90
maxGene 	3.0
minGene 	-3.0
populationSize 	110
maxEvaluations 	20000
mutateRate 	0.95
mutateChange 	1.6500000000000004
seed 	1646684373006
random 	java.util.Random@3ada9e37
numHidden 	14
numGenes 	129
Training Set Training
Fitness 0.03873149405676675