-1.0672556118572967,-11.261214476990862,-10.393831420264341,0.9133519814600239,4.586800076006877,-4.160188598786738,-5.361796231164885,10.050298489011073,-5.208576248601599,-3.750234005486049,10.350701283087206,3.8791787423697404,6.413982499367231,4.406380028206446,-2.5999132627698724,-4.71871361735271,8.926108839721733,-2.77381814682383,-5.165496479297914,11.041844217603318,-5.472600428744758,-10.109019529252413,5.892803797918425,-10.714360583709134,6.139043595384536,2.237325675684893,-3.455666787258262,12.628645880343548,-6.049191247612708,2.6033814845138865,10.778531054532136,1.6365860813115205,7.565372615361278,-2.2049384858325443,0.782662542916924,-6.792438575729333,-12.667975035238637,-3.0717959384233975,7.612799149554912,4.30954776262268,-15.302681898110924,0.6359826814820071,-2.132541191309546,0.40472660438618124,-4.5767135088707835,5.300670087798157,0.16511226233662013,18.13129485912973,-2.715592952357472,-7.173701680746516,4.306063670598039,2.5895656935402807,-9.297485555646267,-10.18632575718498,-2.0839932791249085,-3.3071522973594085,8.414435599872872,-4.418362102556737,-3.3771457809503014,-3.8552403142724643,-2.009846254346397,0.29836722968900187,0.9102389153909414,3.143309742060331,4.829857659620005,-1.5060405808703958,-19.02962247523314,-7.011757951270539,-2.983717857422242,-1.4295633444783462,-3.2042126039031036,3.6318217337406207,-8.16571297036845,-8.892250101856138,1.653643745246443,-0.08559279812790965,8.092676144484969,8.884273426596991,4.02835879848416,4.564822303742067,-1.1562021127802504,-11.712294730952372,7.047265921831778,2.9217214767736888,-18.455480621809173,-2.06278756196114,-2.1789166721065296,2.0458051875021495,7.387713566242667,2.1700778947643524,3.1851337302525007,1.7939219603681753,5.106442554481948,12.016033141670452,-19.030910866231025,-10.385242247292478,0.013570078469393287,-14.510122822678246,17.502309632137553,-4.098007603065916,2.4875823810024027,17.97790810151006,-2.4213587393409144,-4.2455301855375405,-6.699058368396733,15.276113538082333,-7.341166784851558,-1.255897602219207,-6.48965402529328,5.807988473351872,13.880534372251985,-2.4690985834308723,10.738815423588887,-3.342728503564377,1.5751232868241143,-0.5593014458233903,11.327568690529773,9.595811522732458,9.407424890806515,-10.215206642296039,-11.128794570831436,1.4691992076031415,-5.391337250174787,-1.49806589549822,3.1227536629036496,2.122719430656116,-4.135208028216509,0.441712757287986,9.865688926738915
neuralNetworkClass 	class coursework.ExampleEvolutionaryAlgorithm
INITIALISATION 	RANDOM
SELECTION 	TOURNAMENT
CROSSOVER 	UNIFORM
MUTATION 	STANDARD
REPLACEMENT 	WORST
ACTIVATION 	RELU
COOLING_RATE 	0.0011
TEMPERATURE 	100000.0
TOURNAMENT_SIZE 	90
maxGene 	3.0
minGene 	-3.0
populationSize 	110
maxEvaluations 	20000
mutateRate 	0.95
mutateChange 	1.6500000000000004
seed 	1646684373006
random 	java.util.Random@3ada9e37
numHidden 	14
numGenes 	129
Training Set Training
Fitness 0.01616241784717806