-3.460407841444594,11.731754315020272,-5.135326796814498,-3.3175497175143134,9.851529179845793,-19.927716097439806,-6.519649777279717,22.99580539547597,-21.493413840988595,-3.1989657289978455,14.844058355591356,-6.626466563818118,-1.7469821276625765,-3.3639079242754137,16.326041558714188,13.298046748003093,9.75874148994731,5.080994796057487,-9.989019732301934,-8.181529213562225,-0.12727429847245197,-9.943233834552029,-8.176663854884726,-3.448328404771738,6.733990686414364,-0.08042620402104639,-8.084331913575852,3.191411337650738,-6.66395378067827,11.46977492693274,-1.627908135332106,-13.004364361477021,-16.612536827923606,-8.342904254283908,1.60947845640543,-9.77373417091917,-18.142662151156863,1.4517222157523673,13.102417821625874,1.673120736560663,-3.3764339105802517,-1.7176565537365498,13.216188853080244,1.4699561612472225,13.334794072998692,-0.13107842747980136,9.8570699859681,-0.06742742916606481,3.33050084593704,-26.475520364768023,-1.827598737416361,3.223296833312311,-18.002071786399334,-9.9370954444593,-3.3632310993184973,-14.825068363084782,0.035314282628625904,-16.54917441191946,-1.6339456920947368,6.7095461664822285,6.63150970038531,11.539716847669261,-1.7485044756575903,-9.796398055510732,0.022299544569822416,0.09790542456007412,-8.423220233408157,5.144787140684652,-6.618464486808792,3.1674676563843693,-0.12283766175903654,0.17036147517486633,-0.033656735295775064,4.8619207141173,9.8560465094922,3.106933125551826,-16.52806487331462,4.84930994564361,-0.0731741251627458,-0.16228159032520928,1.7687500908148222,21.598914726605287,16.614513242275898,11.748296895769908,5.0025357723733865,1.5916377405913273,24.918447828981236,28.05735531766485,18.176521878348588,-9.740167137794769,-6.72494563212784,8.404178473857943,19.914280230171705,-10.040009918807662,-3.320948494998432,-24.586812967346972,-4.883396821733594,14.859762802907063,-8.42638044922634,-6.6227436747069905,-8.313157774469413,-8.364336896148856,-8.28425891583629,6.6861675338845945,-16.359440856078606,-6.490910286568708,1.780210318708992,8.137628046418305,-14.672767859296794,3.380842513366333,-11.406125630095662,1.6366477177598817,4.953862393214425,1.515754736040991,0.14591416403520796,-9.736629481839856,0.17963748609705554,4.770069156095024,14.8927012830637,0.1567047128918606,21.502996527819064,3.2924915908413457,-9.71963767461556,-1.4550878158791036,11.57232001398094,8.145850013301416,10.058780655009235,-4.930288564388537,9.880646624338091
neuralNetworkClass 	class coursework.ExampleEvolutionaryAlgorithm
INITIALISATION 	RANDOM
SELECTION 	TOURNAMENT
CROSSOVER 	UNIFORM
MUTATION 	STANDARD
REPLACEMENT 	WORST
ACTIVATION 	TANH
COOLING_RATE 	0.0011
TEMPERATURE 	100000.0
TOURNAMENT_SIZE 	90
maxGene 	0.2
minGene 	-0.2
populationSize 	110
maxEvaluations 	20000
mutateRate 	0.95
mutateChange 	1.6500000000000004
seed 	1646684373006
random 	java.util.Random@3ada9e37
numHidden 	14
numGenes 	129
Training Set Training
Fitness 0.016404731287355864