-0.14386101219100955,-0.6376420610612437,0.8931552262177914,0.7085014509023336,0.5838094664022678,0.22762701239008176,-0.28376148050684735,-0.11738046245608502,0.007033645932521648,0.24408542703381075,-0.09992858304644514,0.5855701328749695,0.7494694369295948,0.334959615205633,-0.811724510780106,-0.7070411345266805,-0.006086772053808476,-0.47041277820820016,0.5987152484349852,0.6391289743912597,-0.3176089207319692,-0.2543075694549344,-0.5798495052708665,-0.4449934173923429,-0.5500872300147364,-0.5857813951702098,-0.3289000036245664,-0.13264526806682664,0.8679917020136839,0.4312693204772807,-0.6012789193134866,-0.5915914258081971,0.38477670330513025,0.10937071156214817,0.28525365857771756,0.508774814034043,-0.4440465623518035,0.6851330941570429,-0.07658842181992886,-0.10155992758082144,-0.3637015589442514,0.3402986672923495,-0.5484237641308272,-0.9383106219895582,0.26807044847577177,-0.182319462075768,0.9339442548150433,-0.004396317803871064,-0.8374600970761502,0.4177967922462652,-0.8506967812430798,-0.6666105685891557,-0.5193582359012672,-0.8179035984122397,0.14946809630232705,0.07804095513701592,-0.25223765517219543,0.33859012370853525,0.7287915373869754,0.08265954657376129,0.8588254115514974,-0.9158220045900521,-0.6989078709762979,0.48355684653206776,-0.5737550140098551,-0.46664505262991995,0.7358255265364816,-0.8691507392894907,0.414306118987921,0.3090705661591281,-0.8378766366696254,-0.9271138358438692,-0.6763137286909029,-0.19056466142372375,-0.41958818793077346,0.9444543619365814,-0.9795598583088679,-0.35441744879114223,-6.102493912438778E-4,-0.7301288076309043,0.4846628563704306,0.6162171861973492,0.3116108833472141,-0.5668176340059101,0.8093907610216265,-0.23480317268394746,-0.18637227231164988,0.06666677926168407,0.8399475494395615,-0.8775876402215238,-0.6690196033107416,-0.32665340226356676,-0.8517619620330285,-0.9642669249900585,0.514299470310056,-0.15595952260576418,0.029372478030993077,-0.5582536416255901,-0.10207051809253764,-0.09109023011520789,0.6273759068927055,0.8102695129464182,-0.6306630245235503,-0.08944919322913569,0.8804338910487758,-0.8000228175944754,0.15923019028799434,0.481943180170436,0.2394457914676028,0.8557249144679334,-0.8182746422140897,0.9173959031468696,-0.24626465538557585,0.6299964812461379,0.9679215158091857,-0.403193079798285,-0.6417456846370968,-0.6067293640079194,0.42738274287575495,0.4095580039758667,-0.46862111256281436,0.7678340335669512,0.5562684070039056,-0.8198169785895123,-0.9075625097484236,-0.6326621842883426,0.20647868079113463,0.705477784233472,-0.4903566718644672
neuralNetworkClass 	class coursework.ExampleEvolutionaryAlgorithm
INITIALISATION 	RANDOM
SELECTION 	TOURNAMENT
CROSSOVER 	UNIFORM
MUTATION 	STANDARD
REPLACEMENT 	WORST
ACTIVATION 	ELU
COOLING_RATE 	0.0012000000000000001
TEMPERATURE 	100000.0
TOURNAMENT_SIZE 	90
maxGene 	0.9999999999999999
minGene 	-0.9999999999999999
populationSize 	110
maxEvaluations 	20000
mutateRate 	0.95
mutateChange 	1.6500000000000004
seed 	1646684373006
random 	java.util.Random@3ada9e37
numHidden 	14
numGenes 	129
Training Set Training
Fitness 0.14968191355817817