7.030591882564343,-0.37516585805742775,11.702708885957676,-9.477467431017239,3.4938951148970183,1.3065827208882377,2.6610297057749084,3.1035995630422244,0.6468774358606071,13.359584273136692,-2.6852482659041987,7.792604435004949,4.800681796345533,0.5053592658936932,3.2673975744948747,5.05713930619201,-12.740372707956954,-5.806156107944949,-4.304823307704657,-2.249652091367201,-2.7709145294887865,14.916539842178558,-2.6843750882028248,3.660459612832021,-4.999443712141616,18.711559445657997,10.808219212037082,-10.4746167151554,4.91769452082054,-8.952189767715375,-1.2086976564546754,-10.13887421034414,-5.912420802055791,-3.217015607264564,-0.011052965231622913,-11.321024534191785,-8.65043209314686,-6.065059372179232,-8.511813964829678,12.130061131942359,0.6496234873032156,0.03848721985890258,-3.7086663487580234,17.017068586732208,1.0910496056601637,-2.5205021083179666,1.759919529770448,5.251571096542053,17.393115353092135,9.005713636121857,12.226051325950792,4.211597658812941,9.187099565909003,6.858504916629439,-3.5361775767221273,-3.6822604866102733,-13.685171183605487,5.3522912460924195,0.6676751963515044,-7.8527355385938336,0.2178327348388427,-2.2017629998444193,-1.8735700232172272,2.6943805025683965,8.015785233010167,6.826263413428849,2.4609826475504946,-1.2890360455736518,-1.0790503062639907,2.45434017112309,-1.6895247907646755,-3.5242636869893076,0.6708886476923359,13.736439765215506,4.106037728708995,6.441049828910206,-5.215249761603959,0.8404613433975925,10.512997257691833,-1.1548918079685837,3.4589873559990014,4.114852061126518,1.8017472705325694,5.803627120776765,-7.783586515014941,3.1975757237005036,12.774266520145353,-3.0413936556468926,-9.391953572362954,1.153500955225132,-1.3724246144384473,-9.836942310599216,-6.009764028122214,-15.503798785207072,1.327211306880157,-4.230791451489954,4.410121868390017,-7.684953461573224,-1.7803191012677537,9.660837434835964,1.682465500663057,3.3506085248617197,-2.080905219457934,-10.721984884637623,-14.767364582121868,-8.796523492788644,-2.3282596463945975,6.941242192082515,-0.8162544491588957,5.528749357757002,1.0707177136978157,-4.558025023347771,9.32793282061855,-11.028963330836202,-5.15800261676582,3.8773014215571013,-3.4151192383489093,4.675492222349149,-9.553934337839301,11.119011648095327,-1.6960638769896557,-11.989714153579998,9.184780841810618,8.020333268754014,-3.027761657247243,-12.350986192280075,5.240036656685408,5.778166746782732,10.297036334321033
neuralNetworkClass 	class coursework.ExampleEvolutionaryAlgorithm
INITIALISATION 	AUGMENTED
SELECTION 	TOURNAMENT
CROSSOVER 	TWO_POINT
MUTATION 	STANDARD
REPLACEMENT 	TOURNAMENT
ACTIVATION 	RELU
COOLING_RATE 	0.0011
TEMPERATURE 	100000.0
TOURNAMENT_SIZE 	90
maxGene 	3.0
minGene 	-3.0
populationSize 	110
maxEvaluations 	20000
mutateRate 	0.95
mutateChange 	1.6500000000000004
seed 	1646684373006
random 	java.util.Random@3ada9e37
numHidden 	14
numGenes 	129
Training Set Training
Fitness 0.020549469563188056