3.24038119783126,-10.925142078054376,8.217790487709333,4.269551966819778,-0.8937893254775289,5.320128352288312,-9.952837318832,0.3931431630011346,-7.711234731037919,-5.6501499695105455,6.348351041516576,2.0174676827133755,-2.4412736863800237,-9.991960592401881,5.283726852857708,-0.8508372183373449,-7.093691486746165,6.606904602288866,-2.523084608640154,-1.713760515098289,7.5507455151368,-2.669056061686629,-9.08951392563267,-3.3631359363208455,0.7680697601008637,-7.15506258017618,8.248216984434986,1.47961183413015,-4.207576995898982,-1.7880530648210886,-19.06966488536539,5.403535556602778,-3.0269119194280907,-6.192481387214929,-3.1016639125875063,2.3777185433994026,-5.341115635706513,-2.391139963298178,-2.7733095811639243,5.723811422182216,4.23352343835049,10.892841643814899,7.421946977603435,7.251378997863632,-2.8600255317855945,3.194250992376217,7.1454466037826165,-8.485287867943645,2.358841227832839,0.9558063624871256,-9.125937590705814,-12.188912921056263,-2.854793401364539,-8.305986395839838,0.5840869481614979,5.914284230178547,10.330353527791095,-3.1899707451114327,-6.973412164656855,-4.226495545883685,-5.74077638134451,-2.157729154841518,-2.4417406965392097,-9.243348979127752,1.7114290123901994,6.387592414289175,6.949997215931711,-9.52172807215289,-2.056915090988351,7.710423355276321,3.3161304681879145,7.626286913136919,9.988684541681293,-4.585655386417112,-1.659556077257224,-4.212050006411072,-3.72330937672084,5.118156087303092,0.7208311515727654,-10.775672079145235,0.8394705074705158,-0.041433533077514184,-2.437381623255952,4.403902237609298,0.8376563091593807,-5.415784920325754,0.2213046438730304,-4.2702691143955125,7.470962703366281,8.360812658898967,2.628665406308622,4.43093355413165,0.5119502660531001,4.374767889329692,10.88187103635002,-10.511906420994103,4.6261732568398966,4.5027428263575064,-1.9165263953998277,-7.276504444043267,-2.168394072840392,0.8071589903640444,5.490819765305931,1.5609488026445058,10.202192661945725,-0.6772450496309883,1.2166492706238525,-3.3537280999928525,-9.065177961370201,6.266873209951594,-1.181656886987554,4.068344240168659,7.825976329704268,-5.613767648289043,3.721487466189914,1.5819563440954107,-8.406236882271067,5.295520012258393,7.8441229779855615,-8.642478745885946,7.882986845428148,-1.4317821357455003,1.4712526092784302,0.6690350473644244,4.605372411194361,-0.9423494157627381,0.8248832643144492,8.730504545961066,-7.705994098662611
neuralNetworkClass 	class coursework.ExampleEvolutionaryAlgorithm
INITIALISATION 	RANDOM
SELECTION 	TOURNAMENT
CROSSOVER 	UNIFORM
MUTATION 	STANDARD
REPLACEMENT 	WORST
ACTIVATION 	TANH
COOLING_RATE 	0.0011
TEMPERATURE 	100000.0
TOURNAMENT_SIZE 	90
maxGene 	0.9999999999999999
minGene 	-0.9999999999999999
populationSize 	110
maxEvaluations 	20000
mutateRate 	0.95
mutateChange 	1.6500000000000004
seed 	1646684373006
random 	java.util.Random@3ada9e37
numHidden 	14
numGenes 	129
Training Set Training
Fitness 0.03753702940957088