-6.699723938995651,14.470730598567497,-11.921163640282623,-7.340663113869967,3.99038283416467,-10.437288315855602,-0.7621402619159996,12.342492464423922,-13.604158995124346,15.872133322347997,-5.082215064170528,-10.001290653279112,1.0291100622201537,-9.217774319945903,-10.265104908215429,-0.3047728987833356,-1.8281314519806742,4.266869515512554,-11.313130958274055,4.740410094728897,-4.28018607486297,6.174526113015963,2.9327543797926747,-7.933520938621694,-1.1132190504132415,5.523166646573411,15.708387070164182,-2.462492151917129,-14.524971026724058,-0.0656423535156403,-9.033761677460918,-1.522989065168705,6.542402627047771,3.2197558399251847,19.359723698194365,-2.0589893532822865,-13.096609054150148,-3.1292492586740916,11.521352805149307,-5.819841160703902,-21.821430873022344,6.79193525810968,-12.577947102600385,-9.018496136787878,-0.23205655221041432,0.3264630999324716,-2.738606349457756,13.131604049180684,2.6076802007576223,0.40217204951838603,-2.161148997814358,2.8395426089949307,-10.775566926339582,13.168242893952828,5.9810449925517775,3.0571313039510315,-9.173214545906827,14.23265448509371,13.783484410316605,-0.7957092746227934,1.1685312004150692,2.2811744411707213,4.397041554619945,-13.402164097785699,1.0372944302776492,-6.826910035526177,4.1241819714985315,-0.16976285285188464,17.677068407401862,8.233488858501813,8.373962695555043,-14.036714789000786,-9.329585719280889,1.2814191441554543,1.300558215609061,7.1621117248371196,10.913874332315297,8.605142839957955,1.989033197799082,2.3754397888640586,6.942732616449534,5.314371010735819,-4.824784445790145,2.8297004551084965,5.192445898781854,9.744294395492629,-9.888674939284654,-5.2447769683396785,-5.616623868808119,1.5263750818970987,15.491589632157098,1.8687181860587039,-17.015795036032706,-9.438117293673924,-9.348545489595658,11.841562434832053,12.413854936806581,4.815782354866457,-9.595684450841135,-8.630371203884255,-5.534209086262592,18.05654902925803,8.469769566035728,-9.417457379743064,-0.8493125349761366,1.0389635669880786,-3.646770979228725,1.09547667467118,-13.646945894485388,16.33593725975696,-6.619883829441835,-7.440670528711041,2.167922346251162,0.2718871479876537,-5.681296691256177,3.1500976155473976,-10.560956014660212,-5.324766163282311,7.655258309315132,2.4061887167532063,-3.4661861986677422,1.3912064363799814,9.344518924256715,2.7733726895768136,2.401404716946491,3.206139122996346,7.632458860726411,-3.700141593939069,-6.093560739135057
neuralNetworkClass 	class coursework.ExampleEvolutionaryAlgorithm
INITIALISATION 	AUGMENTED
SELECTION 	TOURNAMENT
CROSSOVER 	TWO_POINT
MUTATION 	STANDARD
REPLACEMENT 	TOURNAMENT
ACTIVATION 	RELU
COOLING_RATE 	0.0011
TEMPERATURE 	100000.0
TOURNAMENT_SIZE 	20
maxGene 	3.0
minGene 	-3.0
populationSize 	110
maxEvaluations 	20000
mutateRate 	0.95
mutateChange 	1.6500000000000004
seed 	1646684373006
random 	java.util.Random@3ada9e37
numHidden 	14
numGenes 	129
Training Set Training
Fitness 0.013740774560798417