7.4823116178502485,0.07438835559019541,-0.9864797199097852,0.98484286219814,-6.287348905243967,-6.751844206495831,-1.7285767688002274,9.568548494809193,4.632967985638939,-3.0073703930713904,10.21116869781354,-7.774523695996935,-12.224101293306445,-6.277107149562073,2.964674035681851,-8.556180655322239,-6.895738502284272,10.497651699024017,-7.413719296828049,0.8444665990216187,-0.25533392972001323,7.617041227064421,-4.476649895551267,0.018064193686230468,-13.656910796034333,-12.825298199538196,-7.29552669321532,6.456933766619752,-4.968486062607885,4.597923887839133,1.616685052026722,0.486474769619349,-5.422304966844196,-2.608648846903529,-1.2880770579243963,-3.021957409100567,-0.8309213474200705,-3.700870980286979,-7.916842880819504,-1.5288091415370237,-7.686655492609914,1.5669586578463863,4.15540417930762,-11.199295169734528,-3.840770704653499,-1.988871699775995,4.327421090641872,-7.063735972622092,-4.879583586653482,0.4101258429233643,-1.903901185331053,-6.734519114984891,0.6999415025474978,-13.830297992946281,5.923308050090103,-1.8868236764269604,-4.06595415837122,12.618107916244657,-6.82981486002911,-6.210640271823131,-4.466603472153367,-0.2684057004082687,4.926581660182039,-5.104509579296863,-0.30392642135663994,-2.67888416472584,0.3536315355649178,2.493208971699616,-8.849288291401212,5.179545655197761,-2.6531555493229266,1.545702853643184,-6.3010631061259925,-2.0554371155608235,2.1986465976770884,7.0905286151864715,6.171059212066451,-7.424262467061529,7.87003296458924,-6.031843120399191,-2.0949560057840078,6.175192613668385,1.965221673022878,8.49844625272872,5.243612940382182,4.299588319991087,9.150939499912866,1.430199381980577,10.596647340990108,-5.044635294891478,3.5512453869658014,-3.1203946716651103,-5.12852328951633,19.81043215709345,-9.03130054439271,13.917884989225474,-16.898588901504098,2.177947079171794,4.757365790918211,-6.931502162995722,-9.387222246781079,-1.474475951403777,-0.8532690613885272,0.8478556537917594,0.6987258706629662,-4.994493744559156,2.5742707882648155,-2.5712382194336447,7.332083017755497,-8.278628347715163,0.9675641212764221,0.6571816042834389,-10.518892242164346,-5.3304169963133905,2.0133296870413524,-3.702736282038715,0.8784260924418454,1.1315887980808625,1.0355957965729328,-12.784665373087254,2.427261887863496,14.05048059410809,-3.2947300024236705,2.030462062814708,6.633658000545761,6.534209422516367,-13.378346818710211,-3.669976343383677,5.902897911173833
neuralNetworkClass 	class coursework.ExampleEvolutionaryAlgorithm
INITIALISATION 	AUGMENTED
SELECTION 	RANDOM
CROSSOVER 	TWO_POINT
MUTATION 	STANDARD
REPLACEMENT 	TOURNAMENT
ACTIVATION 	RELU
COOLING_RATE 	0.0011
TEMPERATURE 	100000.0
TOURNAMENT_SIZE 	10
maxGene 	3.0
minGene 	-3.0
populationSize 	110
maxEvaluations 	20000
mutateRate 	0.95
mutateChange 	1.6500000000000004
seed 	1646684373006
random 	java.util.Random@3ada9e37
numHidden 	14
numGenes 	129
Training Set Training
Fitness 0.0949930469383434