-11.089596882655306,8.270761765476793,11.4458423936326,7.585235467845463,-9.986499152707342,1.889221366405616,2.4229256152418834,0.7997417298056142,1.9419414412513198,-15.741236185338709,-0.33137407522082096,9.11951396445607,0.7586926704749937,6.372382910874695,-5.229048690032547,-12.159081283529407,-6.961230724174834,-14.560488294379942,5.032813680452993,10.514426605825522,-9.82561182352912,-6.852228336272427,-1.5797215704043133,-10.832410864280922,-0.643724336479182,0.6854538579122567,-7.4491712539515,2.0910358706231316,1.9071905944674683,7.504994860592946,10.067822827013474,7.486309122780492,-2.5566663262020777,4.354191112063417,11.803183239486831,-0.5479128042978827,13.601424665912509,-16.264116382172585,3.0862166384337595,10.325579034013646,5.468835752127096,4.028325920433982,17.256070580395914,-7.151389580057343,1.5537838038772933,-18.64256499206916,2.809944234486105,10.349405607722886,8.319686893317439,8.871107684953808,3.737529065482903,-15.516199177199786,3.2074061130799167,8.249770023162226,7.66051538690734,4.6823627373765255,10.262448231521077,13.346311785378404,4.939359535627608,15.715118625555567,-3.353682551544706,1.9700426129033128,-5.609635428085694,-13.505411828222062,-9.33918706721411,2.175788970004701,-7.325509775621578,16.909293431626523,2.038676493859292,-3.021760795204024,2.9126632079249504,-3.1548448221761305,1.3286064013665104,7.4956235018683195,10.194471439269288,14.104921445757906,-1.2227374131080868,-3.214195076619453,4.359232541715581,3.6947548263713736,-9.564504587422814,1.8218373135053674,2.7967899916917816,2.8623430660366047,4.0156422102001,-19.124465558953702,2.6337443830119733,7.448628339179374,-3.267404990550604,11.524076730457963,-3.5358083853237563,0.4679883756239942,-3.539049997434649,7.303665418457067,-4.93510228547343,-17.34056533429211,-12.572339318295874,-0.1442780776670567,0.6531959646015872,-3.027122542399658,5.134225798072172,1.995110904641269,1.264258332735877,-9.642756601706832,-2.3479477943898512,-3.2111478899822687,-0.5822553633417316,-13.092536180227443,0.9842410879709611,-7.969730764945329,-2.350300945327989,-7.232412118442626,9.474158406674063,3.6087594147753226,-2.371081645293855,8.327508076357535,-5.609244614648759,-1.9281505481660284,-10.404622219866967,19.416019116309442,22.470218910809017,-0.8398061139159949,2.464160323183357,15.833169502839963,-2.70686227991835,11.242646627125565,5.081691346917245,-9.932406250826192,-5.836519597507827
neuralNetworkClass 	class coursework.ExampleEvolutionaryAlgorithm
INITIALISATION 	AUGMENTED
SELECTION 	TOURNAMENT
CROSSOVER 	ARITHMETIC
MUTATION 	STANDARD
REPLACEMENT 	TOURNAMENT
ACTIVATION 	RELU
COOLING_RATE 	0.0011
TEMPERATURE 	100000.0
TOURNAMENT_SIZE 	90
maxGene 	3.0
minGene 	-3.0
populationSize 	110
maxEvaluations 	20000
mutateRate 	0.95
mutateChange 	1.6500000000000004
seed 	1646684373006
random 	java.util.Random@3ada9e37
numHidden 	14
numGenes 	129
Training Set Training
Fitness 0.018158994498216244