5.6169316160394835,-13.341618610311524,-0.898888286556204,-3.7056991462094055,-4.523123219738123,8.29657425228849,1.0906867346029046,2.333180292267455,-7.129809192498849,-7.520159178785359,7.928075056230581,5.67491848673788,-10.653432816612627,9.287654198889173,-6.0251833340996015,2.761930284758714,7.06472063106761,-6.619852406898504,-7.227802066501586,9.460216199499992,6.37097582847157,-5.489492087171058,-0.5060610382395496,2.3990645321112813,4.231045356862083,-2.4106645767274824,-2.9604569760502994,0.6188910741133151,4.247261525664735,2.9323538920828676,-3.342597602292612,-2.1236264859572236,1.6665718823531535,1.6427777873914229,-1.021439246579095,-2.8052900073951745,3.2451547461987484,7.487064996178186,-5.328677113976724,-9.726996337184474,10.133558911569182,14.96770316234033,-12.356298942037382,12.93244707960311,-0.2181811273676182,0.32910385945761256,-5.425013604397028,3.6781500683504085,-4.362958618974837,-4.597403964316778,-0.25047215991427096,3.8441296458655962,2.6165104278228286,-1.2460637105917272,3.795097875100031,-12.684848886874784,-1.8626013251387885,0.6416714776246266,-4.304975020814764,-11.767220995691678,-4.680272895480521,0.6271136763928062,-1.1524356637049067,-1.0058268816478364,0.5522542105669559,-8.95338979974471,-3.9622207073666953,6.390833446545866,1.271530294060419,-1.4357920467143588,1.2665006345980618,-1.6893306498119371,0.6023930155412964,-3.482257875887795,-7.352270736150471,7.690442567847232,7.743730444329328,-11.146209913352509,-3.9098569809246984,-1.6431957162087127,-6.693614095958061,-7.433134667858688,-14.529833412131092,2.082817322788989,1.2206211854940605,-3.6843633338788297,-6.416639714685771,-2.6369713190268467,3.4786070088845715,-0.7661115242063294,6.077678501349375,1.9738271899820372,-4.837047971100452,-0.3636450074634965,-9.173550921268511,7.936994188787066,11.485332070452046,-0.9105156372903593,4.490717545207923,0.44302833641500605,-9.48017491410205,11.924611633738817,-2.200099634682422,5.816993148913556,-7.236393840376758,-1.4840598467836843,-5.8535132284692315,1.0733133104245205,-1.556795952633225,3.478152658158036,7.144825450266977,0.9071134427716432,-0.5924342215095857,3.4083958737028204,0.7458288757893534,-12.541633175612475,-4.240276491796514,7.604804851370812,-1.7212714832168583,3.611293659883291,-1.9230934364268588,4.288653768372225,1.5078040026533044,5.305118111442493,-3.7955149552955874,-1.7603575847164343,5.796313931397023,9.283468459124851,-4.017819135154437
neuralNetworkClass 	class coursework.ExampleEvolutionaryAlgorithm
INITIALISATION 	AUGMENTED
SELECTION 	TOURNAMENT
CROSSOVER 	TWO_POINT
MUTATION 	STANDARD
REPLACEMENT 	TOURNAMENT
ACTIVATION 	RELU
COOLING_RATE 	0.0011
TEMPERATURE 	100000.0
TOURNAMENT_SIZE 	90
maxGene 	3.0
minGene 	-3.0
populationSize 	110
maxEvaluations 	20000
mutateRate 	0.95
mutateChange 	1.6500000000000004
seed 	1646684373006
random 	java.util.Random@3ada9e37
numHidden 	14
numGenes 	129
Training Set Training
Fitness 0.026239898707315416