-3.517951379653754,-4.250283473998522,1.9180871506433412,-13.165174790406938,5.156848972160666,20.123179953923277,6.541242439152576,-6.860243676467684,-10.908760141483508,-9.424643271037743,6.6501279174901144,1.454433484454234,-11.233913445002486,-10.839941036026753,-14.715127719105798,18.556991844968856,4.356000437227972,2.878795309993044,-3.0564247867574394,8.518062491316261,-6.812363750522399,-12.389680766069993,10.356364051127422,5.91409672073296,-1.3064873136652064,-17.97313774589407,-13.638443066290773,-11.32110615635853,-2.3594515387285924,-12.14649792401427,-9.310586347242333,-15.704752497884996,14.87635824222436,11.60342303634,-2.2457661132770763,-11.392313808756057,-19.555607769903986,-1.480981007434556,8.456839037239632,-0.7568278667992372,-7.863223344019931,7.783673139141811,0.5209493257822961,8.606782801385867,2.472585429343937,-1.9657430010424317,-1.3168382275077546,6.4667323748565515,-9.36494032948593,-0.8034413290433289,-5.529705091483697,11.675621383957248,14.867619663220554,13.103714105074776,3.9355649463302393,4.133439193963611,0.9186207537373168,0.7358973473552464,13.682345323236008,-2.5468763125346596,4.708782604551303,7.447323974356738,6.112817198608088,15.123758172186703,-14.060063814835148,13.231050763550922,-16.362234112051965,1.9307529485290784,-6.0042436887363415,-3.8541134185028145,5.3856396586926465,-0.6676621638979539,7.506224938889124,3.4210957843788705,4.894021096540296,7.704630632948149,1.479140801983502,-2.0429066681337993,6.0357270009692385,-14.025836819263452,5.608319489720211,-9.24829831680649,-10.830581416711524,-0.48094461259059784,-6.37292747209348,7.397808310578736,-15.32860071986703,7.1336977497881,9.611105090593762,17.5806821758054,-0.29042743170715823,10.85297391712661,4.108016796536027,-7.9268686344887485,0.6123325846046654,-0.8292703176274978,2.8811385644758687,-1.2658968500270236,-2.2855446115043545,7.363363377976002,-17.796517961071864,11.21125373125547,-2.7106679327119663,-4.264797900623224,-18.584839147495302,2.795673491145326,3.1415327515326936,-2.1908567710055236,-5.400300092343915,-1.58178284529781,0.3891353696202877,4.626805014538459,-9.448664647551961,11.560608761607234,9.00286472762581,9.383201363288364,0.6087026918077312,4.610200261374793,-1.5517675785949177,0.7740316165723504,15.94396821164001,5.994426697207386,7.526735210535433,2.008477582680376,3.3948976470506214,-3.2313910553984373,5.029921834370836,-0.5856795994735684,-4.032831886100918
neuralNetworkClass 	class coursework.ExampleEvolutionaryAlgorithm
INITIALISATION 	AUGMENTED
SELECTION 	TOURNAMENT
CROSSOVER 	TWO_POINT
MUTATION 	STANDARD
REPLACEMENT 	TOURNAMENT
ACTIVATION 	RELU
COOLING_RATE 	0.0011
TEMPERATURE 	100000.0
TOURNAMENT_SIZE 	5
maxGene 	3.0
minGene 	-3.0
populationSize 	110
maxEvaluations 	20000
mutateRate 	0.95
mutateChange 	1.6500000000000004
seed 	1646684373006
random 	java.util.Random@3ada9e37
numHidden 	14
numGenes 	129
Training Set Training
Fitness 0.026872058653222956