-10.598260456544878,-7.09687069818501,-19.336586524421335,9.6245643752995,15.076053621123288,-6.093563238566599,1.8701320292556325,4.29598711754082,-21.305209101339884,0.08613969379716302,1.0826455598023212,-8.553789290356338,-5.171244624267957,-4.760623410040769,-15.739623283791108,17.75350571084271,-13.844228557548764,-0.8775421015044884,9.788008060489569,26.43680345239423,-3.008290257619473,-4.705115501745334,14.793535770132673,-0.031811875943493995,0.194988071643726,8.726818119913752,1.228758048505627,-14.145146082191747,8.570434415334034,-6.878720309720231,-9.807461891891466,8.27681439359197,18.892044624655952,9.38620174601124,22.141343616792753,17.018325965397224,-0.8842249163620437,-4.192222444229648,-9.740735082693893,-7.576746267009456,-0.939516249759393,0.6268302209661663,-9.114108943359643,13.342662825120959,-10.989966371954093,3.9224095599821407,-1.635910712423298,5.6964569017999125,8.768011652049342,4.232574539538687,25.02091034712012,15.009940800690904,-8.181570137978946,-10.951614384044175,5.38350987853306,19.270721873806046,0.4454861520698499,-17.65050260798266,-10.841848597763805,7.996419583731971,0.9050945178876297,-13.590097099987911,4.964026901254096,-8.210802871529431,-0.27667725014209843,-3.7433206856772028,-12.535200395680176,10.126170853814767,20.46678973633508,-9.193620027295294,-12.670546307110781,-5.1546897524694195,6.237504272427486,-5.516983066854741,-4.319802702996694,-7.565522998151801,4.289541670142004,-2.511627027775411,2.2488460089175515,-11.533191998848743,1.997383129478882,-12.750320012167652,-12.585720367807957,-4.551314036479438,4.725658845503501,5.611496303079154,-17.117759610913296,8.157096544361728,0.45746270760104757,8.817915531828204,-10.355088600333836,12.44120855952103,-7.316676101342116,11.648031406047442,6.071386448699083,-2.1014305272135765,2.9853461581688467,-7.378114496357789,4.38131301021307,2.3264410078479045,-8.409833567796824,9.022976024003604,9.828593391056446,-17.176900081168185,0.6363091792500155,5.076901831991634,0.005214370129023038,-0.8866731735635041,3.597090264469087,2.132597141127028,17.19067253737444,7.634902333230489,-4.350831919276494,-17.911043405537008,-4.756362006205619,3.900321552134711,0.4662511105409095,-17.354617644695736,12.370161519358717,7.718702119690986,-0.5722661180650146,17.64410088746733,-8.877162700801598,-4.513135998340512,-6.928520604170408,5.758428448824723,-4.947523206903308,2.4768641057502423,-8.500819410392705
neuralNetworkClass 	class coursework.ExampleEvolutionaryAlgorithm
INITIALISATION 	AUGMENTED
SELECTION 	TOURNAMENT
CROSSOVER 	TWO_POINT
MUTATION 	STANDARD
REPLACEMENT 	TOURNAMENT
ACTIVATION 	RELU
COOLING_RATE 	0.0011
TEMPERATURE 	100000.0
TOURNAMENT_SIZE 	10
maxGene 	3.0
minGene 	-3.0
populationSize 	110
maxEvaluations 	20000
mutateRate 	0.95
mutateChange 	1.6500000000000004
seed 	1646684373006
random 	java.util.Random@3ada9e37
numHidden 	14
numGenes 	129
Training Set Training
Fitness 0.015262692053488675