2.7908885279426574,-1.1260654030602542,-5.676679945476471,-0.658590329994241,-3.163163133357312,7.1630591001271355,-6.210277178195725,1.5312590309800242,-2.424805601861794,10.680669889533007,7.295436932719824,-5.947040374185045,-11.1988031909847,4.1062954757149726,7.477260643398944,-0.2989380194019109,-6.541634838820482,10.370779126412453,0.24068606587708352,5.398328523997604,-0.022934215265106417,-3.856011110086113,10.631824719220786,-1.3986747487384195,4.3018741093204245,3.083807017028424,-5.33032484872721,-8.730454234274301,1.031386490761438,-4.189623653582233,0.08757427200209555,-5.392448394760137,5.347641827627706,7.488721101507624,-8.70756263310063,0.06500483904942023,5.92832776983714,7.834500161749667,0.32265898389964676,-7.932640579799967,-4.836534940581219,7.101792365656699,0.7703116024409962,1.1003671763140161,3.0892761506270165,18.0684525293318,-0.16945492721753475,0.9844463429003953,-0.19453800194137827,-6.446280834610766,-2.299144917962869,2.4003505986535805,-1.8418742693617167,-0.06560571645334345,4.275154880445129,3.0154673634773,-2.050902964845119,-12.329943383896792,-7.787649736654956,3.1604637002885605,8.52342821378752,-5.19558929150506,2.806382278216512,-6.381108859629588,-3.6596533086613734,-7.970985883373974,5.144469633398751,-10.432251275102418,9.8489657862026,-4.022733531253635,-1.0374532308712903,-9.205104209222334,-3.63142986780138,0.3106837443994914,-4.708340265566406,-0.9804035823433916,-0.38569077672628094,-0.9838770908796102,2.336348398401037,-6.2446324852510555,-7.537354198158578,3.451761699783523,2.235807488831041,1.1796940194078935,-1.9830757159304975,4.161279428263831,-8.719113693299684,-4.236935823219397,8.211937502139525,1.2698254020405138,-1.7052485770484775,-14.48983006874467,-5.912612212245323,-10.517998169664214,-3.467697066375754,15.779006482862986,3.8636518822733956,5.5712287874081525,2.3631999798414185,9.918997065414844,-16.730722841717736,11.03150011952602,1.0756171976073645,7.107158981151142,-3.1018498549109457,0.8566782181075308,-4.877380404912163,-3.288282706970799,5.065295115118824,-9.180881701009536,5.780308167958077,-4.224536013853061,5.2337763074060675,10.338551567595522,4.5966550685339715,-0.3134498776368222,-3.798808089532338,2.0637984154126956,9.382212480720483,-2.407709807373263,-6.837235432522201,0.5840230846233094,0.17864444419269532,8.56194719852447,0.8590484149751836,-4.007118365707647,-7.46170237498295,-5.782640965500661,-4.83021177895296
neuralNetworkClass 	class coursework.ExampleEvolutionaryAlgorithm
INITIALISATION 	RANDOM
SELECTION 	TOURNAMENT
CROSSOVER 	UNIFORM
MUTATION 	STANDARD
REPLACEMENT 	WORST
ACTIVATION 	TANH
COOLING_RATE 	0.0012000000000000001
TEMPERATURE 	100000.0
TOURNAMENT_SIZE 	90
maxGene 	0.9999999999999999
minGene 	-0.9999999999999999
populationSize 	110
maxEvaluations 	20000
mutateRate 	0.95
mutateChange 	1.6500000000000004
seed 	1646684373006
random 	java.util.Random@3ada9e37
numHidden 	14
numGenes 	129
Training Set Training
Fitness 0.021180571673899886