11.458332175700754,-5.192245270966323,1.273070136669455,-5.248983233998158,-7.671485140610331,5.685271081690886,-3.8667421673706457,-6.327934043198704,-1.280114007400365,6.134597938282173,-8.580646726237584,0.48784099165215977,7.953728387812854,-6.419881991471954,-18.288530959117935,3.353703950312134,-10.920965771860702,0.8849866524782692,-3.1694025448197554,-9.54980820912548,-1.164813978303929,-15.379841163148342,8.520329237847868,-13.612169315454933,-0.7929263651879843,-3.3230457065789007,-4.591900481914731,5.103175427251968,-11.40502507558139,-4.026289604420527,2.6598899882664657,3.814787128680626,5.320354476125925,7.3840247696833705,0.7723932095541723,-14.883933974221819,3.5000629511055656,3.7535440702373686,-7.260776430597099,-8.9474412881114,-14.254751388384799,-1.6757935429531923,-5.817162484795547,9.014562758248063,-2.322379771593635,6.3493005985135955,-0.9385959681290412,4.921554545429683,-6.245472004745773,-5.090344558348939,-7.360056237073627,-4.166830898047019,-2.194341478390921,-5.869270400699547,10.557634049071954,4.992164700131902,15.457967301371143,3.2523202135136646,0.2282549420069091,-4.261993512138955,-3.488200023954958,6.617067352809789,-12.271670624965855,9.675408648909043,-7.9700173289279155,1.52087997572709,-7.292411162361136,-5.709624622831219,-2.737011265462291,-4.192135550549489,3.048974138597803,-0.22301329006129267,4.25711878825425,-2.40571006581772,13.410458436002886,-0.5786245285430933,5.628957032751519,1.9205761545023048,-1.0014409231468213,0.9350475554636049,-3.761802574391658,8.857245062572362,0.6534810658050132,-10.962101561936601,-5.397741128136772,0.9302280152445448,-0.9815848539850007,-5.63801606524178,5.569939267357343,7.1828756032178225,2.920589656951771,-11.719695188797017,-12.992316429233862,-9.143530874559117,-9.14074477641173,-0.4894308453162246,0.5008723130448978,-10.752013799201759,-0.6741420154232638,9.902098316335799,-8.616138254113304,5.7433257973560154,1.4742363251078103,2.334746987914251,-0.9636615245949027,2.1261519146306753,14.413753085385506,-5.558090617377497,0.6198759463180243,-12.923032554742631,6.415854885393598,8.515387447948287,4.177411631923571,-7.4460171275307285,11.854626401608625,7.558101076067484,1.6296890138906202,8.986798339549201,0.8944873934938702,14.32132069865836,11.676539085848258,-6.134129710074308,0.893257092849133,9.096309441704697,3.847201963751033,-6.024813635060554,7.506389244182469,9.47596182061411,5.09271932373085
neuralNetworkClass 	class coursework.ExampleEvolutionaryAlgorithm
INITIALISATION 	RANDOM
SELECTION 	TOURNAMENT
CROSSOVER 	UNIFORM
MUTATION 	STANDARD
REPLACEMENT 	WORST
ACTIVATION 	TANH
COOLING_RATE 	9.000000000000001E-4
TEMPERATURE 	100000.0
TOURNAMENT_SIZE 	90
maxGene 	0.9999999999999999
minGene 	-0.9999999999999999
populationSize 	110
maxEvaluations 	20000
mutateRate 	0.95
mutateChange 	1.6500000000000004
seed 	1646684373006
random 	java.util.Random@3ada9e37
numHidden 	14
numGenes 	129
Training Set Training
Fitness 0.02752661308512486