0.4565440604717388,-8.559136271458694,7.521515198811338,20.068497393492784,3.345915612436203,0.3201323107015934,-6.294520827813153,7.060765715896514,9.24538107009875,9.018207796088802,-6.679637193694827,-12.035063951445213,-1.6838235579824783,10.582200516150023,9.08776741983401,9.791885697655081,-15.474615620061353,5.728325175666958,-9.337587621899232,-0.5862674642216703,-2.5212941534173634,8.154547663139649,-4.790142592952723,7.818000040303543,-8.805784151364556,-5.976540621031148,12.89236523543116,-1.3946321685855825,-6.116259980385766,-3.193860787397413,14.086377015424974,8.13954206422077,-2.018462579123791,7.047684735548321,10.59687544596265,3.7464489744209395,-3.8794775351001753,5.372513961653167,-22.236801506104918,9.486128742022386,-11.545696703269961,-0.6575350622732916,-16.832326665365905,-10.115622334314585,-16.84113620919436,11.563137535460896,0.6127278867468657,0.662359527457248,-2.329240359850022,9.50384746464067,9.723942124918306,7.341076877822696,-8.270748610080657,7.7039839326413055,0.7157911257266107,0.8737672942993964,-6.962163564769554,2.38348016202235,0.12363505159849897,4.422961042471042,2.3461969318877722,1.6075354352454143,-4.790196487382193,9.550106248079167,4.826621396175797,-0.8743597000313228,7.943420219097925,12.42434139462888,-2.97049225791846,10.8123864782111,-6.0670877978994255,8.583168669592396,7.900602014787461,9.982460016006415,-5.093058693585302,-11.208551490619563,-8.671828441465312,6.4346388836306705,8.943796757281644,3.896313341374674,8.711363639768477,5.33536244620603,5.776398033991359,-17.38969168465485,10.23262405795448,-1.2506575758826681,-4.559531070363038,-12.037103333286696,4.266431325681838,-1.785869153335467,8.089912550706034,-5.486649210361927,-12.637500127125906,8.861712512279903,7.002193796360723,0.9907921487034645,0.7239425859021988,0.30808606609105116,-14.733963234131066,-15.811145331079137,0.5873201542586948,-5.7423237707902555,-12.549085159467875,9.190186422601718,7.168838653286921,4.457749548270066,-4.181026574985692,11.948891633441725,-7.20314049618385,-10.836338356454835,1.1840450793592847,6.291838984198346,-6.52473821476267,2.2729895857430673,-2.8996854660320377,1.784480792608596,-6.3361754748971935,-0.3299090715427937,-12.36386313786951,3.4829933157233732,-2.9401534701993555,8.417550721718339,1.4053137710077799,-0.7417723583901887,7.75076601245543,-7.886599371507559,-7.567576358358165,1.1781268649320271,-4.719408717510751
neuralNetworkClass 	class coursework.ExampleEvolutionaryAlgorithm
INITIALISATION 	AUGMENTED
SELECTION 	TOURNAMENT
CROSSOVER 	TWO_POINT
MUTATION 	STANDARD
REPLACEMENT 	TOURNAMENT
ACTIVATION 	RELU
COOLING_RATE 	0.0011
TEMPERATURE 	100000.0
TOURNAMENT_SIZE 	70
maxGene 	3.0
minGene 	-3.0
populationSize 	110
maxEvaluations 	20000
mutateRate 	0.95
mutateChange 	1.6500000000000004
seed 	1646684373006
random 	java.util.Random@3ada9e37
numHidden 	14
numGenes 	129
Training Set Training
Fitness 0.015791477899034016