13.59005299863589,9.280700775340378,-17.100679687552137,7.516528788487481,4.674380036193725,-9.100715716786047,-0.6281207472696346,-2.8900375525137605,3.690514655058842,1.6979890376388163,9.99504522385834,-8.72684243051832,-14.318103986332279,-2.5994884669703486,-1.693327789328345,-12.853004089143626,1.1901149239931197,-10.510202032724932,-4.663683381003562,-3.9928310160326026,4.578723532653254,7.985913593170972,-9.597294434676575,8.292114701466568,-6.540880217795043,-8.546708349508245,1.4559497166669537,-1.2749763889841952,8.763123555157964,7.79086372479115,2.1746941924324377,-8.598952580995558,4.296185538676895,-3.4460224401569466,11.656459714855039,-16.24776171820354,4.430807282866611,-0.13159325767779073,-5.300108973592485,4.735782943104363,3.2676392556296783,10.981659452862024,-11.388944510891065,-6.048016678630017,-3.4639765669564415,1.2351934766282797,9.51984960029817,4.711287749092094,12.104182889644386,3.2180462389482862,-4.129654249825897,-9.2444313127191,-2.461443048783017,-3.9242104921579024,7.73726259979023,-7.078128937203582,-5.430327296837001,-5.466380104384912,-1.4637588350234374,3.7032586161424996,0.822579914569384,-4.621204383454453,-1.1057168476316237,6.741316370372184,3.059198271299598,2.0930342502784036,4.613444242098671,6.193849315560169,3.6732901272998015,-0.5217832015419468,5.897984763635047,4.617808230006163,4.309626120757889,-6.341019219286789,2.9897917205710387,-8.908550195676563,3.8972746303071606,-1.1764819487471225,-2.131009822000558,-5.978771223709764,-3.0071970165323822,-4.970873206536977,3.826278212526584,-3.0120974607231306,15.67253733684924,-4.848195729596541,6.250623174301776,-7.767189281640897,-8.406108897150796,-1.7506035336565131,-9.149429725622579,-9.430719689182169,-11.335874084537041,-8.814438565500236,1.0895209489931759,-13.27441171299683,2.5607728262319682,-5.672968455675409,10.46495058196774,-0.6151009594352201,-1.0587014823914753,-7.170602733697081,12.49864270548333,-2.0159198124593525,3.5104618287099507,-9.183129174991219,17.32962663249642,10.917280951487276,-0.9678356462640458,-4.010782299388075,7.913614471560889
neuralNetworkClass 	class coursework.ExampleEvolutionaryAlgorithm
INITIALISATION 	AUGMENTED
SELECTION 	TOURNAMENT
CROSSOVER 	TWO_POINT
MUTATION 	STANDARD
REPLACEMENT 	TOURNAMENT
ACTIVATION 	RELU
COOLING_RATE 	0.0011
TEMPERATURE 	100000.0
TOURNAMENT_SIZE 	10
maxGene 	3.0
minGene 	-3.0
populationSize 	110
maxEvaluations 	20000
mutateRate 	0.95
mutateChange 	1.6500000000000004
seed 	1646684373006
random 	java.util.Random@3ada9e37
numHidden 	12
numGenes 	111
Training Set Training
Fitness 0.015180491963351746