-3.1446450067106273,6.436304669363752,5.811042512508503,1.5562740996158642,-1.4548447292863926,1.1740652312457485,0.4893932508959651,-5.7295330598250125,-0.551938305521448,0.9584544708455862,-6.696056199140868,-2.449295731772305,-2.331336817292785,-6.145563371325249,-0.1778524064079754,8.782600545236367,-3.3294931358739515,9.204086381313042,-0.6298909864212598,-3.277901923409199,-18.135647852958385,2.2499247449311657,3.848830938946838,-12.728295905557086,3.0042653874256278,-0.8992523323229102,10.942427571748208,6.841694564881729,6.46986129561966,-6.918951821813427,9.252663928474561,19.973126817493544,-8.378014760058491,-2.501507867552199,2.396919486971991,-7.663383442335071,8.365611910340927,3.844767505444933,-7.803091514192573,1.7454371671015236,-3.762276997403399,7.9634868239492675,-6.936779078522035,22.433617426857317,5.409407603427608,0.6246806596359731,12.14598631181553,8.59931348801519,-4.499581716760297,-0.261219058121565,-11.925306262893304,3.950849797769468,6.050893330065929,-1.876149693748511,-3.349561485645351,-0.03257471500651565,-5.521052986388458,3.708175814586234,-3.3184035181490152,6.348594744913653,-14.075690139402507,12.906200631863733,-4.480832904166731,1.1762444075616925,0.1871866391375967,1.6991327010438138,10.000754374365261,-7.662896980388986,1.6564785274071383,1.1019022875993905,-2.590163593468116,4.439637241040145,2.5747864387786654,2.8673142712886834,5.756195261228486,-2.7853348708135623,5.855718146107323,-0.5781841843742512,-1.1545273044838247,-9.927742415440726,2.8829352676017717,-5.05671959218245,-3.074266500244457,-5.380422042480859,0.631378951938502,-4.142477928936108,4.530098276067207,-5.425530339647905,0.3945460347201486,18.478774270032986,1.4573050897114257,-11.769227174575454,6.466584664150121,6.776584342408162,-11.952958026013144,1.327003533879239,-1.0526394622010464,-1.289544272159989,-3.1737838380479317,6.777038506841939,1.211703230627844,1.3331897407078275,11.743025685180818,-5.706900182354717,-15.50136241364865,-6.3154974115586535,-5.063848118954401,4.223260414503834,4.621346624053704,-4.851097223021851,-3.576014959887127,7.085311137349395,-11.375907126416864,-9.582417974091825,-12.105426815796713,12.632268248628938,-4.659459039461279,-6.225647537081723,-1.5554833411128408,-3.6728091964060257,5.766118209638651,2.1983517481759387,2.9117312874178394,5.405238964249782,-0.4415153501972888,7.393376259390434,-5.564583479711944,14.714664708804033,3.344304821516028
neuralNetworkClass 	class coursework.ExampleEvolutionaryAlgorithm
INITIALISATION 	AUGMENTED
SELECTION 	TOURNAMENT
CROSSOVER 	TWO_POINT
MUTATION 	STANDARD
REPLACEMENT 	TOURNAMENT
ACTIVATION 	RELU
COOLING_RATE 	0.0011
TEMPERATURE 	100000.0
TOURNAMENT_SIZE 	10
maxGene 	3.0
minGene 	-3.0
populationSize 	110
maxEvaluations 	20000
mutateRate 	0.95
mutateChange 	1.6500000000000004
seed 	1646684373006
random 	java.util.Random@3ada9e37
numHidden 	14
numGenes 	129
Training Set Training
Fitness 0.015574032674197723