0.1764542812029095,8.304999651528725,-2.528939853266608,-8.752103360150542,1.2451242557523976,-0.9602602698679243,3.456212552188985,1.1022459238925872,-5.849288383112388,7.702675908151564,-4.300979883023325,1.5400699759500434,-3.204874043106713,7.480015404513994,7.1580589138495565,-12.646155015461606,9.900439997475793,4.779936861756672,-4.434847506025513,7.192581627544332,-2.6144029331663394,-7.564904576980885,10.977353287288645,10.814687080546603,0.6674039973213555,-14.128060974812849,6.278175755390107,-2.5486930737765867,-14.256929973728433,7.803218199985327,-5.557817012341882,-2.9456936701647995,-14.215396295188775,4.019996843290167,0.268822210669466,-0.7082806952234559,-0.36407597504262856,-4.433108199064993,4.3207005865581385,6.279667662046462,5.601588172829386,-0.4208090147162107,-9.53170616300089,12.853422579624201,-0.748410186479175,1.042922007983675,3.1973709103580354,-4.318545496818838,4.139722338969843,-12.24113606579646,9.527221177233999,6.064989420762073,-7.656446494799695,-5.151079562149683,-1.0329367516787782,-5.008242939911229,-9.517899124619024,6.538187630101509,3.9548120150394857,-9.223703148849335,-5.847151363595064,-4.921520016286571,-4.123320747953108,13.920349733342897,5.802789575872076,3.198992684591973,8.657878442389876,5.765543113128253,-9.441277351851614,-6.322795751340449,-12.305998960173723,4.986744957685595,-0.909911678690225,3.4680453092245465,-9.14057029477993,1.4881343744971876,0.013164866814415532,4.76177864429958,3.7334496745018995,-7.734789297831121,-0.08150184681490735,-3.9890395529014384,4.276517073088103,-5.2153696048658205,7.76398612490291,1.0742723703982602,0.9684394672006649,11.559939689136225,-5.125917571638329,4.219937741938024,-6.512979959105156,5.2649340057922736,4.721133747455312,-15.536144403669127,7.760016979128301,-5.422443106379886,5.187909636379615,1.3875085211165112,-8.484940025591722,-7.064086256537478,-8.979067284639633,3.838122803648371,5.381471649010878,4.014154321071671,-7.017736483912355,0.20848065036874885,-2.8352708781693927,-6.460353225159086,6.9929382958610375,2.426206476454463,8.968605353748984,1.2740382391903537,-11.165689220109593,4.202269839009591,6.181822757184442,6.219469082983746,-3.0159110601932637,-0.5541279458274424,-0.774651231356482,4.937379784019566,-0.1880890352034097,-3.402196864189982,-4.076738024574949,-1.268978923122817,10.194846300593701,-2.3332218007044903,-10.635588031130945,0.3439520150124693,0.9862584056303128
neuralNetworkClass 	class coursework.ExampleEvolutionaryAlgorithm
INITIALISATION 	RANDOM
SELECTION 	TOURNAMENT
CROSSOVER 	UNIFORM
MUTATION 	STANDARD
REPLACEMENT 	WORST
ACTIVATION 	LEAKY_RELU
COOLING_RATE 	0.0011
TEMPERATURE 	100000.0
TOURNAMENT_SIZE 	90
maxGene 	3.0
minGene 	-3.0
populationSize 	110
maxEvaluations 	20000
mutateRate 	0.95
mutateChange 	1.6500000000000004
seed 	1646684373006
random 	java.util.Random@3ada9e37
numHidden 	14
numGenes 	129
Training Set Training
Fitness 0.03644180505139991