-3.8480967712567535,3.3558826006892275,5.801699878431815,-13.379935555513411,-5.954528037887652,-7.996379103744049,11.073046704417534,15.983719596159395,25.51042566241187,-18.020232103056138,2.3606272984417185,-6.994289231087093,-0.6611502953009554,-3.414676647442514,-2.5092427924729996,2.265000126706301,14.626346232600133,9.743540866817014,5.308003542256458,6.184645886611921,16.050465390550265,10.006247674594082,23.92268348799817,-13.655859988171368,-5.8963671603057835,-19.976838920875565,0.5722517511127858,16.115702857536107,0.8674688667587462,1.572324650750799,1.2396825237566826,-5.045988058271471,-5.850546817484712,1.7189321544763771,3.8103071704633757,6.212804473767064,3.270631451947505,9.362440384455958,6.74895868716451,2.361742172343125,-5.977466518121667,1.47245429421221,-1.6312846585426257,8.266378744273547,0.37497448825791313,-5.801088197995679,-1.025542315494877,19.48199228166729,-5.896575324732397,1.8449513868691323,-3.5997224178114244,8.848832666446636,0.22276945125396175,-1.9887932436048628,-17.10493579885358,-11.041645898381772,-5.322526395065633,19.1038057575891,-3.3781846542551577,7.6570622724477015,18.562674177941055,-19.611672733833068,2.6662367357996857,13.860536174782409,-6.709194140125037,-17.903664051452154
neuralNetworkClass 	class coursework.ExampleEvolutionaryAlgorithm
INITIALISATION 	AUGMENTED
SELECTION 	TOURNAMENT
CROSSOVER 	TWO_POINT
MUTATION 	STANDARD
REPLACEMENT 	TOURNAMENT
ACTIVATION 	RELU
COOLING_RATE 	0.0011
TEMPERATURE 	100000.0
TOURNAMENT_SIZE 	10
maxGene 	3.0
minGene 	-3.0
populationSize 	110
maxEvaluations 	20000
mutateRate 	0.95
mutateChange 	1.6500000000000004
seed 	1646684373006
random 	java.util.Random@3ada9e37
numHidden 	7
numGenes 	66
Training Set Training
Fitness 0.01260262164426792