0.44294144774797006,0.6775917113919414,-0.6891245505083972,0.561315852006093,-0.1615571638902219,0.10003657253840159,-0.603523637795369,-0.281878690934801,-0.02510888049503235,0.38460062336620005,0.13821963680135485,0.6687791223817268,-0.5601818185583187,0.44022712694946153,-0.06037846166940164,-0.14916154570113338,0.42928715441642007,-0.019755482366245247,0.5839967902551921,0.4699024514226473,-0.6892051217760999,-0.6321862474406164,-0.3784970693147586,-0.3909451429339394,-0.11679538006703538,-0.6429099269712408,-0.5442993396339304,0.667761823943406,-0.6324906700852031,-0.5353523783315974,-0.046062038828733165,0.0921383496210163,-0.21905052040516076,-0.3440148826835431,0.6423093526054873,-0.5369680335263912,0.4648878565628465,-0.5032516606184483,-0.05557201346233742,0.47402680685135423,0.24340766988818852,-0.538984313224691,0.47659470975770524,0.47230487432399104,0.5044882350126478,0.09804009821015347,0.5323659695912986,-0.053372684728447584,-0.052745819852515696,0.6776065402473479,0.4610236262973779,0.48470360011114466,-0.37624659518537157,-0.6517218119274077,0.17612079417483528,-0.14414130893036636,-0.06500446820183403,-0.04151391824322048,-0.33215810786779626,0.45450095109860045,0.16649745830692997,0.6934185474126984,-0.6350889149256952,-0.25140564788176767,0.045824110288796405,0.5542737482264839,0.2594511810363084,0.6348175173247543,0.21824663302381997,0.10099726365555395,0.09018575299340292,0.4394225811574839,0.0031585497706843046,-0.5710169770039988,-0.3417008519738801
neuralNetworkClass 	class coursework.ExampleEvolutionaryAlgorithm
TEMPERATURE 	100000.0
INITIALISATION 	AUGMENTED
SELECTION 	TOURNAMENT
CROSSOVER 	ONE_POINT
MUTATION 	STANDARD
REPLACEMENT 	WORST
ACTIVATION 	TANH
COOLING_RATE 	0.0012
TOURNAMENT_SIZE 	10
maxGene 	0.7
minGene 	-0.7
populationSize 	80
maxEvaluations 	20000
mutateRate 	0.9
mutateChange 	1.5
seed 	1647256607430
random 	java.util.Random@5680a178
numHidden 	8
numGenes 	75
Training Set Training
Fitness 0.11197061601040827