-0.5483950857819674,0.5254582830023333,-0.20584740880372393,-0.5610040430855292,0.5229494051759684,-0.6889760696972914,-0.5681334313035916,-0.17774463449323497,-0.029097867786791354,0.4944140426157899,-0.1721925204163285,-0.4862623929488812,0.0915387219492052,0.5385038295414393,0.3266537166987489,-0.6862018635047153,-0.3846933410095646,-0.5178368828552449,-0.69197098183673,-0.16586061701569121,-0.4550733702847596,0.18370097645023398,-0.4522306929988014,0.0913564427040654,-0.5151419738025349,-0.1412041261392959,0.02120995142809501,0.1291383976961974,-0.5669209232871701,0.38009132973430826,0.3470853168719792,0.046984852793967025,0.6503612940156573,-0.24294006507036892,0.567676079866039,0.20489338335942697,0.4245249887199758,-0.46930497870081644,0.2064977391016758,0.3235672901290396,0.0664820948754713,-0.6901498591164119,0.1352452095622434,-0.09343958758202553,0.08419328581423913,0.5312343957092134,-0.38379370015951086,0.6328833456019538,0.68932829244412,0.5305559659181069,-0.4995533681595796,-0.2541909419397319,-0.23013247058839975,0.5788885188516082,-0.34071497530417993,0.4920089970652608,0.03181141923156716,0.548235476984565,0.13108375307818243,0.20705831707722078,0.13495935399207393,0.4444027288370449,0.2469339712984996,-0.5848805256124089,-0.6449879118715957,0.6056940598386549,-0.30761141306124096,0.08266582106492981,0.3331503361494972,0.4557936605085826,0.34173577727497895,-0.12770510708141958,0.4273057794519459,0.28351142688946696,0.364978703728275
neuralNetworkClass 	class coursework.ExampleEvolutionaryAlgorithm
TEMPERATURE 	100000.0
INITIALISATION 	AUGMENTED
SELECTION 	TOURNAMENT
CROSSOVER 	ONE_POINT
MUTATION 	STANDARD
REPLACEMENT 	WORST
ACTIVATION 	TANH
COOLING_RATE 	0.0012
TOURNAMENT_SIZE 	10
maxGene 	0.7
minGene 	-0.7
populationSize 	80
maxEvaluations 	20000
mutateRate 	0.9
mutateChange 	1.5
seed 	1647256607430
random 	java.util.Random@5680a178
numHidden 	8
numGenes 	75
Training Set Training
Fitness 0.1551232372368554