-12.50149666829386,21.459938782144604,-1.047698612267265,9.097261931780235,2.110533945468675,9.555192827486188,3.2808577046374694,15.961162160932318,0.2476461244518271,8.950829909497473,8.099851054767845,10.891587666527375,-10.753152530227375,4.201604974838867,-4.9632983279665,-15.29301494820838,0.9125438669776056,15.56394220709834,-7.538666261935487,6.526162533790673,3.5752921812742438,-8.513613045135653,4.3192642849673835,5.703764512136911,9.460387464367829,5.75571058133338,-0.16512231242302278,2.39100095953244,-13.760802566929495,10.941171898367012,-0.661528830633273,-7.1226682359131726,-17.772677865317153,3.0524604543917846,-9.85224874279432,-2.7597001213207655,-1.1474376884415989,15.138009835643276,8.53534651686291,1.0297501397858237,-13.039780193885633,-0.42700860824768316,12.494293779843474,-3.948729089363351,-0.1519422539757329,3.190790458006111,11.385134451381106,-27.059935982793082,-1.2081967595981027,-2.889989530289373,3.463686658081712,2.53656453025393,-21.665620412822822,7.901040863683626,5.547739599877094,12.488999640922174,-6.631889728910831,0.621968742539087,-5.116154927558236,9.41569338725526,3.538941026000214,-7.4668948200830725,-15.677938000319344,-11.038709666221871,-0.45471842686693176,-1.5273608081686127,0.8969381839995485,-1.7238107392573792,7.991372929262812,-5.857074209142702,9.947194727122604,0.537344917683857,-1.4138590712438441,-7.282344787763239,3.5845063960117205
neuralNetworkClass 	class coursework.ExampleEvolutionaryAlgorithm
TEMPERATURE 	100000.0
INITIALISATION 	AUGMENTED
SELECTION 	TOURNAMENT
CROSSOVER 	ONE_POINT
MUTATION 	STANDARD
REPLACEMENT 	WORST
ACTIVATION 	TANH
COOLING_RATE 	0.0012
TOURNAMENT_SIZE 	10
maxGene 	0.7
minGene 	-0.7
populationSize 	80
maxEvaluations 	20000
mutateRate 	0.9
mutateChange 	1.5
seed 	1647256607430
random 	java.util.Random@5680a178
numHidden 	8
numGenes 	75
Training Set Training
Fitness 0.013838973361377264