-4.844460942050755,0.5913640518102881,11.871443670749487,-6.983402546456464,-8.999676851717098,11.0984207967309,-2.8433042979534005,0.8822939965135905,17.928445856983146,-9.57492072418769,13.349472496137416,8.309899585414787,-26.54115487519068,1.637488567604188,-8.509206876796522,4.717662934887432,5.07277894606403,-16.063120198857597,-9.029563429204995,-20.74796608969998,-0.855972786881614,21.109637201166947,-3.5711022862431623,3.063104656296473,26.351711830768625,4.155732189760311,-24.503670947574363,3.346642683423026,11.661374026233066,-2.5780701843190696,2.950883669074509,14.490747511924273,1.1269390129657868,-1.6996419201271085,-1.3322574087767363,-3.203784103054466,-4.973058855963537,-0.3690415255922348,4.81272661614603,1.7145065546730685,-0.39712556960837375,-1.6319826545905984,7.410759916251999,-13.434250748279723,2.6157754906630366,0.9364064784568722,-0.6104300489662036,0.861547884923155,-12.220861503707496,-6.423979191491537,27.000586296404954,-7.448422683164843,7.12827925864604,-2.995030046327141,-8.83290192189359,-2.5102704564509164,7.863082547182104,13.074303776504978,-9.363611055645805,9.1896653267554,-4.964207582779682,4.4076259005286005,-0.8689738360578065,2.7905260482059795,-18.154058834231638,8.402885067454733,-3.161143017596043,-1.033030835829038,8.466088186472009,8.412416001271009,-0.19886853352151412,1.536485094162244,3.581442290026141,-2.68643227996935,1.716645090690859
neuralNetworkClass 	class coursework.ExampleEvolutionaryAlgorithm
TEMPERATURE 	100000.0
INITIALISATION 	AUGMENTED
SELECTION 	TOURNAMENT
CROSSOVER 	ONE_POINT
MUTATION 	STANDARD
REPLACEMENT 	WORST
ACTIVATION 	TANH
COOLING_RATE 	0.0012
TOURNAMENT_SIZE 	10
maxGene 	0.7
minGene 	-0.7
populationSize 	80
maxEvaluations 	20000
mutateRate 	0.9
mutateChange 	1.5
seed 	1647256607430
random 	java.util.Random@5680a178
numHidden 	8
numGenes 	75
Training Set Training
Fitness 0.009995212847153