-12.24123010462442,7.132127639670095,-20.86601297965006,-0.988681877309233,-12.408978903590835,-2.6917007030410662,-13.171875102886798,-1.8989546315089418,3.5509924391589083,-11.836737837929356,2.023998912006906,-2.1727820553783275,-9.424469599180958,16.32690157282273,0.4572450036779472,-16.700514889659274,-0.6341841552425276,2.7324299851401754,-17.414483346088254,7.987299972110321,-12.063336188880726,2.8479974750013257,10.395885341932196,1.6799623102935168,-1.0735857554768078,-10.474195757461505,-1.7441781053683316,-4.245440951736199,-9.369174370961616,-14.069212995125724,-4.66924051377011,-12.556715702414335,-9.6894308376738,-1.883315535174388,-2.123201757750378,-11.673846447626827,-7.060484553005974,15.575939658808014,-3.0322004598157672,-4.859358511728733,2.122186760817071,-13.50742298727993,-0.9245516936284592,-3.989693365080927,0.8411340269562992,10.66481059472282,5.482295476507739,1.0655317882461972,-6.507630612022696,-6.405162148522559,4.744913248258252,4.7146744908258995,5.364169799903142,-7.136608673003181,-10.463399704984992,17.615914786337232,0.573748231963414,-4.479512673258046,8.655128867533485,-3.614170801682331,1.4792172419627683,7.531428082856788,-3.3191695862430866,-1.7397880875913998,7.530950987879496,-4.6815192197843825,-4.586128773922829,4.095907122780576,-11.38312020851551,-6.266225618122448,-6.993126238319615,-12.53059235808449,-3.909567656377705,0.687822253181821,1.4400947616430813
neuralNetworkClass 	class coursework.ExampleEvolutionaryAlgorithm
TEMPERATURE 	100000.0
INITIALISATION 	AUGMENTED
SELECTION 	TOURNAMENT
CROSSOVER 	ONE_POINT
MUTATION 	STANDARD
REPLACEMENT 	WORST
ACTIVATION 	TANH
COOLING_RATE 	0.0012
TOURNAMENT_SIZE 	10
maxGene 	0.7
minGene 	-0.7
populationSize 	80
maxEvaluations 	20000
mutateRate 	0.9
mutateChange 	1.5
seed 	1647256607430
random 	java.util.Random@5680a178
numHidden 	8
numGenes 	75
Training Set Training
Fitness 0.024205462154927252