0.6627649790308336,-0.10041831256341893,0.1816558504919985,-0.5157409928771608,-0.31263154210017197,0.5327515800573543,-0.6666060540869251,-0.5575204333604198,0.5366789266383611,0.007877488364437357,-0.49292298866615275,0.2374871670345765,0.24387961839361272,0.4309111899076856,-0.48998901920354365,-0.22369026664982494,0.32304125574263653,0.44487070453020916,-0.6481854049868839,-0.357292672049092,-0.00714368769057494,-0.2533416964308312,-0.21201656039515965,-0.06414963215107916,-0.015209123836210536,0.31741656540622,0.2271737381589578,0.29513075623807683,0.6556755770321911,0.04806538671436322,0.43057498274627615,-0.6720829856112283,-0.11590307771094066,-0.24399575518272926,0.19411434822551943,0.17422713211630658,-0.3825723991403901,0.5002755996227761,-0.1777526224398508,-0.5132076508904582,0.03677491683414147,-0.16413047362295996,-0.3961875874227569,-0.1842570518958242,0.1642138492641505,-0.1686979074984113,-0.3296757361791708,-0.6444726111768245,0.5053125078128524,0.013197374483516766,0.6008267065622823,-0.02518146239545538,-0.6691582050269212,-0.1474527941889885,-0.11643701925280703,0.05229168255289662,-0.04841462307025346,-0.14402954131186718,0.2749544384504313,0.45989327478288855,0.3193401043486923,-0.4086739839604572,0.6807060924799329,0.006806246323188714,-0.6589595740872604,0.04093852706730161,-0.34219555996419454,-0.5113637280412568,-0.10647641211735936,-0.426401045300255,-0.6622953151264078,-0.013093449174912286,-0.37384452174668653,-0.15809587406998415,-0.27887637192583936
neuralNetworkClass 	class coursework.ExampleEvolutionaryAlgorithm
TEMPERATURE 	100000.0
INITIALISATION 	AUGMENTED
SELECTION 	TOURNAMENT
CROSSOVER 	ONE_POINT
MUTATION 	STANDARD
REPLACEMENT 	WORST
ACTIVATION 	TANH
COOLING_RATE 	0.0012
TOURNAMENT_SIZE 	10
maxGene 	0.7
minGene 	-0.7
populationSize 	80
maxEvaluations 	20000
mutateRate 	0.9
mutateChange 	1.5
seed 	1647256607430
random 	java.util.Random@5680a178
numHidden 	8
numGenes 	75
Training Set Training
Fitness 0.12730017967337484