-0.4402502119790961,3.298338206800136,1.6666472016243974,-6.583654298309028,3.702154807925814,3.2218237571185893,5.506897826528451,4.1935829390262045,-0.195911457201292,-12.532751293400407,0.5756035057148575,0.34527080997581483,-3.295882848295743,-1.3210893616198613,3.118855709001084,3.229355334559522,1.2942102791502674,5.932847877065602,-0.6642946186982817,-8.584635253394612,-0.3098820288604077,0.4278667217715063,1.6842820790861062,4.795313157244821,1.7793441400986252,-12.920386582538487,5.9276913536249225,-7.065905937114391,3.6278450223042555,1.5010345347185257,-1.4144362883389965,11.415366852513696,-10.11549426805462,-1.1871638156534146,-4.104372736719194,-1.0841142555587138,1.303118998247848,-0.6750010090540534,-6.745203561736616,0.6111871634614018,-1.4529860162014394,1.9451300299545276,-2.429330729738832,3.963087449509473,2.1333217979505155,-0.491091366881206,-1.437639659705301,3.1019500245626532,-4.063116927251375,-3.3439692075336622,-7.885253104091104,13.055131077827417,1.5612130487446918,-12.785316908310032,6.063758864823486,7.307194376812266,2.972807168957443,-6.711368417056343,5.9483876132868625,0.5880728016159626,0.18808265428656257,-1.100489817990944,3.484950235502518,-1.5384554666487662,-12.008464565488254,-0.9125299015298779,-8.839532852840211,-3.150520532862536,0.17491234457924365,1.9016835213114889,-8.470014639135808,4.822317100561499,-3.2244294715809363,0.2034728109534284,-6.047989164788944
neuralNetworkClass 	class coursework.ExampleEvolutionaryAlgorithm
INITIALISATION 	AUGMENTED
SELECTION 	TOURNAMENT
CROSSOVER 	ONE_POINT
MUTATION 	STANDARD
REPLACEMENT 	WORST
ACTIVATION 	ELU
COOLING_RATE 	0.0011
TEMPERATURE 	100000.0
TOURNAMENT_SIZE 	10
maxGene 	0.7
minGene 	-0.7
populationSize 	80
maxEvaluations 	20000
mutateRate 	1.5
mutateChange 	0.9
seed 	1647255859088
random 	java.util.Random@59f95c5d
numHidden 	8
numGenes 	75
Training Set Training
Fitness 0.014167957953352257