0.4525179610431487,-0.4714312157778299,-0.14510712749672072,-0.5321253276861956,0.48833360880818955,-0.546214033272863,0.15816349387433415,0.0580315960840766,0.21784506657583935,0.08536224625189448,0.17650925854764166,0.6877498096889891,0.13921459660465352,-0.12512471319553808,0.35605742591187717,-0.2310811288655577,-0.2330504531221565,0.44704874311594,0.11206958728746297,-0.6862041245318933,0.5902088211209755,0.17321228270733569,-0.009048862204004249,-0.5023295618995599,0.6880171897114229,0.0884404740307091,-0.5064773931518891,0.024822505587330457,0.15612189946556365,-0.23138507561297023,-0.16744073298643192,-0.4044414111149852,-0.36858407300949214,-0.394060597626176,-0.19132920841599776,0.574653390277327,-0.15528929153836446,-0.508007065524655,-0.009071752717849546,-0.1556699926709948,0.09795610168280322,0.15428833731515212,0.11367167640374232,0.05259201882664866,-0.6161713952198529,-0.44309720295869154,-0.3791017715619499,-0.16132598641847018,0.27158058345992653,-0.4314480045263743,0.4994968792673442,0.2868331429386747,0.48152257553273414,0.5885189599811764,-0.3130225006191067,0.3707085355019011,0.6109647811389451,0.34991917126623107,0.5870459552829621,0.19471591952430167,-0.4260688553765751,-0.41213568816709106,-0.2672044194402455,-0.5402485198005931,0.22259055236907177,0.49608589161396366,-0.18237533235760572,0.05854681963878572,-0.34719715495587405,0.3053603164014669,0.6227077723235612,-0.14481642658181915,0.07279334671532378,-0.05725461606780391,-0.11754561677732256
neuralNetworkClass 	class coursework.ExampleEvolutionaryAlgorithm
TEMPERATURE 	100000.0
INITIALISATION 	AUGMENTED
SELECTION 	TOURNAMENT
CROSSOVER 	ONE_POINT
MUTATION 	STANDARD
REPLACEMENT 	WORST
ACTIVATION 	TANH
COOLING_RATE 	0.0012
TOURNAMENT_SIZE 	10
maxGene 	0.7
minGene 	-0.7
populationSize 	80
maxEvaluations 	20000
mutateRate 	0.9
mutateChange 	1.5
seed 	1647256607430
random 	java.util.Random@5680a178
numHidden 	8
numGenes 	75
Training Set Training
Fitness 0.13943106304130085