-0.5910776972339018,0.3504762809039772,0.5721350941974113,0.26444010625969716,-0.15679308775887146,0.062192181822513515,0.022582723796279458,0.28186809850560457,-0.6653627766134047,0.3051706597809807,0.059095895034542156,-0.6028047490282756,0.44241898765993426,0.6473316059082055,0.48720895508816087,0.47179501516261424,0.31022003495936623,-0.36874630799808245,0.15198229520933915,-0.13803827561874138,-0.16452717629931524,0.6807623527193738,0.254105425508352,-0.01461164825017347,-0.5498849032013707,-0.4430331741188692,0.5849190449322892,-0.39812999209108324,0.2769882200181245,-0.022845405264115937,-0.48703554621957007,-0.6809458378291551,-0.1524823115138213,-0.4639787243386333,-0.4297736199003227,-0.0990838348643246,-0.13127935071109043,-0.36805715732976907,0.4628767980193458,-0.08609564373102407,-0.3515827642643361,-0.36589062881083595,0.0734580888849693,0.6324646444323088,0.660388546130247,-0.09977263572515849,-0.22123010222480638,-0.5693669176710108,-0.09128008433868351,-0.09858134058094747,0.6052719003533167,-0.463235753004302,0.155618563207908,0.1827021228374197,0.39618401485312615,-0.19375270936949474,0.17627537095318158,0.4824048290563441,-0.014201005567061387,-0.6932767752717383,-0.09734688582566631,0.036723054041290615,0.3242797493182492,0.39257621728667025,0.3973485015462912,0.545714754977283,-0.36337198232070483,0.4128340022382171,-0.3484857134619298,-0.3745651182298544,0.17974008218448856,0.28402061192444517,0.38258312281573814,0.430963546482364,0.06631220759599821
neuralNetworkClass 	class coursework.ExampleEvolutionaryAlgorithm
INITIALISATION 	AUGMENTED
SELECTION 	TOURNAMENT
CROSSOVER 	ONE_POINT
MUTATION 	STANDARD
REPLACEMENT 	WORST
ACTIVATION 	ELU
COOLING_RATE 	0.0011
TEMPERATURE 	100000.0
TOURNAMENT_SIZE 	10
maxGene 	0.7
minGene 	-0.7
populationSize 	80
maxEvaluations 	20000
mutateRate 	1.5
mutateChange 	0.9
seed 	1647255859088
random 	java.util.Random@59f95c5d
numHidden 	8
numGenes 	75
Training Set Training
Fitness 0.13011474282554567