-2.0851086497070033,-0.9431894675946636,6.074576701151204,2.8138134389292513,-3.130966901828639,3.900710451715565,1.3076599951974877,8.29096851333621,-0.3303110405652582,-2.0696421459783108,6.068985582822879,-5.3294463984606315,-1.682602622941313,-2.9912362909401615,-5.421859321512649,-4.937299971472626,-4.058814656317866,3.75089017417006,5.162580557186491,7.857255796289651,-1.1954016181250595,-2.043822161701799,6.905758279429843,-0.3480754039597047,1.3584161528028074,-0.24180197699374717,7.532708331784667,-6.604597628001571,-1.4378332230208044,1.3226737128188035,3.6980686081259635,0.6282202485725156,-2.10676758912641,-1.2235201491231784,0.13507928987255313,-3.5727550689375334,1.0027687488414725,-0.7046477829443564,-6.038597882155162,-0.3232204361440887,-0.43815992466943743,-4.083100831157322,2.318658574657143,2.0999501679874992,3.6691025320138397,-4.121869985666716,-1.7526107203876546,-1.9114444217764843,-4.8369540773432735,2.4030788354995543,2.4676929843752338,3.7678000471959163,3.397236123605481,6.98622176254454,4.248106523240802,-6.775679114706575,1.996178739940698,5.431250943224622,-0.29865674148098964,-4.488335220239912,-6.187645822824407,0.6123874524451968,1.045311607990338,6.326859268645148,-4.848345214106385,-8.073218757988657,-0.24839295735139844,-4.074555070823303,-5.012630455565626,2.8403545428389423,-1.0895307547385435,-6.043025365755413,1.330596497506233,3.157760313118976,-0.7051095688762742
neuralNetworkClass 	class coursework.ExampleEvolutionaryAlgorithm
INITIALISATION 	AUGMENTED
SELECTION 	TOURNAMENT
CROSSOVER 	ONE_POINT
MUTATION 	STANDARD
REPLACEMENT 	WORST
ACTIVATION 	ELU
COOLING_RATE 	0.0011
TEMPERATURE 	100000.0
TOURNAMENT_SIZE 	10
maxGene 	0.7
minGene 	-0.7
populationSize 	80
maxEvaluations 	20000
mutateRate 	1.5
mutateChange 	0.9
seed 	1647255859088
random 	java.util.Random@59f95c5d
numHidden 	8
numGenes 	75
Training Set Training
Fitness 0.01897951091573362