-2.786039191731989,-14.827588684153,-2.168513709447177,-3.356736312151261,5.901892853274143,3.293673769856329,3.8702356294408755,-6.345520597504643,-6.389794420569904,6.357798469150158,-0.5623562406459843,1.4401721312318507,23.403747784630013,-6.929570311045584,16.52661546648868,5.041340410191462,-6.816917855464949,-12.373558417938288,-8.873051721805869,-0.046434161170852306,5.484147080464931,-4.174086901030199,12.38741588227171,-7.098990246221366,-0.6901908709458198,20.364206544040545,3.976520098164368,15.076171777266644,0.8049853774520592,-7.2248772753750234,19.053311212733185,-6.961823799932148,10.152738954869749,3.9879307442342604,10.114086883424804,-6.0721645656812555,16.78067399971883,14.932543388318368,-1.652175169588169,-11.941336145206868,27.875231450564854,-0.09964780040807453,-3.4763652567845122,14.038132800992766,3.488791729643946,-7.3647728345875425,-0.33230684825529444,-11.937675385230975,1.6555448663500236,-4.710070738493892,-5.034943432292875,-23.690238638614204,15.306893470744114,1.8376755751314224,-1.5565740404029995,7.13654967653318,-2.708099997148718,-5.8762936939385835,5.618982773076838,5.939259247840189,6.17227088531269,1.1740130731642715,-5.381324920809801,8.818551201615186,-12.201011747214455,5.637569749385712,13.89292252177321,-19.38561968637216,11.99261474496328,-6.504769610785411,7.271812622924139,-6.346731096246527,-4.209710063249732,-1.9414072847118327,-1.5407230126451008
neuralNetworkClass 	class coursework.ExampleEvolutionaryAlgorithm
TEMPERATURE 	100000.0
INITIALISATION 	AUGMENTED
SELECTION 	TOURNAMENT
CROSSOVER 	ONE_POINT
MUTATION 	STANDARD
REPLACEMENT 	WORST
ACTIVATION 	TANH
COOLING_RATE 	0.0012
TOURNAMENT_SIZE 	10
maxGene 	0.7
minGene 	-0.7
populationSize 	80
maxEvaluations 	20000
mutateRate 	0.9
mutateChange 	1.5
seed 	1647256607430
random 	java.util.Random@5680a178
numHidden 	8
numGenes 	75
Training Set Training
Fitness 0.01062962033917837