0.31512295794162115,11.830231710267084,-2.715250377564578,0.2744375611956772,3.2557639143803945,-2.3453039722086526,7.7832242157990015,-0.4849576364113667,-14.371181113240628,1.1400851666997176,2.2337383599350273,4.926950884752262,2.6467258144861403,-4.6109561152545115,-2.2285633457354876,-2.800984972533701,-1.9639697803627398,1.2621631946883798,-7.102403198750731,-8.692870932862977,3.6618934219539905,-6.344827632527177,6.359102106241835,-2.0285811962520377,3.1999915720095733,8.371963770860665,5.421883818919183,0.6422440759160108,8.79500789969705,1.869127755689127,5.675919143815744,-2.5458715122752373,11.436711684224836,-1.4576194715684392,-3.548141250207793,-7.965697871724069,4.0816308755611574,2.4224193931382407,1.036680246795624,-0.8955256306430978,2.152526023504486,-0.9830007394995669,-6.077076295747773,-0.4241324182889884,0.5583345136557998,1.4900765145357462,-1.3636057397180665,0.5347583224504663,6.129333675537321,2.581826617727841,-5.0402179609697875,7.552477103320339,-0.6707816763823654,8.357597877773726,-4.042671060074778,4.784496699885141,-0.5485969230061294,-1.7557645880514179,-3.7449703821829043,0.21219704042164167,3.0405907918543216,-7.425097366775953,6.141052499855438,-11.664109594925504,4.864506478823078,4.946947911880582,1.507152225604878,-0.6178806123327093,-0.4365049218914503,-2.2762504076016317,2.1938262285153107,-5.964095809369068,0.3327127497000414,-3.138750041150446,-1.4018772793899292
neuralNetworkClass 	class coursework.ExampleEvolutionaryAlgorithm
INITIALISATION 	AUGMENTED
SELECTION 	TOURNAMENT
CROSSOVER 	ONE_POINT
MUTATION 	STANDARD
REPLACEMENT 	WORST
ACTIVATION 	ELU
COOLING_RATE 	0.0011
TEMPERATURE 	100000.0
TOURNAMENT_SIZE 	10
maxGene 	0.7
minGene 	-0.7
populationSize 	80
maxEvaluations 	20000
mutateRate 	1.5
mutateChange 	0.9
seed 	1647255859088
random 	java.util.Random@59f95c5d
numHidden 	8
numGenes 	75
Training Set Training
Fitness 0.023978669768041968