2.3337621385187486,0.6850455245458231,6.091747539534845,-4.782618032834755,5.9004022245314225,-6.564761852586011,-0.21162351175326477,-13.09860059181173,-0.35778106452833813,1.2007786599569652,-5.118079650573437,-6.695187589751485,7.737422425386049,11.139517030432064,-10.734489398207726,0.20889568361961852,4.139148091006034,-0.3758440610887547,-1.3412110902912215,-5.282529153704229,10.29382752919909,-4.398954347970857,5.343787462627088,-4.73856222222179,5.731268202750107,15.02158266016268,-8.587850008358584,-3.3742569107060283,3.7582138776508045,-1.4570688724184055,-6.5498347064009055,-1.4614140175580137,5.655833625811424,-7.223851362098824,-12.949360655689233,-8.787738312441133,-1.2158746313017321,-0.20158958708282781,-3.2180291772817244,0.11365677693392706,1.126244910571057,7.123366022327238,-7.606962481816309,1.4269994599905043,4.068571760907684,-2.03160344610052,7.7744923384692495,11.131698689693277,7.810337038274552,7.160558716808886,3.932811419330959,2.0901946966555847,-0.6530620211943495,8.155235464542187,2.26292710807785,-5.7221557745467715,-0.4239100644700471,-0.20614613034478002,12.02852242504435,-4.869970695484611,6.705752815729228,-6.509604098213526,3.076054865368058,1.1780174272226795,-7.516447534172084,2.0017257487719777,0.11931984385122829,-10.4269706817655,-13.199965448861379,-5.738438760637962,6.835856268559614,1.769651027421499,4.144455581453106,0.22647197969860744,7.514738925378273
neuralNetworkClass 	class coursework.ExampleEvolutionaryAlgorithm
INITIALISATION 	AUGMENTED
SELECTION 	TOURNAMENT
CROSSOVER 	ONE_POINT
MUTATION 	STANDARD
REPLACEMENT 	WORST
ACTIVATION 	ELU
COOLING_RATE 	0.0011
TEMPERATURE 	100000.0
TOURNAMENT_SIZE 	10
maxGene 	0.7
minGene 	-0.7
populationSize 	80
maxEvaluations 	20000
mutateRate 	1.5
mutateChange 	0.9
seed 	1647255859088
random 	java.util.Random@59f95c5d
numHidden 	8
numGenes 	75
Training Set Training
Fitness 0.014238441959500015