0.3891569780192565,0.6529793175903171,0.6911874622643899,0.3814949940502246,-0.46442871034549615,0.5304275794266344,-0.6524477429058703,-0.6564628127851414,-0.23910399713411878,0.48314011279176117,0.623194977894113,0.2732207870622214,0.3409896182877583,0.6920382561975775,0.007083254658745153,-0.4834066791191667,0.003471332620859746,-0.5186345027492386,0.5919901371160772,0.08367029423965844,0.06504130279332576,0.6647411421695852,0.501279324043759,-0.4144877964743879,-0.056122709783439584,0.17823426437977452,0.3790882878449642,-0.2582131936639338,0.28866347771785905,0.463822606035285,0.5676107600031979,-0.2928911987133087,-0.3274495798188042,-0.38397643717414415,-0.3789026116694064,0.6498391072254244,-0.5750549367038842,-0.5184168962101546,-0.22835904249956657,0.006491619989381081,-0.09621140752721868,-0.6204710345532043,-0.5933497849613879,0.20831193732182596,0.3256510776208319,-0.2911009981821937,-0.6640630837612581,-0.51056977728217,-0.2697900350528229,0.1677419354736963,0.2303563979299288,-0.3786402337099407,0.0829454568875797,0.4310819479296226,-0.46825195175519563,-0.6744808483303117,0.29548179041808376,-0.26005614525581916,0.3064792592182599,-0.5005947480403335,0.36190071666320267,-0.6466694133053424,0.6933354378772831,-0.6286988214089301,-0.3635158403717358,0.5890065223760317,0.2311024074439425,0.528489698947151,-0.5791772853170203,0.39212371942963387,-0.10272872048293835,0.05172109567399008,0.4337888788505615,0.5589792585884235,0.42414867729220296
neuralNetworkClass 	class coursework.ExampleEvolutionaryAlgorithm
TEMPERATURE 	100000.0
INITIALISATION 	AUGMENTED
SELECTION 	TOURNAMENT
CROSSOVER 	ONE_POINT
MUTATION 	STANDARD
REPLACEMENT 	WORST
ACTIVATION 	TANH
COOLING_RATE 	0.0012
TOURNAMENT_SIZE 	10
maxGene 	0.7
minGene 	-0.7
populationSize 	80
maxEvaluations 	20000
mutateRate 	0.9
mutateChange 	1.5
seed 	1647256607430
random 	java.util.Random@5680a178
numHidden 	8
numGenes 	75
Training Set Training
Fitness 0.13945738409627267