-4.7740683940873225,0.5866658117441247,0.8248258444165594,-1.4548806314995288,-4.921046729235104,-2.1325762667258594,-1.1544837493560274,5.137436041148464,-2.828001916416854,5.063611115970461,-1.1586731720964334,8.173907989821418,-1.4664272516866923,1.1537289562830102,-1.2484749047580075,4.6540050071483305,-5.732921234449708,6.488178195701894,8.05908642296709,4.016737878217042,-2.135941675604475,-3.798426473913285,0.06893364218319031,5.512015006447465,-0.2679018667931151,4.8392228705204685,-11.461249108450032,-6.818378903123252,-4.434632239996457,-2.59573870611672,-1.2470099399132284,4.949176892052113,-1.050123830470565,4.528606545632202,-1.4179436814464754,-4.988006191407824,4.518772098028556,3.9113338446012125,-1.386224195713711,-2.034957732735748,-0.009993124116814078,-0.14775272570265519,1.5831161013299582,-0.43169370556442554,-3.5705804404604247,0.13635387079359362,0.5587468408849714,-0.08198369160108343,-6.7125438594715705,5.418577198789418,2.132338314293927,1.5721334292061129,2.981543533969494,9.219026654191866,2.489071460111929,-7.7567381836418505,-5.940131850425371,-7.156272579178884,-2.441906793144576,7.026835117821688,-1.2053454731315196,2.111597203159627,3.6364829365307743,-1.490358987212995,0.8516414493840528,-2.0326490779755475,-2.2523560596151735,-6.255446956454964,5.777570943903437,3.8015863339053406,-5.022633470296466,3.116701000284451,-2.994076948654496,6.063816575180426,5.17778148885741
neuralNetworkClass 	class coursework.ExampleEvolutionaryAlgorithm
INITIALISATION 	AUGMENTED
SELECTION 	TOURNAMENT
CROSSOVER 	ONE_POINT
MUTATION 	STANDARD
REPLACEMENT 	WORST
ACTIVATION 	ELU
COOLING_RATE 	0.0011
TEMPERATURE 	100000.0
TOURNAMENT_SIZE 	10
maxGene 	0.7
minGene 	-0.7
populationSize 	80
maxEvaluations 	20000
mutateRate 	1.5
mutateChange 	0.9
seed 	1647255859088
random 	java.util.Random@59f95c5d
numHidden 	8
numGenes 	75
Training Set Training
Fitness 0.017399764398572916