0.15611378464929404,0.11933928097169577,0.38490633603945645,0.3896866165617141,-0.4543146387803706,-0.442681408667475,0.1481667321024408,-0.3942440376640196,0.247244203489565,-0.4719697787251157,0.32223601372651767,0.311398819155285,0.6907594284761649,-0.12000617356488552,-1.6429215347169013E-4,0.12323370495630326,-0.5726248615855197,-0.11030644290472535,-0.45952785467093515,-0.6245411077146308,0.14096190426500854,0.6661594261029542,-0.6226610215413302,-0.5236321281193961,0.5767169746352387,0.08827115620164183,-0.5358997503080327,-0.465891447162066,0.1370851742786281,-0.40818814115212154,0.3460683784663696,0.0014756258349067908,-0.5199577337760783,-0.6589490620006696,-0.25582478823334115,-0.35849279308628745,0.09128832655679331,-0.564623498664152,-0.6273042115791873,0.42475666169895776,0.5667485156905938,0.2958112496361408,-0.1723841646992289,-0.21871153553577188,0.3585821108449556,-0.6264202634569516,-0.40084113017369793,0.5370183073141273,-0.41100543688243757,0.38663186492927015,0.6027561278258327,-0.16410461660688191,0.5207509608037095,-0.12115269809119811,0.5167055686662059,-0.30552898716060556,-0.05102982555136404,-0.0365073387654965,-0.42821350166399363,-0.23829476183232196,0.5793892948730412,0.2068028362328953,0.40770923170856577,0.4353738322531935,-0.2874755386464305,-0.18132025050220024,-0.39524017147170054,-0.5358693112765867,-0.6770666595024153,-0.13464728753713628,0.6237588773644553,-0.22352435319828318,0.615693580253253,0.07967773298791436,-0.3102565694785075
neuralNetworkClass 	class coursework.ExampleEvolutionaryAlgorithm
INITIALISATION 	AUGMENTED
SELECTION 	TOURNAMENT
CROSSOVER 	ONE_POINT
MUTATION 	STANDARD
REPLACEMENT 	WORST
ACTIVATION 	ELU
COOLING_RATE 	0.0011
TEMPERATURE 	100000.0
TOURNAMENT_SIZE 	10
maxGene 	0.7
minGene 	-0.7
populationSize 	80
maxEvaluations 	20000
mutateRate 	1.5
mutateChange 	0.9
seed 	1647255859088
random 	java.util.Random@59f95c5d
numHidden 	8
numGenes 	75
Training Set Training
Fitness 0.14544482756176388