7.212396542722111,3.3518877702160452,3.3427638874901877,15.079295428632783,7.140354654493773,4.85452005550699,-16.176121844166254,6.981364968569832,12.32515647820026,-6.949284999960696,-8.49929591554832,-0.8203873284121226,15.177951802137162,1.6604619748514553,-2.751869448538093,-4.383103896671434,6.127969927841282,-1.05913703943932,8.121003317738733,21.275522463228018,1.3473213782574298,-5.0245730168447444,-5.929759630222454,0.6093026127443117,11.95820327044313,22.838455249142758,10.72721964513968,-11.388702306975539,15.175567082614311,-10.783462182236502,-4.517281386935103,-3.4641176179883804,-18.602579856760276,1.4459839392250942,1.6228377566206795,-6.303901045199254,2.3022604938754547,5.746125941922312,-5.073777465981053,8.916952024208705,-4.700181941779343,-12.686012309417942,4.533618697717058,0.9768217293981949,-0.4956119717027878,-4.758426440706311,-6.165125222681274,-17.520502548956713,0.9670201442049411,-0.18525103897900586,15.883204693404762,2.699698460294904,-0.9281340620189109,0.6688274997092556,7.1976773177630164,-2.4200006205511713,-3.3948874670315483,7.15956033513729,-21.2878815747925,-3.0830172670923908,5.514148980636161,2.80415990002703,15.266219700300368,12.529434830007464,-3.387962594165261,-7.240704182233223,15.426641922886274,5.56058078436535,-5.303771929548466,-4.974034870075316,0.5712070136526046,-3.030715964470426,-2.8419255254300984,3.3356578996934836,5.172238518703658
neuralNetworkClass 	class coursework.ExampleEvolutionaryAlgorithm
TEMPERATURE 	100000.0
INITIALISATION 	AUGMENTED
SELECTION 	TOURNAMENT
CROSSOVER 	ONE_POINT
MUTATION 	STANDARD
REPLACEMENT 	WORST
ACTIVATION 	TANH
COOLING_RATE 	0.0012
TOURNAMENT_SIZE 	10
maxGene 	0.7
minGene 	-0.7
populationSize 	80
maxEvaluations 	20000
mutateRate 	0.9
mutateChange 	1.5
seed 	1647256607430
random 	java.util.Random@5680a178
numHidden 	8
numGenes 	75
Training Set Training
Fitness 0.016574964962480628