-0.43566141299818695,-0.41063842644942505,0.5934498973337001,-0.21033942591230637,-0.22066898929956252,0.13697012837222344,0.22236115281016733,0.04867048362827542,-0.012066628081733977,0.16041243341565226,0.6006320709908952,-0.5087462319595119,-0.6754921193606442,0.1435429785462713,-0.11885311470677462,0.5043982027249914,0.11358854973766952,0.028596147401021565,0.5647299453413657,0.43744201378070646,-0.6544471268283167,-0.6305569359913924,-0.5709486104724022,-0.06116537897113361,0.5665312266301878,0.40081525658392914,-0.6436578488011747,-0.15861855548009396,-0.0013872314578007305,0.2186040941275802,0.18256581939849237,-0.38336785537183593,0.6690503099694436,0.3290803977858241,-0.38333792642816794,-0.4427592798672491,0.5999207809582148,-0.3214073434084077,-0.17194721971535176,-0.5237681657639588,0.5904731150058806,-0.3938493308778266,0.25127535344364715,-0.42277791517737,0.3822540421511462,0.4101671580962103,0.46943128472783635,-0.30742902042899983,0.1885180404956065,0.2242126955177588,0.15124625499529343,-0.6708689276114674,-0.49007391558465685,0.414814283231173,0.5068048263124698,-0.6672222630375146,-0.15035311605009316,0.48284753415979464,0.4821042679155434,0.4375938970085864,0.4599703163776194,-0.2520637942974921,-0.6329476741051573,0.40663906892536006,0.3282751818044265,0.5758326383084198,-0.6699210280478224,-0.27027040274360714,0.21444509647527854,-0.27135186752373897,-0.3940305193305453,-0.08156910156852293,0.40993010136220875,0.2702777512680823,0.07575160671468684
neuralNetworkClass 	class coursework.ExampleEvolutionaryAlgorithm
INITIALISATION 	AUGMENTED
SELECTION 	TOURNAMENT
CROSSOVER 	ONE_POINT
MUTATION 	STANDARD
REPLACEMENT 	WORST
ACTIVATION 	ELU
COOLING_RATE 	0.0011
TEMPERATURE 	100000.0
TOURNAMENT_SIZE 	10
maxGene 	0.7
minGene 	-0.7
populationSize 	80
maxEvaluations 	20000
mutateRate 	1.5
mutateChange 	0.9
seed 	1647255859088
random 	java.util.Random@59f95c5d
numHidden 	8
numGenes 	75
Training Set Training
Fitness 0.13943550302279178