-0.5707690008023795,-0.07067671005144527,0.30938266922612123,-0.06511257742675614,0.69503465441872,-0.2131741352410499,-0.3078607003510348,-0.17688371364471533,0.32237481360037634,-0.176117927469004,0.6496852421885262,-0.07940979158210226,-0.6064456558743011,-0.44726165601754037,-0.2188076842080146,0.6140960141014842,0.34797517061690986,-0.04332683413550187,0.2488799997755542,-0.49901543216047084,-0.6181569652413601,-0.6637420723321443,-0.3790263396800607,0.6271356519172937,-0.38728572093638275,0.3490539530227137,-0.38171271957576497,0.6624911979383117,-0.3969059470460518,-0.09274169802890286,-0.259232945731161,0.45103215232835026,0.004466277123790774,0.4308316124982412,-0.4460226550653657,0.5016810522099893,0.2297673436379739,-0.5690261247920072,-0.561510029639491,-0.015378146427818429,-0.010914876697312725,-0.4469368618792957,-0.5590245928082385,-0.43625472700572415,-0.1579126774482753,-0.3449264954445903,-0.08327570027824538,0.6626457939375676,-0.6845055924147899,-0.3755115598484286,-0.13047542780501065,-0.29057643694805435,-0.4192279577501353,0.2127688455607576,-0.5758407941065119,0.16226634025030173,0.37454190310355084,-0.6831983044985296,-0.47466995533910983,0.24477956976810344,-0.5398355963894087,0.5344042054923095,-0.21484226634677045,-0.2572294017359777,-0.6691550707252011,-0.4281491790837957,-0.4024946216082652,0.5332322847354489,0.2717921880334977,0.20767436440136622,-0.11161715461254418,0.2633695479868743,0.3309351833453309,0.40681458766139245,-0.18483003058538194
neuralNetworkClass 	class coursework.ExampleEvolutionaryAlgorithm
INITIALISATION 	AUGMENTED
SELECTION 	TOURNAMENT
CROSSOVER 	ONE_POINT
MUTATION 	STANDARD
REPLACEMENT 	WORST
ACTIVATION 	ELU
COOLING_RATE 	0.0011
TEMPERATURE 	100000.0
TOURNAMENT_SIZE 	10
maxGene 	0.7
minGene 	-0.7
populationSize 	80
maxEvaluations 	20000
mutateRate 	1.5
mutateChange 	0.9
seed 	1647255859088
random 	java.util.Random@59f95c5d
numHidden 	8
numGenes 	75
Training Set Training
Fitness 0.16299550353037642