-0.5610383541547722,-0.6716573175652967,-0.3555729128221506,0.41720111188264397,-0.22430222891706253,0.1878756923828523,0.3780755062010186,-0.5054888299343806,0.5688023256724819,0.6359884989692361,0.3532506799712538,-0.07243215220197952,-0.29028573302442895,-0.2042740323078326,0.43209210880022364,0.009887762389397037,0.3259662075718348,0.22461946349463113,0.1624648883816917,-0.14143283446901111,0.3232312153144965,0.5809185751591879,0.0407199387343361,-0.39851093821087147,0.6840505477549894,0.31598372097860805,0.423587473412286,0.009253719992570186,-0.6647294944115112,-0.26940538003781755,0.056389405914674784,-0.6291012763769681,-0.12557361673833212,0.5837280426889853,-0.16467615033862537,-0.08168239258449672,0.01780921899887189,0.3645989944034198,0.13929686673167985,-0.652721794272571,0.4246194128645404,-0.12659138920032809,-0.45100381116003885,0.12496672756772564,-0.5594148880875576,0.6357700491436831,0.6748334354980885,0.4625365078191437,0.13331939619080868,0.6900716625840142,0.3552107885478206,0.46140469328569966,0.5978367087584149,0.36974787258639696,-0.39652429927622596,0.28566698349368214,0.5992923071631735,0.13190202540688212,0.4484613634336967,0.36016398389220683,-0.6383884232508397,0.20720401029598579,0.11079134241961486,0.34474668609852044,0.3637851657152442,-0.5920387172968998,0.6245902179683629,0.528059317131566,0.019857013463420725,-0.6479055787306257,0.6417593013840619,-0.3950078419083498,-0.36043913015615536,0.698902022293773,0.30321949374529744
neuralNetworkClass 	class coursework.ExampleEvolutionaryAlgorithm
INITIALISATION 	AUGMENTED
SELECTION 	TOURNAMENT
CROSSOVER 	ONE_POINT
MUTATION 	STANDARD
REPLACEMENT 	WORST
ACTIVATION 	ELU
COOLING_RATE 	0.0011
TEMPERATURE 	100000.0
TOURNAMENT_SIZE 	10
maxGene 	0.7
minGene 	-0.7
populationSize 	80
maxEvaluations 	20000
mutateRate 	1.5
mutateChange 	0.9
seed 	1647255859088
random 	java.util.Random@59f95c5d
numHidden 	8
numGenes 	75
Training Set Training
Fitness 0.13485298799211867